2 0.11470000000000001 0.6527 0.04 0.044000000000000004
2 0.2027 0.588 0.0507 0.0507
2 0.2047 0.6747 0.06 0.0507
2 0.138 0.6853 0.0547 0.048
2 0.042699999999999995 0.802 0.0453 0.0493
2 0.0393 0.95 0.044000000000000004 0.041299999999999996
2 0.0613 0.9033 0.0613 0.044000000000000004
2 0.0613 0.8653 0.042699999999999995 0.042699999999999995
2 0.2973 0.7667 0.042699999999999995 0.0533
2 0.33 0.8673000000000001 0.076 0.0467
2 0.6587000000000001 0.7973 0.07200000000000001 0.07200000000000001
2 0.6513 0.892 0.052000000000000005 0.064