2 0.11470000000000001 0.6527 0.04 0.04400000000000006
2 0.2027 0.588 0.0507 0.05069999999999993
2 0.2047 0.6747 0.06 0.05069999999999993
2 0.138 0.6853 0.05469999999999999 0.04800000000000011
2 0.042699999999999995 0.802 0.045300000000000014 0.049300000000000066
2 0.03930000000000001 0.95 0.044000000000000004 0.041299999999999955
2 0.0613 0.9033 0.06130000000000001 0.04400000000000006
2 0.06130000000000001 0.8653 0.0427 0.0427000000000001
2 0.2973 0.7667 0.04270000000000003 0.053300000000000125
2 0.33 0.8673000000000001 0.07599999999999998 0.046699999999999874
2 0.6587000000000001 0.7973 0.07199999999999995 0.07199999999999988
2 0.6513 0.892 0.051999999999999956 0.06400000000000006