2 0.9534999999999999 0.245 0.09300000000000011 0.09
2 0.8595 0.40950000000000003 0.07699999999999989 0.09900000000000006
2 0.927 0.3275 0.06599999999999995 0.065
2 0.9775 0.39149999999999996 0.045 0.05099999999999994
2 0.6255 0.4685 0.09099999999999994 0.08900000000000005
2 0.9325 0.8935 0.10099999999999994 0.11900000000000005
2 0.9329999999999999 0.5925 0.10599999999999994 0.10099999999999994
2 0.8375 0.6140000000000001 0.10099999999999994 0.11000000000000007
2 0.5720000000000001 0.6915 0.11 0.10900000000000006
2 0.667 0.7675 0.08199999999999996 0.07900000000000006
2 0.8270000000000001 0.6775 0.07599999999999994 0.075
2 0.7015 0.7055 0.17900000000000005 0.105