2 0.9534999999999999 0.245 0.09300000000000001 0.09
2 0.8595 0.40950000000000003 0.077 0.099
2 0.927 0.3275 0.066 0.065
2 0.9775 0.39149999999999996 0.045 0.051
2 0.6255 0.4685 0.091 0.08900000000000001
2 0.9325 0.8935 0.10099999999999999 0.11900000000000001
2 0.9329999999999999 0.5925 0.106 0.10099999999999999
2 0.8375 0.614 0.10099999999999999 0.11
2 0.5720000000000001 0.6915 0.11 0.109
2 0.667 0.7675 0.08199999999999999 0.079
2 0.8270000000000001 0.6775 0.076 0.075
2 0.7015 0.7055 0.179 0.105