2 0.0285 0.3525 0.057 0.087
2 0.063 0.226 0.066 0.07200000000000001
2 0.1365 0.22 0.079 0.076
2 0.159 0.107 0.042 0.042
2 0.261 0.024 0.07 0.048
2 0.314 0.039 0.064 0.066
2 0.39299999999999996 0.4 0.07 0.07400000000000001
2 0.1185 0.6609999999999999 0.079 0.106
2 0.23600000000000002 0.7759999999999999 0.084 0.078
2 0.3165 0.7025 0.09300000000000001 0.081
2 0.6154999999999999 0.418 0.073 0.08
2 0.4885 0.3835 0.073 0.069
2 0.5255 0.33 0.067 0.076
2 0.5954999999999999 0.275 0.085 0.086
2 0.7395 0.17350000000000002 0.087 0.08900000000000001
2 0.9059999999999999 0.163 0.09 0.1
2 0.9634999999999999 0.0855 0.055 0.071