2 0.0285 0.3525 0.057 0.08700000000000002
2 0.063 0.226 0.066 0.07200000000000002
2 0.1365 0.22 0.07900000000000001 0.07600000000000001
2 0.159 0.107 0.041999999999999996 0.041999999999999996
2 0.261 0.024 0.07 0.048
2 0.314 0.03899999999999999 0.06400000000000002 0.066
2 0.39299999999999996 0.4 0.07 0.07400000000000005
2 0.1185 0.6609999999999999 0.07900000000000001 0.10599999999999994
2 0.23600000000000002 0.7759999999999999 0.08399999999999999 0.07800000000000011
2 0.3165 0.7025 0.09299999999999997 0.08099999999999995
2 0.6154999999999999 0.418 0.07300000000000004 0.08
2 0.4885 0.3835 0.07299999999999997 0.06900000000000006
2 0.5255 0.33 0.06700000000000003 0.07599999999999998
2 0.5954999999999999 0.275 0.085 0.08600000000000002
2 0.7395 0.17350000000000002 0.08699999999999988 0.08899999999999998
2 0.9059999999999999 0.163 0.09 0.1
2 0.9634999999999999 0.0855 0.055 0.07100000000000001