2 0.08 0.14 0.0933 0.0667
2 0.018000000000000002 0.18600000000000003 0.036000000000000004 0.068
2 0.17329999999999998 0.1267 0.0453 0.029300000000000003
2 0.14 0.05 0.0747 0.068
2 0.3567 0.1487 0.08929999999999999 0.0707
2 0.3987 0.266 0.055999999999999994 0.0547
2 0.3267 0.29600000000000004 0.0587 0.0453
2 0.24670000000000003 0.314 0.07730000000000001 0.044000000000000004
2 0.27399999999999997 0.2907 0.068 0.026699999999999998
2 0.3173 0.25730000000000003 0.0507 0.0453
2 0.34600000000000003 0.2373 0.06 0.042699999999999995
2 0.3933 0.214 0.0533 0.0493
2 0.434 0.2327 0.0547 0.0467
2 0.48729999999999996 0.5313 0.0787 0.057300000000000004
2 0.6687000000000001 0.4047 0.1027 0.076
2 0.7387 0.29600000000000004 0.0613 0.055999999999999994
2 0.9420000000000001 0.17329999999999998 0.1133 0.08
2 0.6113000000000001 0.062 0.06269999999999999 0.0493
2 0.7033 0.027999999999999997 0.068 0.0347
2 0.7067 0.012 0.0453 0.024