2 0.08 0.14 0.09329999999999998 0.06670000000000002
2 0.018000000000000002 0.18600000000000003 0.036000000000000004 0.06799999999999999
2 0.17329999999999998 0.1267 0.045300000000000014 0.029299999999999996
2 0.14 0.05 0.07469999999999999 0.068
2 0.3567 0.1487 0.08930000000000003 0.07070000000000003
2 0.3987 0.266 0.055999999999999946 0.05469999999999999
2 0.3267 0.29600000000000004 0.05870000000000001 0.045300000000000014
2 0.24670000000000003 0.314 0.07730000000000004 0.04400000000000002
2 0.27399999999999997 0.2907 0.06799999999999998 0.026700000000000015
2 0.3173 0.25730000000000003 0.0507 0.045300000000000014
2 0.34600000000000003 0.2373 0.06 0.04270000000000003
2 0.3933 0.214 0.053299999999999986 0.0493
2 0.434 0.2327 0.05469999999999999 0.04670000000000002
2 0.48729999999999996 0.5313 0.07870000000000005 0.05730000000000004
2 0.6687000000000001 0.4047 0.10270000000000003 0.07599999999999994
2 0.7387 0.29600000000000004 0.06129999999999995 0.05599999999999998
2 0.9420000000000001 0.17329999999999998 0.11330000000000012 0.08
2 0.6113000000000001 0.06199999999999999 0.06269999999999996 0.04929999999999999
2 0.7033 0.027999999999999997 0.06800000000000012 0.03470000000000001
2 0.7067 0.012 0.045300000000000014 0.024