2 0.11869999999999999 0.3933 0.09599999999999997 0.10670000000000002
2 0.23329999999999998 0.402 0.11200000000000003 0.07599999999999994
2 0.3493 0.3967 0.08 0.07870000000000005
2 0.226 0.51 0.11329999999999998 0.07870000000000005
2 0.228 0.45799999999999996 0.09600000000000002 0.05469999999999999
2 0.6647 0.434 0.11599999999999994 0.09730000000000004
2 0.8 0.62 0.1627000000000001 0.12270000000000003
2 0.34600000000000003 0.65 0.1533 0.11870000000000004
2 0.24 0.682 0.1307 0.1053
2 0.0967 0.9153 0.1613 0.11069999999999994
2 0.045 0.97 0.09 0.06