2 0.4525 0.40700000000000003 0.107 0.11
2 0.7495 0.4155 0.113 0.133
2 0.626 0.13849999999999998 0.124 0.11900000000000001
2 0.34 0.41200000000000003 0.04 0.07400000000000001
2 0.3 0.5920000000000001 0.146 0.10800000000000001
2 0.436 0.7190000000000001 0.154 0.166
2 0.11800000000000001 0.9309999999999999 0.084 0.12
2 0.2455 0.971 0.16899999999999998 0.057999999999999996
2 0.696 0.8320000000000001 0.15 0.16
2 0.843 0.7095 0.16399999999999998 0.145
2 0.98 0.7705 0.04 0.109
2 0.9734999999999999 0.924 0.053 0.10400000000000001