2 0.4525 0.40700000000000003 0.10700000000000003 0.11
2 0.7495 0.4155 0.11300000000000011 0.13299999999999998
2 0.6259999999999999 0.13849999999999998 0.12399999999999999 0.11900000000000002
2 0.34 0.41200000000000003 0.04 0.07400000000000005
2 0.3 0.5920000000000001 0.146 0.10800000000000004
2 0.436 0.7190000000000001 0.15400000000000005 0.16599999999999995
2 0.11800000000000001 0.9309999999999999 0.08399999999999999 0.12
2 0.2455 0.971 0.16899999999999998 0.058000000000000114
2 0.696 0.8320000000000001 0.15 0.16
2 0.843 0.7095 0.16400000000000006 0.145
2 0.98 0.7705 0.04 0.10900000000000006
2 0.9734999999999999 0.924 0.053000000000000116 0.10400000000000005