2 0.05 0.025 0.1 0.05
2 0.2987 0.19 0.16270000000000004 0.148
2 0.46869999999999995 0.282 0.1453 0.12669999999999998
2 0.6067 0.2867 0.16800000000000004 0.1653
2 0.664 0.46 0.19199999999999995 0.15469999999999998
2 0.8640000000000001 0.4047 0.17599999999999993 0.15599999999999994
2 0.884 0.648 0.16800000000000012 0.12
2 0.965 0.6 0.07 0.1
2 0.314 0.6847 0.1747 0.1347
2 0.6006999999999999 0.87 0.15869999999999998 0.15069999999999995
2 0.792 0.7893000000000001 0.17069999999999994 0.17069999999999994
2 0.96 0.825 0.08 0.15
2 0.7759999999999999 0.9640000000000001 0.14129999999999995 0.07199999999999988