2 0.052000000000000005 0.029300000000000003 0.10400000000000001 0.0587
2 0.2987 0.19 0.16269999999999998 0.14800000000000002
2 0.46869999999999995 0.282 0.14529999999999998 0.1267
2 0.6067 0.2867 0.168 0.1653
2 0.664 0.46 0.192 0.1547
2 0.8640000000000001 0.4047 0.17600000000000002 0.156
2 0.884 0.648 0.168 0.12
2 0.9687 0.6073 0.06269999999999999 0.1
2 0.314 0.6847 0.1747 0.13470000000000001
2 0.6007 0.87 0.15869999999999998 0.1507
2 0.792 0.7893000000000001 0.1707 0.1707
2 0.9627 0.8320000000000001 0.0747 0.1467
2 0.7759999999999999 0.9640000000000001 0.1413 0.07200000000000001