2 0.105 0.261 0.11600000000000002 0.09600000000000002
2 0.3605 0.27399999999999997 0.09299999999999997 0.11200000000000003
2 0.6165 0.07 0.15100000000000002 0.14
2 0.23799999999999996 0.029500000000000002 0.23999999999999996 0.059000000000000004
2 0.5035000000000001 0.4355 0.13099999999999995 0.12900000000000006
2 0.963 0.147 0.07400000000000005 0.12199999999999997
2 0.894 0.539 0.18199999999999988 0.19200000000000003
2 0.8909999999999999 0.7865000000000001 0.2180000000000001 0.205
2 0.4885 0.672 0.165 0.18199999999999997
2 0.2905 0.574 0.149 0.154
2 0.102 0.444 0.11800000000000002 0.14
2 0.0725 0.8270000000000001 0.107 0.1280000000000001
2 0.21050000000000002 0.8895000000000001 0.155 0.11900000000000005
2 0.5685 0.9455 0.14299999999999996 0.10900000000000006
2 0.0565 0.9740000000000001 0.105 0.05199999999999989
2 0.035 0.8955 0.07 0.125