2 0.105 0.261 0.11599999999999999 0.096
2 0.3605 0.27399999999999997 0.09300000000000001 0.11199999999999999
2 0.6164999999999999 0.07 0.151 0.14
2 0.23800000000000002 0.029500000000000002 0.24 0.059000000000000004
2 0.5035000000000001 0.4355 0.131 0.129
2 0.963 0.147 0.07400000000000001 0.122
2 0.894 0.539 0.182 0.192
2 0.8909999999999999 0.7865000000000001 0.218 0.205
2 0.4885 0.672 0.165 0.182
2 0.2905 0.574 0.149 0.154
2 0.102 0.444 0.11800000000000001 0.14
2 0.0725 0.8270000000000001 0.107 0.128
2 0.21050000000000002 0.8895000000000001 0.155 0.11900000000000001
2 0.5685 0.9455 0.14300000000000002 0.109
2 0.0565 0.9740000000000001 0.105 0.052000000000000005
2 0.035 0.8955 0.07 0.125