2 0.035 0.145 0.07 0.13
2 0.462 0.3907 0.16400000000000006 0.17070000000000005
2 0.49670000000000003 0.5447 0.16930000000000006 0.15870000000000004
2 0.4533 0.6933 0.15200000000000002 0.14669999999999994
2 0.564 0.718 0.13870000000000005 0.1453
2 0.758 0.728 0.15330000000000013 0.15199999999999989
2 0.915 0.585 0.17 0.21
2 0.6753 0.102 0.1667000000000001 0.14
2 0.4727 0.1167 0.1453 0.132
2 0.425 0.04 0.15 0.08
2 0.5647 0.8867 0.15870000000000004 0.1972999999999999
2 0.7247 0.9632999999999999 0.16129999999999994 0.07330000000000013
2 0.3627 0.902 0.18129999999999996 0.15599999999999994
2 0.23399999999999999 0.9373 0.14269999999999997 0.12530000000000002