2 0.0353 0.1493 0.0707 0.1253
2 0.462 0.3907 0.16399999999999998 0.1707
2 0.49670000000000003 0.5447 0.1693 0.15869999999999998
2 0.4533 0.6933 0.152 0.1467
2 0.564 0.718 0.1387 0.14529999999999998
2 0.758 0.728 0.1533 0.152
2 0.9187000000000001 0.59 0.16269999999999998 0.2173
2 0.6753 0.102 0.16670000000000001 0.14
2 0.4727 0.1167 0.14529999999999998 0.132
2 0.43 0.0433 0.156 0.0867
2 0.5647 0.8867 0.15869999999999998 0.1973
2 0.7247 0.9632999999999999 0.1613 0.0733
2 0.3627 0.902 0.1813 0.156
2 0.23399999999999999 0.9373 0.1427 0.1253