2 0.38 0.1967 0.14129999999999998 0.1747
2 0.578 0.29200000000000004 0.16930000000000006 0.20000000000000004
2 0.758 0.4707 0.16669999999999988 0.20799999999999996
2 0.8673000000000001 0.578 0.19069999999999993 0.20669999999999994
2 0.3547 0.65 0.14670000000000002 0.19870000000000004
2 0.6339999999999999 0.9412999999999999 0.22529999999999994 0.1172999999999999
2 0.07 0.03 0.14 0.06
2 0.165 0.06 0.15 0.12
2 0.3527 0.03470000000000001 0.11870000000000001 0.0693
2 0.555 0.03 0.15 0.06
2 0.9593 0.19399999999999998 0.08129999999999996 0.1453