1 0.611 0.6934999999999999 0.066 0.059000000000000004
1 0.722 0.7234999999999999 0.07 0.055
1 0.741 0.6465000000000001 0.05 0.043
1 0.9115000000000001 0.6605 0.061 0.053
1 0.9315000000000001 0.7120000000000001 0.077 0.052000000000000005
1 0.7895 0.6395000000000001 0.045 0.057
1 0.8865000000000001 0.535 0.071 0.06
1 0.9520000000000001 0.5355 0.057999999999999996 0.069
1 0.973 0.649 0.054000000000000006 0.078
1 0.935 0.8225 0.054000000000000006 0.051
1 0.835 0.8165 0.08199999999999999 0.081
1 0.7155 0.8115000000000001 0.065 0.071
1 0.6585 0.8175 0.055 0.059000000000000004
1 0.662 0.9059999999999999 0.044000000000000004 0.052000000000000005
1 0.5725 0.8815000000000001 0.055 0.063
1 0.5195000000000001 0.8905 0.051 0.053
1 0.4365 0.9325 0.065 0.067
1 0.449 0.878 0.05 0.042
1 0.5539999999999999 0.7635 0.07200000000000001 0.069
1 0.51 0.7215 0.06 0.051
1 0.48200000000000004 0.767 0.052000000000000005 0.046
1 0.4365 0.8095 0.049 0.059000000000000004
1 0.37 0.828 0.05 0.055999999999999994
1 0.41 0.787 0.07 0.07200000000000001
1 0.34850000000000003 0.9765 0.083 0.047
1 0.375 0.941 0.064 0.052000000000000005
1 0.2365 0.9470000000000001 0.073 0.052000000000000005
1 0.1555 0.9790000000000001 0.073 0.042
1 0.4335 0.986 0.075 0.027999999999999997
1 0.6759999999999999 0.9795 0.046 0.040999999999999995
1 0.7505 0.96 0.063 0.07400000000000001
1 0.7979999999999999 0.922 0.064 0.055999999999999994
1 0.8895000000000001 0.9640000000000001 0.039 0.054000000000000006
1 0.9155 0.9390000000000001 0.037000000000000005 0.036000000000000004
1 0.9335 0.9854999999999999 0.045 0.028999999999999998
1 0.9584999999999999 0.9590000000000001 0.055 0.054000000000000006