1 0.61 0.695 0.065 0.06
1 0.72 0.725 0.07 0.055
1 0.74 0.645 0.05 0.045
1 0.91 0.66 0.06 0.055
1 0.93 0.71 0.075 0.05
1 0.79 0.64 0.045 0.055
1 0.885 0.535 0.07 0.06
1 0.95 0.535 0.06 0.07
1 0.97 0.65 0.06 0.08
1 0.935 0.82 0.055 0.05
1 0.835 0.815 0.08 0.08
1 0.715 0.81 0.065 0.07
1 0.66 0.82 0.055 0.06
1 0.66 0.905 0.045 0.05
1 0.57 0.88 0.055 0.065
1 0.52 0.89 0.05 0.055
1 0.435 0.93 0.065 0.065
1 0.45 0.88 0.05 0.04
1 0.555 0.765 0.07 0.07
1 0.51 0.72 0.06 0.05
1 0.48 0.765 0.05 0.045
1 0.435 0.81 0.05 0.06
1 0.37 0.83 0.05 0.055
1 0.41 0.785 0.07 0.07
1 0.35 0.975 0.085 0.045
1 0.375 0.94 0.065 0.05
1 0.235 0.945 0.075 0.05
1 0.155 0.98 0.075 0.04
1 0.435 0.985 0.075 0.03
1 0.675 0.98 0.045 0.04
1 0.75 0.96 0.065 0.075
1 0.8 0.92 0.065 0.055
1 0.89 0.965 0.04 0.055
1 0.915 0.94 0.035 0.035
1 0.935 0.985 0.045 0.03
1 0.96 0.96 0.055 0.055