1 0.0345 0.5515 0.047000000000000014 0.05299999999999997
1 0.0255 0.693 0.051 0.058000000000000114
1 0.057 0.67 0.044000000000000004 0.05199999999999989
1 0.044500000000000005 0.6164999999999999 0.040999999999999995 0.04899999999999999
1 0.132 0.664 0.05 0.06199999999999996
1 0.165 0.569 0.03600000000000001 0.05
1 0.11900000000000001 0.599 0.06 0.06
1 0.1155 0.544 0.04699999999999999 0.04
1 0.20550000000000002 0.4775 0.06700000000000003 0.04700000000000003
1 0.2595 0.451 0.045 0.054000000000000055
1 0.3025 0.5005 0.06099999999999998 0.065
1 0.35100000000000003 0.456 0.06 0.04799999999999997
1 0.374 0.489 0.04 0.04200000000000003
1 0.414 0.461 0.05 0.052000000000000025
1 0.45049999999999996 0.4275 0.04700000000000003 0.040999999999999946
1 0.406 0.5660000000000001 0.04799999999999997 0.03599999999999994
1 0.4355 0.5275 0.04900000000000006 0.04900000000000006
1 0.4595 0.508 0.04299999999999997 0.04400000000000006
1 0.49700000000000005 0.47100000000000003 0.04200000000000003 0.04
1 0.302 0.5815 0.04600000000000001 0.04299999999999997
1 0.2645 0.598 0.04700000000000003 0.04200000000000003
1 0.311 0.6385 0.05599999999999998 0.04899999999999999
1 0.327 0.6035 0.06 0.05299999999999997
1 0.4285 0.638 0.06299999999999997 0.04800000000000004
1 0.48450000000000004 0.6095 0.04700000000000003 0.065
1 0.5775 0.5615 0.07099999999999994 0.05700000000000003
1 0.6555 0.494 0.055 0.052000000000000025
1 0.716 0.5275 0.058000000000000114 0.05099999999999994
1 0.784 0.4825 0.08400000000000006 0.09099999999999994
1 0.8615 0.4885 0.05099999999999994 0.06099999999999994
1 0.8634999999999999 0.4375 0.043000000000000115 0.020999999999999942
1 0.9105 0.5535 0.053000000000000116 0.04700000000000003
1 0.9445 0.5920000000000001 0.04699999999999989 0.06
1 0.9595 0.531 0.055 0.054000000000000055
1 0.988 0.569 0.024000000000000056 0.045999999999999944
1 0.8675 0.6965 0.05099999999999994 0.055
1 0.9590000000000001 0.6845 0.055999999999999946 0.05900000000000006
1 0.9265000000000001 0.7284999999999999 0.029000000000000057 0.030999999999999944
1 0.982 0.7635 0.03599999999999994 0.06900000000000006
1 0.746 0.606 0.04400000000000006 0.055999999999999946
1 0.6735 0.6225 0.045 0.040999999999999946
1 0.6925 0.581 0.045 0.04400000000000006
1 0.54 0.6164999999999999 0.03799999999999997 0.039000000000000055
1 0.547 0.675 0.03400000000000006 0.03599999999999994
1 0.5745 0.6459999999999999 0.040999999999999946 0.04800000000000004
1 0.602 0.618 0.03400000000000006 0.03
1 0.0935 0.7465 0.049000000000000016 0.05099999999999994
1 0.0355 0.7979999999999999 0.047000000000000014 0.05
1 0.171 0.737 0.05799999999999999 0.04400000000000006
1 0.11800000000000001 0.8334999999999999 0.041999999999999996 0.040999999999999946
1 0.0765 0.877 0.060999999999999985 0.054000000000000055
1 0.0415 0.9165000000000001 0.053000000000000005 0.06099999999999994
1 0.22 0.8325 0.06600000000000002 0.04900000000000006
1 0.29100000000000004 0.8170000000000001 0.03600000000000001 0.03800000000000012
1 0.2595 0.7555 0.06100000000000001 0.06900000000000006
1 0.325 0.7045 0.04599999999999998 0.04699999999999989
1 0.3735 0.6890000000000001 0.06700000000000003 0.07400000000000005
1 0.4275 0.721 0.04700000000000003 0.03599999999999994
1 0.451 0.73 0.03599999999999994 0.058000000000000114
1 0.4825 0.706 0.037000000000000026 0.03800000000000012
1 0.517 0.6795 0.04200000000000003 0.056999999999999884
1 0.6875 0.6859999999999999 0.053000000000000116 0.04400000000000006
1 0.7390000000000001 0.7575 0.041999999999999885 0.04699999999999989
1 0.654 0.763 0.04 0.04400000000000006
1 0.6775 0.7315 0.035 0.03699999999999989
1 0.6214999999999999 0.7195 0.04700000000000003 0.040999999999999946
1 0.6239999999999999 0.6805 0.043999999999999984 0.043000000000000115
1 0.8825 0.8215 0.05099999999999994 0.05099999999999994
1 0.9259999999999999 0.8375 0.05199999999999989 0.055
1 0.6809999999999999 0.8645 0.04800000000000011 0.040999999999999946
1 0.6355 0.8985 0.030999999999999944 0.06099999999999994
1 0.6615000000000001 0.9575 0.043000000000000115 0.043000000000000115
1 0.499 0.8665 0.03 0.039000000000000055
1 0.4165 0.8340000000000001 0.04700000000000003 0.03800000000000012
1 0.3765 0.8654999999999999 0.040999999999999946 0.043000000000000115
1 0.3105 0.861 0.04899999999999999 0.04
1 0.2925 0.9804999999999999 0.055 0.035
1 0.3145 0.94 0.03300000000000001 0.045999999999999944
1 0.35700000000000004 0.9634999999999999 0.055999999999999946 0.043000000000000115
1 0.1975 0.9834999999999999 0.035 0.029000000000000057
1 0.2325 0.9715 0.045 0.053000000000000116
1 0.2335 0.9209999999999999 0.037000000000000026 0.045999999999999944
1 0.1925 0.9185 0.04899999999999999 0.04699999999999989
1 0.106 0.97 0.06 0.06
1 0.048499999999999995 0.9875 0.025 0.023000000000000114
1 0.165 0.977 0.043999999999999984 0.045999999999999944
1 0.4105 0.8875 0.039000000000000055 0.040999999999999946
1 0.43700000000000006 0.9195 0.052000000000000025 0.06099999999999994
1 0.48 0.946 0.03400000000000006 0.041999999999999885
1 0.5225 0.9570000000000001 0.04900000000000006 0.03800000000000012
1 0.527 0.9195 0.04 0.043000000000000115
1 0.5105 0.8315 0.039000000000000055 0.03699999999999989
1 0.542 0.831 0.03799999999999997 0.04400000000000006
1 0.5085000000000001 0.794 0.040999999999999946 0.041999999999999885
1 0.506 0.768 0.05799999999999997 0.05
1 0.5355 0.7354999999999999 0.05299999999999997 0.04699999999999989
1 0.5855 0.8634999999999999 0.05099999999999994 0.039000000000000055
1 0.6145 0.835 0.06900000000000006 0.045999999999999944
1 0.8320000000000001 0.9804999999999999 0.05 0.039000000000000055
1 0.9445 0.98 0.06699999999999989 0.04
1 0.9420000000000001 0.887 0.041999999999999885 0.04
1 0.782 0.9625 0.055999999999999946 0.039000000000000055
1 0.78 0.929 0.055999999999999946 0.03599999999999994
1 0.7795000000000001 0.8885 0.056999999999999884 0.04699999999999989
1 0.8045 0.8534999999999999 0.055 0.045
1 0.8079999999999999 0.812 0.054000000000000055 0.045999999999999944
1 0.9605 0.94 0.05099999999999994 0.03599999999999994
1 0.9815 0.9115000000000001 0.03699999999999989 0.03699999999999989