1 0.035 0.55 0.045 0.055
1 0.025 0.695 0.05 0.06
1 0.055 0.67 0.045 0.05
1 0.045 0.615 0.04 0.05
1 0.13 0.665 0.05 0.06
1 0.165 0.57 0.035 0.05
1 0.12 0.6 0.06 0.06
1 0.115 0.545 0.045 0.04
1 0.205 0.48 0.065 0.045
1 0.26 0.45 0.045 0.055
1 0.3 0.5 0.06 0.065
1 0.35 0.455 0.06 0.05
1 0.375 0.49 0.04 0.04
1 0.415 0.46 0.05 0.05
1 0.45 0.43 0.045 0.04
1 0.405 0.565 0.05 0.035
1 0.435 0.53 0.05 0.05
1 0.46 0.51 0.045 0.045
1 0.495 0.47 0.04 0.04
1 0.3 0.58 0.045 0.045
1 0.265 0.6 0.045 0.04
1 0.31 0.64 0.055 0.05
1 0.325 0.605 0.06 0.055
1 0.43 0.64 0.065 0.05
1 0.485 0.61 0.045 0.065
1 0.58 0.56 0.07 0.055
1 0.655 0.495 0.055 0.05
1 0.715 0.53 0.06 0.05
1 0.785 0.48 0.085 0.09
1 0.86 0.49 0.05 0.06
1 0.865 0.44 0.045 0.02
1 0.91 0.555 0.055 0.045
1 0.945 0.59 0.045 0.06
1 0.96 0.53 0.055 0.055
1 0.985 0.565 0.03 0.05
1 0.87 0.695 0.05 0.055
1 0.96 0.685 0.055 0.06
1 0.925 0.73 0.03 0.03
1 0.98 0.765 0.035 0.07
1 0.745 0.605 0.045 0.055
1 0.675 0.62 0.045 0.04
1 0.69 0.58 0.045 0.045
1 0.54 0.615 0.04 0.04
1 0.545 0.675 0.035 0.035
1 0.575 0.645 0.04 0.05
1 0.6 0.62 0.035 0.03
1 0.095 0.745 0.05 0.05
1 0.035 0.8 0.045 0.05
1 0.17 0.735 0.06 0.045
1 0.12 0.835 0.04 0.04
1 0.075 0.875 0.06 0.055
1 0.04 0.915 0.055 0.06
1 0.22 0.83 0.065 0.05
1 0.29 0.815 0.035 0.04
1 0.26 0.755 0.06 0.07
1 0.325 0.705 0.045 0.045
1 0.375 0.69 0.065 0.075
1 0.43 0.72 0.045 0.035
1 0.45 0.73 0.035 0.06
1 0.48 0.705 0.035 0.04
1 0.515 0.68 0.04 0.055
1 0.69 0.685 0.055 0.045
1 0.74 0.76 0.04 0.045
1 0.655 0.765 0.04 0.045
1 0.68 0.73 0.035 0.035
1 0.62 0.72 0.045 0.04
1 0.625 0.68 0.045 0.045
1 0.88 0.82 0.05 0.05
1 0.925 0.84 0.05 0.055
1 0.68 0.865 0.05 0.04
1 0.635 0.9 0.03 0.06
1 0.66 0.96 0.045 0.045
1 0.5 0.865 0.03 0.04
1 0.415 0.835 0.045 0.04
1 0.375 0.865 0.04 0.045
1 0.31 0.86 0.05 0.04
1 0.29 0.98 0.055 0.035
1 0.315 0.94 0.035 0.045
1 0.355 0.965 0.055 0.045
1 0.2 0.985 0.035 0.03
1 0.23 0.97 0.045 0.055
1 0.235 0.92 0.035 0.045
1 0.19 0.92 0.05 0.045
1 0.105 0.97 0.06 0.06
1 0.045 0.985 0.03 0.03
1 0.165 0.975 0.045 0.045
1 0.41 0.89 0.04 0.04
1 0.435 0.92 0.05 0.06
1 0.48 0.945 0.035 0.04
1 0.52 0.955 0.05 0.04
1 0.525 0.92 0.04 0.045
1 0.51 0.83 0.04 0.035
1 0.54 0.83 0.04 0.045
1 0.51 0.795 0.04 0.04
1 0.505 0.77 0.06 0.05
1 0.535 0.735 0.055 0.045
1 0.585 0.865 0.05 0.04
1 0.615 0.835 0.07 0.045
1 0.83 0.98 0.05 0.04
1 0.945 0.98 0.065 0.04
1 0.94 0.885 0.04 0.04
1 0.78 0.96 0.055 0.04
1 0.78 0.93 0.055 0.035
1 0.78 0.89 0.055 0.045
1 0.805 0.855 0.055 0.045
1 0.81 0.81 0.055 0.045
1 0.96 0.94 0.05 0.035
1 0.98 0.91 0.035 0.035