1 0.44 0.785 0.055 0.075
1 0.295 0.84 0.055 0.05
1 0.23 0.79 0.06 0.06
1 0.18 0.74 0.055 0.06
1 0.17 0.68 0.045 0.05
1 0.225 0.605 0.055 0.05
1 0.225 0.665 0.055 0.045
1 0.29 0.57 0.06 0.05
1 0.33 0.61 0.045 0.045
1 0.34 0.65 0.045 0.045
1 0.135 0.64 0.045 0.04
1 0.09 0.695 0.04 0.055
1 0.015 0.66 0.03 0.08
1 0.06 0.655 0.045 0.05
1 0.015 0.58 0.03 0.06
1 0.055 0.59 0.035 0.045
1 0.165 0.575 0.045 0.055
1 0.15 0.53 0.045 0.04
1 0.1 0.56 0.05 0.07
1 0.05 0.51 0.075 0.08
1 0.025 0.745 0.05 0.08
1 0.02 0.825 0.04 0.06
1 0.07 0.88 0.06 0.065
1 0.105 0.835 0.04 0.055
1 0.175 0.885 0.06 0.065
1 0.12 0.98 0.04 0.04
1 0.145 0.93 0.035 0.035
1 0.205 0.98 0.055 0.04
1 0.275 0.98 0.055 0.04
1 0.335 0.93 0.055 0.06
1 0.365 0.88 0.03 0.055
1 0.41 0.885 0.055 0.055
1 0.41 0.84 0.05 0.035
1 0.45 0.88 0.055 0.055
1 0.465 0.915 0.065 0.035
1 0.42 0.955 0.04 0.045
1 0.47 0.975 0.055 0.045
1 0.515 0.98 0.03 0.04
1 0.54 0.91 0.045 0.05
1 0.62 0.945 0.04 0.04
1 0.67 0.98 0.065 0.04
1 0.775 0.955 0.045 0.04
1 0.835 0.965 0.05 0.07
1 0.875 0.91 0.025 0.025
1 0.97 0.955 0.06 0.09
1 0.3 0.78 0.05 0.05
1 0.3 0.725 0.05 0.07
1 0.37 0.76 0.075 0.06
1 0.325 0.76 0.045 0.05
1 0.35 0.715 0.045 0.045
1 0.48 0.66 0.045 0.055
1 0.51 0.72 0.06 0.055
1 0.585 0.77 0.065 0.045
1 0.565 0.735 0.035 0.035
1 0.595 0.7 0.045 0.05
1 0.655 0.73 0.08 0.06
1 0.745 0.82 0.045 0.045
1 0.65 0.845 0.035 0.045
1 0.68 0.845 0.055 0.06
1 0.765 0.795 0.05 0.035
1 0.78 0.825 0.04 0.03