1 0.4375 0.7859999999999999 0.053 0.076
1 0.2945 0.8390000000000001 0.053 0.05
1 0.22949999999999998 0.79 0.059000000000000004 0.062
1 0.1775 0.7375 0.053 0.061
1 0.16899999999999998 0.6815000000000001 0.044000000000000004 0.051
1 0.2255 0.606 0.055 0.05
1 0.223 0.6635 0.054000000000000006 0.043
1 0.2875 0.5675 0.061 0.049
1 0.3275 0.61 0.045 0.044000000000000004
1 0.3395 0.6525 0.047 0.043
1 0.1355 0.639 0.045 0.038
1 0.0925 0.6934999999999999 0.039 0.053
1 0.017 0.659 0.034 0.08
1 0.061 0.657 0.044000000000000004 0.052000000000000005
1 0.0165 0.5795 0.033 0.059000000000000004
1 0.055999999999999994 0.5905 0.036000000000000004 0.043
1 0.1655 0.5735 0.047 0.055
1 0.1475 0.53 0.043 0.04
1 0.102 0.5615 0.048 0.071
1 0.0525 0.51 0.077 0.08
1 0.026000000000000002 0.7434999999999999 0.048 0.081
1 0.020499999999999997 0.825 0.040999999999999995 0.06
1 0.0705 0.8825 0.061 0.063
1 0.10300000000000001 0.8355 0.042 0.057
1 0.175 0.8835 0.062 0.067
1 0.11800000000000001 0.9795 0.042 0.040999999999999995
1 0.145 0.932 0.034 0.036000000000000004
1 0.20550000000000002 0.9804999999999999 0.055 0.039
1 0.27649999999999997 0.9795 0.053 0.040999999999999995
1 0.335 0.9325 0.055999999999999994 0.061
1 0.36450000000000005 0.879 0.028999999999999998 0.054000000000000006
1 0.408 0.8835 0.055999999999999994 0.053
1 0.409 0.8420000000000001 0.048 0.034
1 0.452 0.8785 0.054000000000000006 0.055
1 0.46649999999999997 0.915 0.063 0.036000000000000004
1 0.419 0.9565 0.04 0.045
1 0.46950000000000003 0.9765 0.057 0.047
1 0.5205 0.9834999999999999 0.037000000000000005 0.033
1 0.5425 0.9109999999999999 0.047 0.052000000000000005
1 0.622 0.9470000000000001 0.042 0.042
1 0.6695 0.98 0.063 0.04
1 0.7755 0.956 0.047 0.042
1 0.8420000000000001 0.9684999999999999 0.046 0.063
1 0.8765000000000001 0.9115000000000001 0.027000000000000003 0.025
1 0.9704999999999999 0.958 0.059000000000000004 0.084
1 0.298 0.779 0.048 0.048
1 0.302 0.723 0.048 0.068
1 0.37200000000000005 0.7575 0.07400000000000001 0.059000000000000004
1 0.3265 0.7609999999999999 0.047 0.05
1 0.3475 0.7134999999999999 0.047 0.045
1 0.479 0.6595 0.046 0.053
1 0.5085000000000001 0.7175 0.059000000000000004 0.053
1 0.585 0.7705 0.066 0.043
1 0.5665 0.736 0.037000000000000005 0.036000000000000004
1 0.5945 0.6975 0.045 0.051
1 0.653 0.728 0.08 0.062
1 0.7454999999999999 0.8205 0.047 0.043
1 0.6485 0.847 0.033 0.044000000000000004
1 0.6805 0.8434999999999999 0.055 0.059000000000000004
1 0.7655 0.7935 0.049 0.037000000000000005
1 0.7795000000000001 0.823 0.039 0.032