1 0.043 0.12 0.038 0.042
1 0.1325 0.07200000000000001 0.045 0.046
1 0.153 0.021 0.052000000000000005 0.042
1 0.126 0.132 0.038 0.04
1 0.163 0.1105 0.034 0.043
1 0.335 0.0125 0.057999999999999996 0.025
1 0.35450000000000004 0.034 0.049 0.042
1 0.445 0.013000000000000001 0.07 0.026000000000000002
1 0.52 0.027999999999999997 0.07200000000000001 0.055999999999999994
1 0.5529999999999999 0.0695 0.046 0.039
1 0.6075 0.013500000000000002 0.043 0.027000000000000003
1 0.644 0.058499999999999996 0.057999999999999996 0.057
1 0.6759999999999999 0.0315 0.046 0.039
1 0.753 0.024 0.055999999999999994 0.048
1 0.9625 0.0545 0.075 0.057
1 0.929 0.0095 0.03 0.019
1 0.794 0.0925 0.042 0.047
1 0.7225 0.1035 0.051 0.045
1 0.6485 0.157 0.047 0.046
1 0.563 0.17800000000000002 0.04 0.038
1 0.4365 0.156 0.043 0.046
1 0.47600000000000003 0.16649999999999998 0.036000000000000004 0.040999999999999995
1 0.37799999999999995 0.14 0.042 0.042
1 0.2895 0.2025 0.045 0.059000000000000004
1 0.3665 0.233 0.055 0.05
1 0.414 0.188 0.046 0.048
1 0.4905 0.2365 0.055 0.047
1 0.5670000000000001 0.2595 0.06 0.057
1 0.8925 0.1105 0.049 0.075
1 0.9185 0.16899999999999998 0.037000000000000005 0.038
1 0.9375 0.2165 0.040999999999999995 0.049
1 0.8085 0.172 0.039 0.034
1 0.8405 0.18600000000000003 0.035 0.044000000000000004
1 0.8905 0.244 0.039 0.044000000000000004
1 0.738 0.26899999999999996 0.04 0.038
1 0.7635 0.2375 0.053 0.039
1 0.6785 0.2595 0.040999999999999995 0.039
1 0.628 0.299 0.048 0.038
1 0.696 0.3055 0.05 0.040999999999999995
1 0.7115 0.4205 0.063 0.040999999999999995
1 0.722 0.384 0.044000000000000004 0.04
1 0.7575 0.3425 0.045 0.035
1 0.82 0.337 0.04 0.046
1 0.8405 0.3015 0.039 0.035
1 0.8755 0.2965 0.039 0.045
1 0.9804999999999999 0.4675 0.039 0.053
1 0.8334999999999999 0.51 0.049 0.044000000000000004
1 0.851 0.4775 0.046 0.037000000000000005
1 0.8795000000000001 0.44049999999999995 0.045 0.049
1 0.8504999999999999 0.5645 0.051 0.065
1 0.9545 0.5920000000000001 0.047 0.052000000000000005
1 0.905 0.6455 0.04 0.051
1 0.9215000000000001 0.691 0.031 0.044000000000000004
1 0.988 0.642 0.024 0.068
1 0.9255 0.804 0.040999999999999995 0.05
1 0.721 0.5815 0.054000000000000006 0.055
1 0.8065000000000001 0.6505 0.053 0.053
1 0.8270000000000001 0.625 0.054000000000000006 0.062
1 0.7595000000000001 0.475 0.051 0.052000000000000005
1 0.7055 0.47700000000000004 0.069 0.066
1 0.6659999999999999 0.48950000000000005 0.055999999999999994 0.053
1 0.6195 0.46649999999999997 0.043 0.040999999999999995
1 0.6355 0.42450000000000004 0.053 0.069
1 0.78 0.39549999999999996 0.038 0.039
1 0.802 0.40049999999999997 0.036000000000000004 0.051
1 0.991 0.374 0.018000000000000002 0.055999999999999994
1 0.7204999999999999 0.653 0.059000000000000004 0.054000000000000006
1 0.655 0.5565 0.055999999999999994 0.053
1 0.588 0.513 0.046 0.042
1 0.523 0.45899999999999996 0.055999999999999994 0.04
1 0.526 0.41700000000000004 0.048 0.04
1 0.47 0.434 0.057999999999999996 0.054000000000000006
1 0.3815 0.413 0.039 0.034
1 0.4125 0.385 0.053 0.044000000000000004
1 0.368 0.318 0.038 0.038
1 0.40700000000000003 0.342 0.07 0.034
1 0.4155 0.3065 0.047 0.045
1 0.5205 0.368 0.045 0.038
1 0.5155 0.5455 0.037000000000000005 0.053
1 0.5479999999999999 0.5525 0.048 0.055
1 0.382 0.9684999999999999 0.057999999999999996 0.049
1 0.6475 0.9295 0.075 0.061
1 0.5645 0.9620000000000001 0.055 0.06
1 0.8290000000000001 0.988 0.052000000000000005 0.024
1 0.9420000000000001 0.934 0.046 0.048
1 0.792 0.885 0.054000000000000006 0.052000000000000005
1 0.731 0.836 0.052000000000000005 0.044000000000000004
1 0.6815000000000001 0.7325 0.037000000000000005 0.047
1 0.6609999999999999 0.8005 0.062 0.047
1 0.6045 0.7865000000000001 0.040999999999999995 0.037000000000000005
1 0.5545 0.7829999999999999 0.051 0.038
1 0.2365 0.9825 0.043 0.035
1 0.27899999999999997 0.9845 0.052000000000000005 0.031
1 0.0965 0.972 0.043 0.038
1 0.029500000000000002 0.9790000000000001 0.045 0.042
1 0.013500000000000002 0.8275 0.021 0.049
1 0.1675 0.9079999999999999 0.055 0.046
1 0.2205 0.8835 0.075 0.053
1 0.020499999999999997 0.5825 0.040999999999999995 0.075
1 0.0605 0.6779999999999999 0.049 0.055999999999999994
1 0.1175 0.674 0.043 0.054000000000000006
1 0.1315 0.7595000000000001 0.049 0.043
1 0.114 0.857 0.052000000000000005 0.04
1 0.14300000000000002 0.8165 0.042 0.049
1 0.309 0.76 0.042 0.04
1 0.33649999999999997 0.728 0.053 0.057999999999999996
1 0.40149999999999997 0.732 0.057 0.054000000000000006
1 0.369 0.8425 0.054000000000000006 0.045
1 0.36200000000000004 0.892 0.055999999999999994 0.042
1 0.5345 0.875 0.045 0.052000000000000005
1 0.47700000000000004 0.86 0.048 0.08199999999999999
1 0.5045000000000001 0.743 0.043 0.044000000000000004
1 0.46799999999999997 0.7120000000000001 0.042 0.036000000000000004
1 0.23600000000000002 0.7145 0.052000000000000005 0.045
1 0.256 0.684 0.038 0.036000000000000004
1 0.20350000000000001 0.63 0.055 0.055999999999999994
1 0.1685 0.6045 0.049 0.045
1 0.11449999999999999 0.5770000000000001 0.055 0.06
1 0.026000000000000002 0.442 0.048 0.052000000000000005
1 0.058499999999999996 0.4035 0.043 0.057
1 0.2095 0.419 0.043 0.042
1 0.23199999999999998 0.4535 0.036000000000000004 0.039
1 0.272 0.4755 0.042 0.061
1 0.2155 0.5305 0.040999999999999995 0.051
1 0.263 0.526 0.048 0.054000000000000006
1 0.2685 0.5775 0.065 0.051
1 0.1105 0.235 0.061 0.052000000000000005
1 0.1465 0.20800000000000002 0.039 0.042
1 0.179 0.1905 0.036000000000000004 0.035
1 0.20199999999999999 0.1605 0.034 0.045
1 0.1925 0.2475 0.039 0.040999999999999995
1 0.212 0.2845 0.038 0.045
1 0.265 0.2735 0.06 0.049
1 0.2865 0.3385 0.028999999999999998 0.055
1 0.15 0.353 0.07 0.062
1 0.3155 0.3975 0.057 0.071
1 0.6905 0.37 0.037000000000000005 0.052000000000000005
1 0.7440000000000001 0.7170000000000001 0.048 0.036000000000000004
1 0.762 0.6890000000000001 0.042 0.042
1 0.787 0.7134999999999999 0.044000000000000004 0.039
1 0.8665 0.7759999999999999 0.057 0.038
1 0.8945000000000001 0.7559999999999999 0.037000000000000005 0.044000000000000004
1 0.9375 0.7465 0.045 0.049
1 0.8865000000000001 0.9329999999999999 0.047 0.038
1 0.8885 0.8909999999999999 0.051 0.042
1 0.8465 0.937 0.040999999999999995 0.038
1 0.9804999999999999 0.845 0.039 0.04
1 0.9875 0.894 0.025 0.048
1 0.395 0.6185 0.05 0.035
1 0.41200000000000003 0.6315 0.032 0.028999999999999998
1 0.4465 0.67 0.045 0.042
1 0.4885 0.65 0.040999999999999995 0.04
1 0.4725 0.599 0.039 0.036000000000000004
1 0.3175 0.55 0.035 0.044000000000000004
1 0.3235 0.617 0.037000000000000005 0.042
1 0.3455 0.5945 0.045 0.045
1 0.3825 0.5225 0.035 0.033
1 0.387 0.5715 0.042 0.039
1 0.42450000000000004 0.5685 0.040999999999999995 0.039
1 0.42700000000000005 0.5315 0.05 0.039
1 0.414 0.494 0.048 0.046
1 0.526 0.607 0.036000000000000004 0.032
1 0.5405 0.629 0.039 0.036000000000000004
1 0.581 0.624 0.044000000000000004 0.04
1 0.546 0.6809999999999999 0.042 0.054000000000000006
1 0.5870000000000001 0.6825 0.046 0.045