1 0.045 0.12 0.04 0.04
1 0.13 0.07 0.045 0.045
1 0.155 0.02 0.05 0.04
1 0.125 0.13 0.04 0.04
1 0.165 0.11 0.035 0.045
1 0.33 0.01 0.06 0.02
1 0.355 0.035 0.05 0.04
1 0.445 0.015 0.07 0.025
1 0.52 0.03 0.07 0.055
1 0.555 0.07 0.045 0.04
1 0.61 0.015 0.045 0.025
1 0.645 0.06 0.06 0.055
1 0.675 0.03 0.045 0.04
1 0.755 0.025 0.055 0.05
1 0.96 0.055 0.075 0.055
1 0.93 0.01 0.03 0.02
1 0.795 0.09 0.04 0.045
1 0.72 0.105 0.05 0.045
1 0.65 0.155 0.045 0.045
1 0.565 0.18 0.04 0.04
1 0.435 0.155 0.045 0.045
1 0.475 0.165 0.035 0.04
1 0.38 0.14 0.04 0.04
1 0.29 0.2 0.045 0.06
1 0.365 0.235 0.055 0.05
1 0.415 0.19 0.045 0.05
1 0.49 0.235 0.055 0.045
1 0.565 0.26 0.06 0.055
1 0.89 0.11 0.05 0.075
1 0.92 0.17 0.035 0.04
1 0.94 0.215 0.04 0.05
1 0.81 0.17 0.04 0.035
1 0.84 0.185 0.035 0.045
1 0.89 0.245 0.04 0.045
1 0.74 0.27 0.04 0.04
1 0.765 0.24 0.055 0.04
1 0.68 0.26 0.04 0.04
1 0.63 0.3 0.05 0.04
1 0.695 0.305 0.05 0.04
1 0.71 0.42 0.065 0.04
1 0.72 0.385 0.045 0.04
1 0.76 0.34 0.045 0.035
1 0.82 0.335 0.04 0.045
1 0.84 0.3 0.04 0.035
1 0.875 0.295 0.04 0.045
1 0.98 0.47 0.04 0.055
1 0.835 0.51 0.05 0.045
1 0.85 0.48 0.045 0.035
1 0.88 0.44 0.045 0.05
1 0.85 0.565 0.05 0.065
1 0.955 0.59 0.045 0.05
1 0.905 0.645 0.04 0.05
1 0.92 0.69 0.03 0.045
1 0.985 0.635 0.03 0.07
1 0.925 0.805 0.04 0.05
1 0.72 0.58 0.055 0.055
1 0.805 0.65 0.055 0.055
1 0.825 0.625 0.055 0.06
1 0.76 0.475 0.05 0.05
1 0.705 0.475 0.07 0.065
1 0.665 0.49 0.055 0.055
1 0.62 0.465 0.045 0.04
1 0.635 0.425 0.055 0.07
1 0.78 0.395 0.04 0.04
1 0.8 0.4 0.035 0.05
1 0.99 0.375 0.02 0.055
1 0.72 0.655 0.06 0.055
1 0.655 0.555 0.055 0.055
1 0.59 0.515 0.045 0.04
1 0.525 0.46 0.055 0.04
1 0.525 0.415 0.05 0.04
1 0.47 0.435 0.06 0.055
1 0.38 0.415 0.04 0.035
1 0.41 0.385 0.055 0.045
1 0.37 0.32 0.04 0.04
1 0.405 0.34 0.07 0.035
1 0.415 0.305 0.045 0.045
1 0.52 0.37 0.045 0.04
1 0.515 0.545 0.035 0.055
1 0.55 0.55 0.05 0.055
1 0.38 0.97 0.06 0.05
1 0.65 0.93 0.075 0.06
1 0.565 0.96 0.055 0.06
1 0.825 0.985 0.05 0.03
1 0.94 0.935 0.045 0.05
1 0.79 0.885 0.055 0.05
1 0.73 0.835 0.05 0.045
1 0.68 0.73 0.035 0.045
1 0.66 0.8 0.06 0.045
1 0.605 0.785 0.04 0.035
1 0.555 0.785 0.05 0.04
1 0.235 0.98 0.045 0.035
1 0.28 0.985 0.05 0.03
1 0.095 0.97 0.045 0.04
1 0.03 0.98 0.045 0.04
1 0.015 0.83 0.02 0.05
1 0.17 0.91 0.055 0.045
1 0.22 0.885 0.075 0.055
1 0.02 0.58 0.04 0.075
1 0.06 0.68 0.05 0.055
1 0.12 0.675 0.045 0.055
1 0.13 0.76 0.05 0.045
1 0.115 0.855 0.05 0.04
1 0.145 0.815 0.04 0.05
1 0.31 0.76 0.04 0.04
1 0.335 0.73 0.055 0.06
1 0.4 0.73 0.055 0.055
1 0.37 0.84 0.055 0.045
1 0.36 0.89 0.055 0.04
1 0.535 0.875 0.045 0.05
1 0.475 0.86 0.05 0.08
1 0.505 0.745 0.045 0.045
1 0.47 0.71 0.04 0.035
1 0.235 0.715 0.05 0.045
1 0.255 0.685 0.04 0.035
1 0.205 0.63 0.055 0.055
1 0.17 0.605 0.05 0.045
1 0.115 0.575 0.055 0.06
1 0.025 0.44 0.05 0.05
1 0.06 0.405 0.045 0.055
1 0.21 0.42 0.045 0.04
1 0.23 0.455 0.035 0.04
1 0.27 0.475 0.04 0.06
1 0.215 0.53 0.04 0.05
1 0.265 0.525 0.05 0.055
1 0.27 0.58 0.065 0.05
1 0.11 0.235 0.06 0.05
1 0.145 0.21 0.04 0.04
1 0.18 0.19 0.035 0.035
1 0.2 0.16 0.035 0.045
1 0.19 0.25 0.04 0.04
1 0.21 0.285 0.04 0.045
1 0.265 0.275 0.06 0.05
1 0.285 0.34 0.03 0.055
1 0.15 0.355 0.07 0.06
1 0.315 0.4 0.055 0.07
1 0.69 0.37 0.035 0.05
1 0.745 0.715 0.05 0.035
1 0.76 0.69 0.04 0.04
1 0.785 0.715 0.045 0.04
1 0.865 0.775 0.055 0.04
1 0.895 0.755 0.035 0.045
1 0.94 0.745 0.045 0.05
1 0.885 0.935 0.045 0.04
1 0.89 0.89 0.05 0.04
1 0.845 0.935 0.04 0.04
1 0.98 0.845 0.04 0.04
1 0.985 0.895 0.03 0.05
1 0.395 0.62 0.05 0.035
1 0.41 0.63 0.03 0.03
1 0.445 0.67 0.045 0.04
1 0.49 0.65 0.04 0.04
1 0.47 0.6 0.04 0.035
1 0.32 0.55 0.035 0.045
1 0.325 0.615 0.035 0.04
1 0.345 0.595 0.045 0.045
1 0.38 0.52 0.035 0.035
1 0.385 0.57 0.04 0.04
1 0.425 0.57 0.04 0.04
1 0.425 0.53 0.05 0.04
1 0.415 0.495 0.05 0.045
1 0.525 0.605 0.035 0.03
1 0.54 0.63 0.04 0.035
1 0.58 0.625 0.045 0.04
1 0.545 0.68 0.04 0.055
1 0.585 0.68 0.045 0.045