1 0.825 0.01 0.05 0.02
1 0.84 0.03 0.03 0.045
1 0.88 0.02 0.04 0.04
1 0.915 0.19 0.05 0.05
1 0.925 0.135 0.035 0.05
1 0.925 0.09 0.05 0.05
1 0.955 0.115 0.03 0.06
1 0.97 0.08 0.04 0.05
1 0.99 0.11 0.02 0.06
1 0.95 0.02 0.065 0.04
1 0.955 0.295 0.065 0.07
1 0.985 0.24 0.03 0.055
1 0.945 0.89 0.04 0.055
1 0.98 0.895 0.04 0.05
1 0.98 0.86 0.035 0.045
1 0.8 0.98 0.075 0.04
1 0.805 0.945 0.075 0.04
1 0.805 0.91 0.055 0.04
1 0.85 0.875 0.055 0.04
1 0.66 0.98 0.04 0.04
1 0.69 0.97 0.06 0.06
1 0.695 0.925 0.045 0.045
1 0.57 0.905 0.045 0.045
1 0.575 0.985 0.06 0.03
1 0.025 0.945 0.05 0.065
1 0.015 0.895 0.025 0.055
1 0.025 0.85 0.05 0.05
1 0.12 0.895 0.06 0.055
1 0.17 0.92 0.055 0.055
1 0.19 0.965 0.04 0.07
1 0.02 0.68 0.04 0.055
1 0.01 0.63 0.02 0.04
1 0.07 0.8 0.045 0.05
1 0.1 0.785 0.05 0.055
1 0.185 0.835 0.05 0.055
1 0.22 0.825 0.035 0.055
1 0.235 0.89 0.045 0.05
1 0.265 0.835 0.045 0.06
1 0.38 0.965 0.055 0.045
1 0.415 0.935 0.06 0.055
1 0.405 0.89 0.055 0.055
1 0.495 0.845 0.05 0.06
1 0.015 0.06 0.03 0.04
1 0.01 0.03 0.02 0.025
1 0.06 0.01 0.055 0.02
1 0.055 0.075 0.045 0.03
1 0.085 0.09 0.035 0.06
1 0.105 0.06 0.045 0.035
1 0.125 0.135 0.055 0.05
1 0.015 0.375 0.03 0.07
1 0.085 0.355 0.055 0.06
1 0.065 0.32 0.05 0.05
1 0.065 0.285 0.045 0.05
1 0.115 0.225 0.04 0.04
1 0.135 0.175 0.03 0.055
1 0.145 0.12 0.035 0.03
1 0.155 0.09 0.055 0.05
1 0.135 0.035 0.045 0.035
1 0.18 0.04 0.05 0.035
1 0.185 0.01 0.07 0.02
1 0.17 0.185 0.055 0.03
1 0.01 0.22 0.02 0.06
1 0.04 0.24 0.04 0.055
1 0.035 0.195 0.05 0.055
1 0.245 0.08 0.04 0.035
1 0.255 0.07 0.03 0.035
1 0.26 0.04 0.035 0.035
1 0.28 0.125 0.045 0.035
1 0.3 0.095 0.05 0.04
1 0.305 0.04 0.045 0.035
1 0.355 0.12 0.045 0.05
1 0.5 0.05 0.055 0.05
1 0.55 0.055 0.035 0.055
1 0.58 0.065 0.03 0.04
1 0.635 0.185 0.04 0.05
1 0.61 0.12 0.025 0.03
1 0.605 0.105 0.02 0.035
1 0.765 0.045 0.045 0.07
1 0.805 0.1 0.045 0.05
1 0.855 0.15 0.045 0.055
1 0.79 0.23 0.04 0.055
1 0.735 0.34 0.05 0.045
1 0.75 0.41 0.065 0.06
1 0.765 0.36 0.055 0.055
1 0.77 0.295 0.045 0.045
1 0.815 0.255 0.045 0.055
1 0.69 0.24 0.045 0.05
1 0.725 0.19 0.055 0.05
1 0.84 0.355 0.055 0.06
1 0.83 0.47 0.05 0.055
1 0.875 0.425 0.045 0.05
1 0.905 0.37 0.04 0.055
1 0.935 0.385 0.055 0.045
1 0.98 0.37 0.04 0.06
1 0.925 0.49 0.04 0.055
1 0.945 0.515 0.045 0.04
1 0.965 0.535 0.05 0.045
1 0.985 0.5 0.03 0.055
1 0.975 0.445 0.05 0.05
1 0.91 0.455 0.05 0.045
1 0.905 0.605 0.05 0.05
1 0.965 0.605 0.045 0.05
1 0.98 0.62 0.04 0.04
1 0.945 0.79 0.045 0.06
1 0.98 0.735 0.035 0.05
1 0.985 0.675 0.03 0.05
1 0.81 0.6 0.045 0.055
1 0.86 0.555 0.045 0.05
1 0.82 0.725 0.055 0.055
1 0.875 0.665 0.035 0.05
1 0.9 0.685 0.045 0.05
1 0.825 0.83 0.055 0.045
1 0.865 0.785 0.045 0.045
1 0.895 0.795 0.04 0.05
1 0.785 0.83 0.04 0.05
1 0.75 0.76 0.045 0.05
1 0.78 0.76 0.06 0.05
1 0.785 0.57 0.025 0.05
1 0.77 0.44 0.045 0.055
1 0.115 0.31 0.03 0.05
1 0.15 0.315 0.035 0.05
1 0.165 0.275 0.06 0.05
1 0.215 0.215 0.04 0.045
1 0.23 0.185 0.055 0.035
1 0.285 0.32 0.055 0.05
1 0.265 0.28 0.04 0.04
1 0.265 0.25 0.05 0.045
1 0.3 0.22 0.065 0.045
1 0.105 0.43 0.045 0.055
1 0.095 0.38 0.045 0.05
1 0.015 0.56 0.03 0.055
1 0.055 0.535 0.05 0.05
1 0.095 0.54 0.045 0.05
1 0.135 0.565 0.07 0.045
1 0.115 0.535 0.04 0.05
1 0.13 0.425 0.05 0.05
1 0.115 0.49 0.045 0.045
1 0.14 0.5 0.05 0.05
1 0.16 0.46 0.05 0.045
1 0.16 0.415 0.045 0.045
1 0.195 0.42 0.055 0.055
1 0.195 0.51 0.05 0.065
1 0.23 0.54 0.07 0.065
1 0.225 0.67 0.05 0.055
1 0.22 0.62 0.04 0.05
1 0.24 0.61 0.045 0.05
1 0.13 0.68 0.05 0.045
1 0.13 0.645 0.05 0.05
1 0.16 0.695 0.045 0.045
1 0.2 0.71 0.045 0.045
1 0.245 0.77 0.04 0.045
1 0.285 0.79 0.055 0.05
1 0.32 0.75 0.05 0.045
1 0.325 0.72 0.04 0.055
1 0.33 0.49 0.04 0.045
1 0.35 0.515 0.035 0.045
1 0.4 0.325 0.045 0.05
1 0.405 0.295 0.045 0.035
1 0.405 0.25 0.05 0.05
1 0.43 0.21 0.055 0.035
1 0.435 0.175 0.065 0.055
1 0.39 0.405 0.045 0.075
1 0.48 0.38 0.075 0.055
1 0.455 0.345 0.045 0.04
1 0.565 0.345 0.04 0.05
1 0.515 0.18 0.055 0.05
1 0.565 0.245 0.045 0.05
1 0.55 0.2 0.055 0.04
1 0.595 0.29 0.04 0.035
1 0.61 0.27 0.06 0.05
1 0.65 0.105 0.035 0.04
1 0.705 0.13 0.065 0.055
1 0.6 0.795 0.04 0.05
1 0.635 0.72 0.055 0.05
1 0.52 0.78 0.05 0.045
1 0.56 0.75 0.065 0.055
1 0.475 0.71 0.05 0.05
1 0.52 0.7 0.05 0.055
1 0.38 0.69 0.05 0.045
1 0.425 0.68 0.045 0.05
1 0.385 0.64 0.045 0.045
1 0.4 0.605 0.04 0.055
1 0.425 0.55 0.06 0.045
1 0.45 0.645 0.045 0.05
1 0.47 0.61 0.035 0.045
1 0.465 0.58 0.055 0.055
1 0.485 0.45 0.055 0.055
1 0.5 0.5 0.045 0.035
1 0.505 0.575 0.045 0.05
1 0.535 0.54 0.065 0.04
1 0.55 0.615 0.03 0.045
1 0.6 0.595 0.035 0.055
1 0.625 0.545 0.045 0.045
1 0.62 0.495 0.045 0.045
1 0.65 0.475 0.045 0.035
1 0.66 0.445 0.05 0.04
1 0.68 0.495 0.055 0.05
1 0.72 0.68 0.035 0.035
1 0.72 0.63 0.055 0.045
1 0.74 0.65 0.04 0.045