1 0.825 0.01 0.05 0.02
1 0.8412999999999999 0.0313 0.03199999999999989 0.0467
1 0.878 0.022000000000000002 0.041299999999999955 0.0387
1 0.9167000000000001 0.192 0.049300000000000066 0.04799999999999997
1 0.9227 0.13269999999999998 0.037299999999999896 0.0493
1 0.9247 0.08800000000000001 0.049300000000000066 0.04800000000000001
1 0.956 0.1133 0.03199999999999989 0.05870000000000001
1 0.9712999999999999 0.08199999999999999 0.03870000000000005 0.0493
1 0.9893000000000001 0.11199999999999999 0.021299999999999954 0.06129999999999999
1 0.9506999999999999 0.0207 0.06400000000000006 0.041299999999999996
1 0.956 0.294 0.06400000000000006 0.06799999999999998
1 0.986 0.24 0.028000000000000115 0.056000000000000015
1 0.9467 0.8893000000000001 0.04 0.053300000000000125
1 0.98 0.895 0.04 0.05
1 0.982 0.862 0.03599999999999994 0.046699999999999874
1 0.7993000000000001 0.98 0.07330000000000013 0.04
1 0.8067 0.9467 0.07469999999999999 0.04
1 0.804 0.9079999999999999 0.053300000000000125 0.04
1 0.85 0.8759999999999999 0.0572999999999999 0.04
1 0.66 0.98 0.04 0.04
1 0.69 0.97 0.06 0.06
1 0.6967 0.9227 0.046699999999999874 0.0427000000000001
1 0.5687 0.9073 0.04400000000000006 0.046699999999999874
1 0.5760000000000001 0.9853000000000001 0.058700000000000044 0.02930000000000007
1 0.024700000000000007 0.9427 0.0493 0.06400000000000006
1 0.0127 0.8973 0.025300000000000003 0.055999999999999946
1 0.024 0.852 0.048 0.05069999999999993
1 0.1193 0.8926999999999999 0.06 0.05469999999999999
1 0.17 0.922 0.057300000000000025 0.0572999999999999
1 0.19269999999999998 0.968 0.04670000000000002 0.06400000000000006
1 0.02 0.6812999999999999 0.04 0.055999999999999946
1 0.01 0.63 0.02 0.04
1 0.0693 0.7993000000000001 0.042699999999999995 0.049300000000000066
1 0.1013 0.7867000000000001 0.04800000000000001 0.053300000000000125
1 0.18600000000000003 0.8373 0.052000000000000025 0.053300000000000125
1 0.222 0.8253 0.03600000000000001 0.055999999999999946
1 0.23399999999999999 0.888 0.043999999999999984 0.05069999999999993
1 0.2633 0.8327 0.043999999999999984 0.06
1 0.37799999999999995 0.9647 0.05730000000000004 0.046699999999999874
1 0.4147 0.9359999999999999 0.058700000000000044 0.053300000000000125
1 0.40270000000000006 0.8906999999999999 0.053299999999999986 0.053300000000000125
1 0.4927 0.8473 0.052000000000000025 0.06
1 0.015 0.06 0.03 0.04
1 0.010699999999999998 0.03 0.0213 0.025299999999999993
1 0.057999999999999996 0.010699999999999998 0.054700000000000006 0.0213
1 0.054000000000000006 0.0767 0.0467 0.0307
1 0.084 0.08929999999999999 0.034699999999999995 0.05870000000000001
1 0.1047 0.060700000000000004 0.046699999999999985 0.0333
1 0.1253 0.13470000000000001 0.05330000000000002 0.04800000000000001
1 0.015 0.375 0.03 0.07
1 0.0827 0.35600000000000004 0.05600000000000001 0.058700000000000044
1 0.06530000000000001 0.32 0.05070000000000001 0.04799999999999997
1 0.064 0.2827 0.042699999999999995 0.04799999999999997
1 0.114 0.2253 0.04129999999999999 0.04
1 0.1367 0.1753 0.0307 0.057300000000000025
1 0.146 0.11800000000000001 0.036 0.028000000000000008
1 0.1553 0.08929999999999999 0.057300000000000004 0.04800000000000001
1 0.1333 0.0373 0.042699999999999995 0.03729999999999999
1 0.1787 0.038 0.04799999999999999 0.0333
1 0.185 0.01 0.07 0.02
1 0.17129999999999998 0.18469999999999998 0.05729999999999999 0.0307
1 0.01 0.22 0.02 0.06
1 0.0393 0.2413 0.0387 0.053299999999999986
1 0.036000000000000004 0.196 0.048 0.053299999999999986
1 0.2447 0.08130000000000001 0.03869999999999998 0.034699999999999995
1 0.25730000000000003 0.07 0.03200000000000003 0.036000000000000004
1 0.2613 0.03930000000000001 0.03469999999999999 0.0333
1 0.278 0.1253 0.04670000000000002 0.03730000000000001
1 0.298 0.09269999999999999 0.0493 0.04129999999999999
1 0.306 0.04 0.04400000000000002 0.03730000000000001
1 0.35729999999999995 0.11800000000000001 0.045300000000000014 0.0493
1 0.5013000000000001 0.052000000000000005 0.053299999999999986 0.04799999999999999
1 0.5479999999999999 0.057300000000000004 0.03469999999999999 0.05329999999999999
1 0.5787 0.0667 0.03200000000000003 0.04
1 0.6347 0.1827 0.04 0.0507
1 0.6107 0.122 0.026700000000000015 0.028000000000000008
1 0.604 0.106 0.018700000000000046 0.03330000000000002
1 0.7659999999999999 0.0453 0.046699999999999874 0.0693
1 0.8073 0.1 0.04400000000000006 0.0507
1 0.8533 0.1507 0.0427000000000001 0.056000000000000015
1 0.792 0.23129999999999998 0.04 0.05469999999999999
1 0.736 0.33799999999999997 0.04800000000000011 0.04400000000000002
1 0.75 0.408 0.06530000000000001 0.06129999999999995
1 0.7653 0.36 0.053300000000000125 0.055999999999999946
1 0.7706999999999999 0.29469999999999996 0.045300000000000014 0.045300000000000014
1 0.8167 0.2547 0.04400000000000006 0.053299999999999986
1 0.6907 0.24 0.045300000000000014 0.0507
1 0.7253000000000001 0.1913 0.053300000000000125 0.0493
1 0.8387 0.3567 0.053300000000000125 0.06
1 0.8293 0.46869999999999995 0.05069999999999993 0.05469999999999999
1 0.8759999999999999 0.4253 0.0427000000000001 0.05069999999999993
1 0.9047 0.36869999999999997 0.041299999999999955 0.05469999999999999
1 0.9347 0.386 0.055999999999999946 0.04670000000000002
1 0.98 0.37 0.04 0.06
1 0.9227 0.488 0.04 0.053299999999999986
1 0.9433 0.5133 0.046699999999999874 0.04
1 0.9673 0.5347 0.049300000000000066 0.045300000000000014
1 0.986 0.4993 0.028000000000000115 0.05469999999999999
1 0.975 0.445 0.05 0.05
1 0.9113 0.45530000000000004 0.049300000000000066 0.04670000000000002
1 0.9047 0.6033 0.049300000000000066 0.052000000000000025
1 0.9640000000000001 0.604 0.045300000000000014 0.05070000000000007
1 0.98 0.62 0.04 0.04
1 0.946 0.7907 0.046699999999999874 0.058700000000000044
1 0.9813 0.736 0.037299999999999896 0.04800000000000011
1 0.988 0.68 0.024000000000000056 0.0427000000000001
1 0.8093 0.598 0.045300000000000014 0.05469999999999999
1 0.8606999999999999 0.5553 0.046699999999999874 0.052000000000000025
1 0.8193 0.7267 0.05469999999999999 0.053300000000000125
1 0.8740000000000001 0.6667000000000001 0.03599999999999994 0.04800000000000011
1 0.898 0.6847 0.046699999999999874 0.05199999999999989
1 0.8227 0.828 0.055999999999999946 0.0427000000000001
1 0.8653 0.7867000000000001 0.0427000000000001 0.0427000000000001
1 0.8926999999999999 0.7959999999999999 0.03870000000000005 0.05069999999999993
1 0.7853 0.828 0.04 0.04800000000000011
1 0.7487 0.762 0.046699999999999874 0.049300000000000066
1 0.7787000000000001 0.758 0.058700000000000044 0.05199999999999989
1 0.7859999999999999 0.5720000000000001 0.02530000000000001 0.04799999999999997
1 0.77 0.442 0.04400000000000006 0.05469999999999999
1 0.1167 0.3087 0.0307 0.05199999999999999
1 0.15 0.3153 0.03329999999999998 0.052000000000000025
1 0.16399999999999998 0.2753 0.06130000000000001 0.0493
1 0.2127 0.2173 0.041300000000000024 0.045300000000000014
1 0.23129999999999998 0.1867 0.05729999999999997 0.03729999999999997
1 0.2833 0.31870000000000004 0.05469999999999999 0.04800000000000001
1 0.264 0.278 0.04 0.03869999999999998
1 0.26530000000000004 0.248 0.0507 0.045300000000000014
1 0.3007 0.222 0.06269999999999996 0.04670000000000002
1 0.1027 0.428 0.042699999999999995 0.053299999999999986
1 0.0947 0.37929999999999997 0.042699999999999995 0.04929999999999993
1 0.0147 0.5587 0.029300000000000003 0.053299999999999986
1 0.055999999999999994 0.5347 0.0507 0.04799999999999997
1 0.0933 0.5413 0.045300000000000014 0.05070000000000007
1 0.1373 0.564 0.07200000000000001 0.045300000000000014
1 0.1127 0.5353 0.04129999999999999 0.052000000000000025
1 0.1307 0.424 0.04800000000000001 0.05070000000000007
1 0.1173 0.4907 0.042699999999999995 0.045300000000000014
1 0.14129999999999998 0.502 0.05069999999999999 0.049300000000000066
1 0.15869999999999998 0.4607 0.04800000000000001 0.04400000000000006
1 0.16 0.4147 0.045300000000000014 0.04269999999999996
1 0.196 0.4213 0.053299999999999986 0.053299999999999986
1 0.1967 0.5113 0.052000000000000025 0.06530000000000001
1 0.23 0.5387 0.06799999999999998 0.06670000000000002
1 0.226 0.6713 0.0493 0.05469999999999999
1 0.22 0.6187 0.04 0.05070000000000007
1 0.23800000000000002 0.6107 0.04670000000000002 0.05070000000000007
1 0.1313 0.6793 0.0493 0.04400000000000006
1 0.1307 0.6473 0.0507 0.051999999999999956
1 0.158 0.6940000000000001 0.043999999999999984 0.04400000000000006
1 0.198 0.7093 0.04670000000000002 0.0427000000000001
1 0.2473 0.77 0.041300000000000024 0.04400000000000006
1 0.2873 0.7879999999999999 0.05469999999999999 0.05069999999999993
1 0.3207 0.752 0.052000000000000025 0.045300000000000014
1 0.326 0.7212999999999999 0.04129999999999999 0.053300000000000125
1 0.3293 0.4913 0.04 0.04400000000000006
1 0.3507 0.5127 0.03730000000000004 0.04400000000000006
1 0.402 0.32270000000000004 0.04670000000000002 0.04799999999999997
1 0.4033 0.2927 0.04400000000000006 0.03600000000000001
1 0.4053 0.248 0.05069999999999993 0.04799999999999997
1 0.428 0.2087 0.055999999999999946 0.03600000000000001
1 0.4353 0.174 0.06530000000000001 0.05469999999999999
1 0.3907 0.4033 0.04269999999999996 0.07329999999999998
1 0.4813 0.382 0.07730000000000004 0.05730000000000004
1 0.45399999999999996 0.3467 0.04670000000000002 0.04
1 0.5647 0.34729999999999994 0.041299999999999955 0.04929999999999993
1 0.5146999999999999 0.1813 0.053299999999999986 0.04799999999999999
1 0.5633 0.2473 0.04670000000000002 0.052000000000000025
1 0.5513 0.20129999999999998 0.05730000000000004 0.04
1 0.5953 0.2887 0.041299999999999955 0.03600000000000001
1 0.608 0.2707 0.06129999999999995 0.0507
1 0.6487 0.1047 0.03330000000000005 0.04129999999999999
1 0.7053 0.1313 0.06669999999999987 0.057300000000000004
1 0.5992999999999999 0.7959999999999999 0.041299999999999955 0.04800000000000011
1 0.6360000000000001 0.7206999999999999 0.056000000000000015 0.05199999999999989
1 0.5213 0.782 0.04799999999999997 0.046699999999999874
1 0.5579999999999999 0.7506999999999999 0.06269999999999996 0.053300000000000125
1 0.474 0.7087 0.04929999999999993 0.049300000000000066
1 0.52 0.7006999999999999 0.05069999999999993 0.05469999999999999
1 0.3787 0.6893 0.04799999999999997 0.045300000000000014
1 0.4227 0.6787000000000001 0.04269999999999996 0.05069999999999993
1 0.38530000000000003 0.64 0.045300000000000014 0.04270000000000003
1 0.3987 0.6033 0.04 0.05730000000000004
1 0.4253 0.5479999999999999 0.058700000000000044 0.045300000000000014
1 0.4487 0.6446999999999999 0.04400000000000006 0.049300000000000066
1 0.47 0.6107 0.03329999999999998 0.04269999999999996
1 0.46270000000000006 0.5813 0.053299999999999986 0.055999999999999946
1 0.4827 0.4507 0.055999999999999946 0.055999999999999946
1 0.4987 0.5 0.04269999999999996 0.03730000000000004
1 0.5073 0.5733 0.04400000000000006 0.04799999999999997
1 0.536 0.5393 0.06400000000000006 0.041299999999999955
1 0.5513 0.6173 0.030699999999999932 0.04269999999999996
1 0.598 0.5932999999999999 0.03599999999999994 0.053299999999999986
1 0.6259999999999999 0.5427000000000001 0.043999999999999984 0.045300000000000014
1 0.6193 0.49729999999999996 0.043999999999999984 0.04269999999999996
1 0.652 0.474 0.045300000000000014 0.03329999999999998
1 0.6607 0.446 0.051999999999999956 0.03870000000000005
1 0.6812999999999999 0.49670000000000003 0.053300000000000125 0.052000000000000025
1 0.7212999999999999 0.6787000000000001 0.03469999999999999 0.03469999999999999
1 0.7187 0.628 0.053300000000000125 0.04270000000000003
1 0.742 0.652 0.041299999999999955 0.04270000000000003