1 0.8332999999999999 0.0113 0.0507 0.0227
1 0.8412999999999999 0.0313 0.032 0.0467
1 0.878 0.022000000000000002 0.041299999999999996 0.0387
1 0.9167000000000001 0.192 0.0493 0.048
1 0.9227 0.13269999999999998 0.0373 0.0493
1 0.9247 0.08800000000000001 0.0493 0.048
1 0.956 0.1133 0.032 0.0587
1 0.9712999999999999 0.08199999999999999 0.0387 0.0493
1 0.9893000000000001 0.11199999999999999 0.0213 0.0613
1 0.9506999999999999 0.0207 0.064 0.041299999999999996
1 0.956 0.294 0.064 0.068
1 0.986 0.24 0.027999999999999997 0.055999999999999994
1 0.9467 0.8893000000000001 0.04 0.0533
1 0.9806999999999999 0.9027 0.0387 0.0533
1 0.982 0.862 0.036000000000000004 0.0467
1 0.7993000000000001 0.98 0.0733 0.04
1 0.8067 0.9467 0.0747 0.04
1 0.804 0.9079999999999999 0.0533 0.04
1 0.85 0.8759999999999999 0.057300000000000004 0.04
1 0.6653 0.9806999999999999 0.042699999999999995 0.0387
1 0.6953 0.9706999999999999 0.06269999999999999 0.0587
1 0.6967 0.9227 0.0467 0.042699999999999995
1 0.5687 0.9073 0.044000000000000004 0.0467
1 0.5760000000000001 0.9853000000000001 0.0587 0.029300000000000003
1 0.024700000000000003 0.9427 0.0493 0.064
1 0.0127 0.8973 0.0253 0.055999999999999994
1 0.024 0.852 0.048 0.0507
1 0.1193 0.8926999999999999 0.06 0.0547
1 0.17 0.922 0.057300000000000004 0.057300000000000004
1 0.19269999999999998 0.968 0.0467 0.064
1 0.02 0.6812999999999999 0.04 0.055999999999999994
1 0.013300000000000001 0.6353 0.026699999999999998 0.044000000000000004
1 0.0693 0.7993000000000001 0.042699999999999995 0.0493
1 0.1013 0.7867000000000001 0.048 0.0533
1 0.18600000000000003 0.8373 0.052000000000000005 0.0533
1 0.222 0.8253 0.036000000000000004 0.055999999999999994
1 0.23399999999999999 0.888 0.044000000000000004 0.0507
1 0.2633 0.8327 0.044000000000000004 0.06
1 0.37799999999999995 0.9647 0.057300000000000004 0.0467
1 0.4147 0.9359999999999999 0.0587 0.0533
1 0.40270000000000006 0.8906999999999999 0.0533 0.0533
1 0.4927 0.8473 0.052000000000000005 0.06
1 0.019299999999999998 0.064 0.0387 0.0453
1 0.010700000000000001 0.03 0.0213 0.0253
1 0.057999999999999996 0.010700000000000001 0.0547 0.0213
1 0.054000000000000006 0.0767 0.0467 0.030699999999999998
1 0.084 0.08929999999999999 0.0347 0.0587
1 0.1047 0.060700000000000004 0.0467 0.0333
1 0.1253 0.13470000000000001 0.0533 0.048
1 0.015300000000000001 0.3807 0.030699999999999998 0.076
1 0.0827 0.35600000000000004 0.055999999999999994 0.0587
1 0.0653 0.32 0.0507 0.048
1 0.064 0.2827 0.042699999999999995 0.048
1 0.114 0.2253 0.041299999999999996 0.04
1 0.1367 0.1753 0.030699999999999998 0.057300000000000004
1 0.146 0.11800000000000001 0.036000000000000004 0.027999999999999997
1 0.1553 0.08929999999999999 0.057300000000000004 0.048
1 0.1333 0.0373 0.042699999999999995 0.0373
1 0.1787 0.038 0.048 0.0333
1 0.19399999999999998 0.013300000000000001 0.0707 0.026699999999999998
1 0.17129999999999998 0.18469999999999998 0.057300000000000004 0.030699999999999998
1 0.013300000000000001 0.22399999999999998 0.026699999999999998 0.0533
1 0.0393 0.2413 0.0387 0.0533
1 0.036000000000000004 0.196 0.048 0.0533
1 0.2447 0.08130000000000001 0.0387 0.0347
1 0.25730000000000003 0.07 0.032 0.036000000000000004
1 0.2613 0.0393 0.0347 0.0333
1 0.278 0.1253 0.0467 0.0373
1 0.298 0.09269999999999999 0.0493 0.041299999999999996
1 0.306 0.04 0.044000000000000004 0.0373
1 0.35729999999999995 0.11800000000000001 0.0453 0.0493
1 0.5013000000000001 0.052000000000000005 0.0533 0.048
1 0.5479999999999999 0.057300000000000004 0.0347 0.0533
1 0.5787 0.0667 0.032 0.04
1 0.6347 0.1827 0.04 0.0507
1 0.6107 0.122 0.026699999999999998 0.027999999999999997
1 0.604 0.106 0.0187 0.0333
1 0.7659999999999999 0.0453 0.0467 0.0693
1 0.8073 0.1 0.044000000000000004 0.0507
1 0.8533 0.1507 0.042699999999999995 0.055999999999999994
1 0.792 0.23129999999999998 0.04 0.0547
1 0.736 0.33799999999999997 0.048 0.044000000000000004
1 0.75 0.408 0.0653 0.0613
1 0.7653 0.36 0.0533 0.055999999999999994
1 0.7706999999999999 0.29469999999999996 0.0453 0.0453
1 0.8167 0.2547 0.044000000000000004 0.0533
1 0.6907 0.24 0.0453 0.0507
1 0.7253000000000001 0.1913 0.0533 0.0493
1 0.8387 0.3567 0.0533 0.06
1 0.8293 0.46869999999999995 0.0507 0.0547
1 0.8759999999999999 0.4253 0.042699999999999995 0.0507
1 0.9047 0.36869999999999997 0.041299999999999996 0.0547
1 0.9347 0.386 0.055999999999999994 0.0467
1 0.9847 0.376 0.030699999999999998 0.0587
1 0.9227 0.488 0.04 0.0533
1 0.9433 0.5133 0.0467 0.04
1 0.9673 0.5347 0.0493 0.0453
1 0.986 0.4993 0.027999999999999997 0.0547
1 0.9787 0.45130000000000003 0.042699999999999995 0.052000000000000005
1 0.9113 0.45530000000000004 0.0493 0.0467
1 0.9047 0.6033 0.0493 0.052000000000000005
1 0.9640000000000001 0.604 0.0453 0.0507
1 0.9806999999999999 0.626 0.0387 0.0467
1 0.946 0.7907 0.0467 0.0587
1 0.9813 0.736 0.0373 0.048
1 0.988 0.68 0.024 0.042699999999999995
1 0.8093 0.598 0.0453 0.0547
1 0.8606999999999999 0.5553 0.0467 0.052000000000000005
1 0.8193 0.7267 0.0547 0.0533
1 0.8740000000000001 0.6667000000000001 0.036000000000000004 0.048
1 0.898 0.6847 0.0467 0.052000000000000005
1 0.8227 0.828 0.055999999999999994 0.042699999999999995
1 0.8653 0.7867000000000001 0.042699999999999995 0.042699999999999995
1 0.8926999999999999 0.7959999999999999 0.0387 0.0507
1 0.7853 0.828 0.04 0.048
1 0.7487 0.762 0.0467 0.0493
1 0.7787000000000001 0.758 0.0587 0.052000000000000005
1 0.7859999999999999 0.5720000000000001 0.0253 0.048
1 0.77 0.442 0.044000000000000004 0.0547
1 0.1167 0.30870000000000003 0.030699999999999998 0.052000000000000005
1 0.15 0.3153 0.0333 0.052000000000000005
1 0.16399999999999998 0.2753 0.0613 0.0493
1 0.2127 0.2173 0.041299999999999996 0.0453
1 0.23129999999999998 0.1867 0.057300000000000004 0.0373
1 0.2833 0.3187 0.0547 0.048
1 0.264 0.278 0.04 0.0387
1 0.26530000000000004 0.248 0.0507 0.0453
1 0.3007 0.222 0.06269999999999999 0.0467
1 0.1027 0.428 0.042699999999999995 0.0533
1 0.0947 0.37929999999999997 0.042699999999999995 0.0493
1 0.0147 0.5587 0.029300000000000003 0.0533
1 0.055999999999999994 0.5347 0.0507 0.048
1 0.0933 0.5413 0.0453 0.0507
1 0.1373 0.564 0.07200000000000001 0.0453
1 0.1127 0.5353 0.041299999999999996 0.052000000000000005
1 0.1307 0.424 0.048 0.0507
1 0.1173 0.4907 0.042699999999999995 0.0453
1 0.1413 0.502 0.0507 0.0493
1 0.15869999999999998 0.4607 0.048 0.044000000000000004
1 0.16 0.4147 0.0453 0.042699999999999995
1 0.196 0.4213 0.0533 0.0533
1 0.1967 0.5113 0.052000000000000005 0.0653
1 0.23 0.5387 0.068 0.0667
1 0.226 0.6713 0.0493 0.0547
1 0.22 0.6187 0.04 0.0507
1 0.23800000000000002 0.6107 0.0467 0.0507
1 0.1313 0.6793 0.0493 0.044000000000000004
1 0.1307 0.6473 0.0507 0.052000000000000005
1 0.158 0.6940000000000001 0.044000000000000004 0.044000000000000004
1 0.198 0.7093 0.0467 0.042699999999999995
1 0.2473 0.77 0.041299999999999996 0.044000000000000004
1 0.2873 0.7879999999999999 0.0547 0.0507
1 0.3207 0.752 0.052000000000000005 0.0453
1 0.326 0.7212999999999999 0.041299999999999996 0.0533
1 0.3293 0.4913 0.04 0.044000000000000004
1 0.3507 0.5127 0.0373 0.044000000000000004
1 0.402 0.32270000000000004 0.0467 0.048
1 0.4033 0.2927 0.044000000000000004 0.036000000000000004
1 0.4053 0.248 0.0507 0.048
1 0.428 0.2087 0.055999999999999994 0.036000000000000004
1 0.4353 0.174 0.0653 0.0547
1 0.3907 0.4033 0.042699999999999995 0.0733
1 0.4813 0.382 0.07730000000000001 0.057300000000000004
1 0.45399999999999996 0.3467 0.0467 0.04
1 0.5647 0.34729999999999994 0.041299999999999996 0.0493
1 0.5146999999999999 0.1813 0.0533 0.048
1 0.5633 0.2473 0.0467 0.052000000000000005
1 0.5513 0.20129999999999998 0.057300000000000004 0.04
1 0.5953 0.2887 0.041299999999999996 0.036000000000000004
1 0.608 0.2707 0.0613 0.0507
1 0.6487 0.1047 0.0333 0.041299999999999996
1 0.7053 0.1313 0.0667 0.057300000000000004
1 0.5992999999999999 0.7959999999999999 0.041299999999999996 0.048
1 0.636 0.7206999999999999 0.055999999999999994 0.052000000000000005
1 0.5213 0.782 0.048 0.0467
1 0.5579999999999999 0.7506999999999999 0.06269999999999999 0.0533
1 0.474 0.7087 0.0493 0.0493
1 0.52 0.7006999999999999 0.0507 0.0547
1 0.3787 0.6893 0.048 0.0453
1 0.4227 0.6787000000000001 0.042699999999999995 0.0507
1 0.38530000000000003 0.64 0.0453 0.042699999999999995
1 0.3987 0.6033 0.04 0.057300000000000004
1 0.4253 0.5479999999999999 0.0587 0.0453
1 0.4487 0.6446999999999999 0.044000000000000004 0.0493
1 0.47 0.6107 0.0333 0.042699999999999995
1 0.46270000000000006 0.5813 0.0533 0.055999999999999994
1 0.4827 0.4507 0.055999999999999994 0.055999999999999994
1 0.4987 0.5 0.042699999999999995 0.0373
1 0.5073 0.5733 0.044000000000000004 0.048
1 0.536 0.5393 0.064 0.041299999999999996
1 0.5513 0.6173 0.030699999999999998 0.042699999999999995
1 0.598 0.5932999999999999 0.036000000000000004 0.0533
1 0.626 0.5427000000000001 0.044000000000000004 0.0453
1 0.6193 0.49729999999999996 0.044000000000000004 0.042699999999999995
1 0.652 0.474 0.0453 0.0333
1 0.6607 0.446 0.052000000000000005 0.0387
1 0.6812999999999999 0.49670000000000003 0.0533 0.052000000000000005
1 0.7212999999999999 0.6787000000000001 0.0347 0.0347
1 0.7187 0.628 0.0533 0.042699999999999995
1 0.742 0.652 0.041299999999999996 0.042699999999999995