1 0.02 0.035 0.04 0.045
1 0.02 0.23 0.04 0.045
1 0.08 0.27 0.045 0.065
1 0.07 0.22 0.04 0.045
1 0.055 0.355 0.04 0.055
1 0.235 0.385 0.06 0.04
1 0.165 0.355 0.03 0.03
1 0.14 0.44 0.045 0.055
1 0.16 0.4 0.035 0.03
1 0.24 0.435 0.045 0.055
1 0.285 0.435 0.045 0.05
1 0.125 0.5 0.05 0.055
1 0.125 0.55 0.055 0.045
1 0.04 0.51 0.055 0.045
1 0.01 0.595 0.02 0.055
1 0.04 0.58 0.045 0.055
1 0.025 0.655 0.05 0.055
1 0.02 0.83 0.035 0.055
1 0.035 0.96 0.065 0.075
1 0.265 0.97 0.065 0.055
1 0.42 0.985 0.055 0.03
1 0.435 0.915 0.04 0.045
1 0.44 0.885 0.035 0.04
1 0.535 0.86 0.04 0.055
1 0.42 0.805 0.03 0.04
1 0.465 0.79 0.04 0.05
1 0.47 0.735 0.045 0.06
1 0.515 0.72 0.05 0.05
1 0.395 0.745 0.045 0.035
1 0.385 0.68 0.04 0.04
1 0.445 0.64 0.03 0.065
1 0.49 0.64 0.045 0.055
1 0.36 0.635 0.035 0.045
1 0.26 0.55 0.08 0.06
1 0.235 0.7 0.05 0.055
1 0.175 0.675 0.045 0.08
1 0.115 0.675 0.035 0.04
1 0.095 0.74 0.05 0.04
1 0.13 0.705 0.04 0.045
1 0.03 0.79 0.05 0.045
1 0.09 0.86 0.04 0.045
1 0.115 0.825 0.04 0.04
1 0.145 0.79 0.045 0.045
1 0.17 0.76 0.045 0.05
1 0.1 0.805 0.045 0.04
1 0.17 0.925 0.04 0.035
1 0.185 0.88 0.08 0.09
1 0.225 0.825 0.04 0.055
1 0.255 0.815 0.06 0.055
1 0.24 0.78 0.05 0.045
1 0.295 0.75 0.055 0.06
1 0.18 0.48 0.05 0.05