1 0.021 0.0355 0.038 0.045
1 0.02 0.231 0.04 0.04600000000000001
1 0.078 0.2675 0.044000000000000004 0.06299999999999997
1 0.06849999999999999 0.22149999999999997 0.04099999999999999 0.045
1 0.057 0.3555 0.04 0.05299999999999997
1 0.2345 0.3835 0.06100000000000001 0.040999999999999946
1 0.1655 0.35350000000000004 0.031000000000000014 0.030999999999999944
1 0.1425 0.44049999999999995 0.047000000000000014 0.05700000000000003
1 0.1625 0.4 0.035 0.03200000000000003
1 0.24100000000000002 0.433 0.043999999999999984 0.055999999999999946
1 0.2865 0.433 0.04299999999999997 0.052000000000000025
1 0.1245 0.4985 0.04899999999999999 0.055
1 0.1245 0.5475 0.055 0.04700000000000003
1 0.0375 0.511 0.053000000000000005 0.045999999999999944
1 0.009000000000000001 0.5935 0.018000000000000002 0.05700000000000003
1 0.040999999999999995 0.5775 0.046 0.055
1 0.026000000000000002 0.655 0.052000000000000005 0.054000000000000055
1 0.020499999999999997 0.8320000000000001 0.037000000000000005 0.055999999999999946
1 0.0355 0.9620000000000001 0.067 0.07599999999999994
1 0.265 0.9690000000000001 0.06600000000000002 0.055999999999999946
1 0.42200000000000004 0.985 0.055999999999999946 0.03
1 0.434 0.9145 0.04200000000000003 0.04699999999999989
1 0.4425 0.883 0.037000000000000026 0.03800000000000012
1 0.536 0.861 0.04 0.055999999999999946
1 0.4215 0.8059999999999999 0.029000000000000057 0.03800000000000012
1 0.46399999999999997 0.7905 0.04 0.04900000000000006
1 0.4685 0.7354999999999999 0.04299999999999997 0.05900000000000006
1 0.5155 0.721 0.04900000000000006 0.05
1 0.3945 0.7434999999999999 0.04299999999999997 0.03699999999999989
1 0.386 0.6809999999999999 0.03799999999999997 0.04
1 0.44549999999999995 0.6415000000000001 0.030999999999999944 0.06300000000000004
1 0.4905 0.6395000000000001 0.04299999999999997 0.05300000000000004
1 0.3615 0.6360000000000001 0.037000000000000026 0.04600000000000001
1 0.262 0.5495 0.07799999999999997 0.05900000000000006
1 0.235 0.6984999999999999 0.05 0.056999999999999884
1 0.17550000000000002 0.6765000000000001 0.045 0.08099999999999995
1 0.11599999999999999 0.674 0.03600000000000001 0.04
1 0.096 0.7390000000000001 0.04800000000000001 0.041999999999999885
1 0.131 0.7055 0.04 0.04699999999999989
1 0.027999999999999997 0.7875 0.05 0.04699999999999989
1 0.09050000000000001 0.8575 0.03899999999999999 0.043000000000000115
1 0.1155 0.823 0.041000000000000016 0.03800000000000012
1 0.1465 0.7885 0.04699999999999999 0.045
1 0.1685 0.759 0.045 0.04800000000000011
1 0.1005 0.8029999999999999 0.04300000000000001 0.041999999999999885
1 0.171 0.924 0.04 0.03599999999999994
1 0.183 0.8809999999999999 0.07799999999999999 0.09199999999999989
1 0.2245 0.8255 0.041000000000000016 0.055
1 0.255 0.8165 0.06200000000000003 0.053000000000000116
1 0.2425 0.778 0.04899999999999999 0.045999999999999944
1 0.2955 0.7495 0.056999999999999995 0.05900000000000006
1 0.1795 0.48200000000000004 0.05100000000000002 0.052000000000000025