1 0.021 0.0355 0.038 0.045
1 0.02 0.231 0.04 0.046
1 0.078 0.2675 0.044000000000000004 0.063
1 0.06849999999999999 0.22149999999999997 0.040999999999999995 0.045
1 0.057 0.3555 0.04 0.053
1 0.2345 0.3835 0.061 0.040999999999999995
1 0.1655 0.35350000000000004 0.031 0.031
1 0.1425 0.44049999999999995 0.047 0.057
1 0.1625 0.4 0.035 0.032
1 0.24100000000000002 0.433 0.044000000000000004 0.055999999999999994
1 0.2865 0.433 0.043 0.052000000000000005
1 0.1245 0.4985 0.049 0.055
1 0.1245 0.5475 0.055 0.047
1 0.0375 0.511 0.053 0.046
1 0.009000000000000001 0.5935 0.018000000000000002 0.057
1 0.040999999999999995 0.5775 0.046 0.055
1 0.026000000000000002 0.655 0.052000000000000005 0.054000000000000006
1 0.020499999999999997 0.8320000000000001 0.037000000000000005 0.055999999999999994
1 0.0355 0.9620000000000001 0.067 0.076
1 0.265 0.9690000000000001 0.066 0.055999999999999994
1 0.42200000000000004 0.985 0.055999999999999994 0.03
1 0.434 0.9145 0.042 0.047
1 0.4425 0.883 0.037000000000000005 0.038
1 0.536 0.861 0.04 0.055999999999999994
1 0.4215 0.8059999999999999 0.028999999999999998 0.038
1 0.46399999999999997 0.7905 0.04 0.049
1 0.4685 0.7354999999999999 0.043 0.059000000000000004
1 0.5155 0.721 0.049 0.05
1 0.3945 0.7434999999999999 0.043 0.037000000000000005
1 0.386 0.6809999999999999 0.038 0.04
1 0.44549999999999995 0.6415000000000001 0.031 0.063
1 0.4905 0.6395000000000001 0.043 0.053
1 0.3615 0.636 0.037000000000000005 0.046
1 0.262 0.5495 0.078 0.059000000000000004
1 0.235 0.6984999999999999 0.05 0.057
1 0.17550000000000002 0.6765000000000001 0.045 0.081
1 0.11599999999999999 0.674 0.036000000000000004 0.04
1 0.096 0.7390000000000001 0.048 0.042
1 0.131 0.7055 0.04 0.047
1 0.027999999999999997 0.7875 0.05 0.047
1 0.09050000000000001 0.8575 0.039 0.043
1 0.1155 0.823 0.040999999999999995 0.038
1 0.1465 0.7885 0.047 0.045
1 0.1685 0.759 0.045 0.048
1 0.1005 0.8029999999999999 0.043 0.042
1 0.171 0.924 0.04 0.036000000000000004
1 0.183 0.8809999999999999 0.078 0.092
1 0.2245 0.8255 0.040999999999999995 0.055
1 0.255 0.8165 0.062 0.053
1 0.2425 0.778 0.049 0.046
1 0.2955 0.7495 0.057 0.059000000000000004
1 0.1795 0.48200000000000004 0.051 0.052000000000000005