1 0.48 0.675 0.045 0.06
1 0.58 0.79 0.06 0.075
1 0.455 0.82 0.05 0.045
1 0.66 0.92 0.045 0.045
1 0.68 0.98 0.04 0.04
1 0.71 0.94 0.06 0.04
1 0.86 0.98 0.065 0.03
1 0.45 0.975 0.055 0.045
1 0.42 0.855 0.055 0.055
1 0.405 0.72 0.04 0.06
1 0.415 0.63 0.065 0.07
1 0.415 0.485 0.06 0.06
1 0.57 0.5 0.045 0.055
1 0.595 0.525 0.035 0.05
1 0.665 0.5 0.055 0.055
1 0.745 0.515 0.07 0.075
1 0.755 0.565 0.065 0.06
1 0.79 0.64 0.045 0.045
1 0.785 0.72 0.04 0.04
1 0.82 0.69 0.045 0.045
1 0.71 0.72 0.05 0.05
1 0.7 0.67 0.03 0.03
1 0.635 0.645 0.05 0.055
1 0.555 0.63 0.04 0.045
1 0.62 0.59 0.055 0.06
1 0.525 0.345 0.035 0.06
1 0.62 0.4 0.035 0.045
1 0.665 0.425 0.04 0.055
1 0.725 0.385 0.04 0.05
1 0.405 0.275 0.025 0.035
1 0.41 0.345 0.03 0.055
1 0.45 0.31 0.065 0.055
1 0.445 0.37 0.045 0.075
1 0.545 0.23 0.04 0.045
1 0.52 0.175 0.04 0.07
1 0.61 0.165 0.045 0.05
1 0.67 0.155 0.035 0.055
1 0.695 0.055 0.03 0.055
1 0.64 0.075 0.055 0.065
1 0.735 0.21 0.045 0.06
1 0.865 0.275 0.035 0.055
1 0.74 0.315 0.08 0.05
1 0.825 0.075 0.07 0.045
1 0.805 0.155 0.075 0.075
1 0.575 0.315 0.035 0.04
1 0.61 0.275 0.045 0.07
1 0.64 0.25 0.055 0.045
1 0.64 0.205 0.045 0.045
1 0.43 0.215 0.07 0.055
1 0.455 0.17 0.05 0.04
1 0.44 0.13 0.045 0.045
1 0.42 0.185 0.055 0.045
1 0.43 0.555 0.045 0.04
1 0.935 0.415 0.045 0.04
1 0.975 0.38 0.045 0.045
1 0.915 0.375 0.05 0.05
1 0.985 0.43 0.03 0.05
1 0.795 0.405 0.06 0.05
1 0.84 0.35 0.04 0.075
1 0.895 0.015 0.04 0.03
1 0.89 0.13 0.04 0.08
1 0.935 0.135 0.04 0.08
1 0.985 0.26 0.03 0.04
1 0.935 0.905 0.04 0.06
1 0.98 0.92 0.04 0.04
1 0.86 0.825 0.05 0.055
1 0.835 0.9 0.055 0.045
1 0.86 0.93 0.055 0.04
1 0.75 0.88 0.05 0.04
1 0.735 0.82 0.05 0.05
1 0.765 0.84 0.04 0.04
1 0.77 0.79 0.04 0.04
1 0.795 0.795 0.04 0.065
1 0.9 0.65 0.04 0.05
1 0.92 0.6 0.035 0.06
1 0.95 0.565 0.035 0.04
1 0.965 0.52 0.055 0.045
1 0.95 0.625 0.04 0.06
1 0.975 0.625 0.05 0.06
1 0.99 0.565 0.02 0.05