1 0.48100000000000004 0.6729999999999999 0.045999999999999944 0.06
1 0.581 0.789 0.06 0.07400000000000005
1 0.45649999999999996 0.8215 0.04900000000000006 0.043000000000000115
1 0.662 0.922 0.04400000000000006 0.045999999999999944
1 0.6865000000000001 0.983 0.040999999999999946 0.03400000000000006
1 0.7120000000000001 0.941 0.058000000000000114 0.041999999999999885
1 0.8575 0.9804999999999999 0.06300000000000011 0.029000000000000057
1 0.4525 0.977 0.05299999999999997 0.045999999999999944
1 0.4205 0.8540000000000001 0.05299999999999997 0.055999999999999946
1 0.4035 0.72 0.039000000000000055 0.058000000000000114
1 0.41700000000000004 0.6315 0.06599999999999995 0.06899999999999999
1 0.4165 0.486 0.06099999999999994 0.06200000000000003
1 0.5725 0.49950000000000006 0.04299999999999997 0.05299999999999997
1 0.595 0.526 0.03599999999999994 0.05
1 0.667 0.49950000000000006 0.055999999999999946 0.055
1 0.7445 0.5145000000000001 0.06900000000000006 0.07299999999999997
1 0.754 0.5660000000000001 0.06400000000000006 0.06
1 0.7885 0.6385 0.04699999999999989 0.04499999999999993
1 0.7855 0.721 0.039000000000000055 0.03800000000000012
1 0.8190000000000001 0.6925 0.045999999999999944 0.045
1 0.7105 0.718 0.05099999999999994 0.04800000000000011
1 0.7020000000000001 0.6695 0.03199999999999989 0.030999999999999944
1 0.636 0.6455 0.052000000000000025 0.05699999999999996
1 0.557 0.6285000000000001 0.03799999999999997 0.04700000000000003
1 0.6225 0.5885 0.05300000000000004 0.05900000000000006
1 0.5235 0.34600000000000003 0.032999999999999974 0.06200000000000003
1 0.621 0.3975 0.03599999999999994 0.045
1 0.6629999999999999 0.42700000000000005 0.04 0.054000000000000055
1 0.727 0.385 0.03800000000000012 0.05
1 0.40399999999999997 0.2735 0.025999999999999943 0.032999999999999974
1 0.409 0.3455 0.03 0.055
1 0.44799999999999995 0.3125 0.06599999999999995 0.05700000000000003
1 0.4445 0.37 0.04299999999999997 0.07400000000000005
1 0.5455 0.228 0.039000000000000055 0.04600000000000001
1 0.5195000000000001 0.175 0.039000000000000055 0.06799999999999999
1 0.612 0.165 0.045999999999999944 0.04799999999999999
1 0.6709999999999999 0.154 0.03599999999999994 0.05400000000000002
1 0.693 0.055 0.03 0.05399999999999999
1 0.6375 0.0745 0.055 0.067
1 0.7340000000000001 0.2125 0.04400000000000006 0.06100000000000001
1 0.8654999999999999 0.27399999999999997 0.035 0.056000000000000015
1 0.7395 0.316 0.07900000000000006 0.052000000000000025
1 0.8245 0.0745 0.07099999999999994 0.047000000000000014
1 0.805 0.155 0.07400000000000005 0.07399999999999998
1 0.574 0.314 0.03599999999999994 0.04200000000000003
1 0.6075 0.27399999999999997 0.045 0.07
1 0.6405 0.2525 0.055 0.04700000000000003
1 0.64 0.2065 0.04400000000000006 0.04299999999999997
1 0.4325 0.21350000000000002 0.06900000000000006 0.055
1 0.45399999999999996 0.16899999999999998 0.05 0.04
1 0.44049999999999995 0.1325 0.04299999999999997 0.04699999999999999
1 0.41950000000000004 0.18350000000000002 0.05700000000000003 0.04700000000000003
1 0.4325 0.555 0.045 0.03799999999999997
1 0.9355 0.414 0.04699999999999989 0.04200000000000003
1 0.977 0.3815 0.045999999999999944 0.04700000000000003
1 0.9165000000000001 0.3765 0.05099999999999994 0.04900000000000006
1 0.9845 0.428 0.030999999999999944 0.052000000000000025
1 0.797 0.4035 0.06 0.04900000000000006
1 0.838 0.3525 0.041999999999999885 0.07700000000000003
1 0.894 0.0155 0.041999999999999885 0.031
1 0.8875 0.1315 0.040999999999999946 0.08099999999999997
1 0.9329999999999999 0.133 0.03800000000000012 0.07799999999999999
1 0.9875 0.258 0.025 0.04200000000000003
1 0.937 0.9059999999999999 0.03800000000000012 0.06199999999999989
1 0.98 0.9185 0.04 0.039000000000000055
1 0.858 0.823 0.04800000000000011 0.054000000000000055
1 0.8340000000000001 0.9 0.055999999999999946 0.04400000000000006
1 0.858 0.9325 0.055999999999999946 0.040999999999999946
1 0.7495 0.8785 0.04900000000000006 0.039000000000000055
1 0.7334999999999999 0.8184999999999999 0.05099999999999994 0.04900000000000006
1 0.765 0.84 0.041999999999999885 0.03800000000000012
1 0.7695000000000001 0.7909999999999999 0.039000000000000055 0.03800000000000012
1 0.797 0.795 0.041999999999999885 0.06400000000000006
1 0.899 0.6515000000000001 0.041999999999999885 0.04900000000000006
1 0.9195 0.5985 0.035 0.05900000000000006
1 0.9475 0.565 0.035 0.04200000000000003
1 0.9670000000000001 0.5215 0.054000000000000055 0.04700000000000003
1 0.9490000000000001 0.626 0.041999999999999885 0.05799999999999997
1 0.976 0.624 0.04800000000000011 0.06200000000000003
1 0.993 0.57 0.014000000000000058 0.04400000000000006