1 0.48100000000000004 0.6729999999999999 0.046 0.06
1 0.581 0.789 0.06 0.07400000000000001
1 0.45649999999999996 0.8215 0.049 0.043
1 0.662 0.922 0.044000000000000004 0.046
1 0.6865000000000001 0.983 0.040999999999999995 0.034
1 0.7120000000000001 0.941 0.057999999999999996 0.042
1 0.8575 0.9804999999999999 0.063 0.028999999999999998
1 0.4525 0.977 0.053 0.046
1 0.4205 0.8540000000000001 0.053 0.055999999999999994
1 0.4035 0.72 0.039 0.057999999999999996
1 0.41700000000000004 0.6315 0.066 0.069
1 0.4165 0.486 0.061 0.062
1 0.5725 0.49950000000000006 0.043 0.053
1 0.595 0.526 0.036000000000000004 0.05
1 0.667 0.49950000000000006 0.055999999999999994 0.055
1 0.7445 0.5145000000000001 0.069 0.073
1 0.754 0.5660000000000001 0.064 0.06
1 0.7885 0.6385000000000001 0.047 0.045
1 0.7855 0.721 0.039 0.038
1 0.8190000000000001 0.6925 0.046 0.045
1 0.7105 0.718 0.051 0.048
1 0.7020000000000001 0.6695 0.032 0.031
1 0.636 0.6455 0.052000000000000005 0.057
1 0.557 0.6285000000000001 0.038 0.047
1 0.6225 0.5885 0.053 0.059000000000000004
1 0.5235 0.34600000000000003 0.033 0.062
1 0.621 0.3975 0.036000000000000004 0.045
1 0.6629999999999999 0.42700000000000005 0.04 0.054000000000000006
1 0.727 0.385 0.038 0.05
1 0.40399999999999997 0.2735 0.026000000000000002 0.033
1 0.409 0.3455 0.03 0.055
1 0.44799999999999995 0.3125 0.066 0.057
1 0.4445 0.37 0.043 0.07400000000000001
1 0.5455 0.228 0.039 0.046
1 0.5195000000000001 0.175 0.039 0.068
1 0.612 0.165 0.046 0.048
1 0.6709999999999999 0.154 0.036000000000000004 0.054000000000000006
1 0.693 0.055 0.03 0.054000000000000006
1 0.6375 0.0745 0.055 0.067
1 0.7340000000000001 0.2125 0.044000000000000004 0.061
1 0.8654999999999999 0.27399999999999997 0.035 0.055999999999999994
1 0.7395 0.316 0.079 0.052000000000000005
1 0.8245 0.0745 0.071 0.047
1 0.805 0.155 0.07400000000000001 0.07400000000000001
1 0.574 0.314 0.036000000000000004 0.042
1 0.6075 0.27399999999999997 0.045 0.07
1 0.6405 0.2525 0.055 0.047
1 0.64 0.2065 0.044000000000000004 0.043
1 0.4325 0.21350000000000002 0.069 0.055
1 0.45399999999999996 0.16899999999999998 0.05 0.04
1 0.44049999999999995 0.1325 0.043 0.047
1 0.41950000000000004 0.18350000000000002 0.057 0.047
1 0.4325 0.555 0.045 0.038
1 0.9355 0.414 0.047 0.042
1 0.977 0.3815 0.046 0.047
1 0.9165000000000001 0.3765 0.051 0.049
1 0.9845 0.428 0.031 0.052000000000000005
1 0.797 0.4035 0.06 0.049
1 0.838 0.3525 0.042 0.077
1 0.894 0.0155 0.042 0.031
1 0.8875 0.1315 0.040999999999999995 0.081
1 0.9329999999999999 0.133 0.038 0.078
1 0.9875 0.258 0.025 0.042
1 0.937 0.9059999999999999 0.038 0.062
1 0.98 0.9185 0.04 0.039
1 0.858 0.823 0.048 0.054000000000000006
1 0.8340000000000001 0.9 0.055999999999999994 0.044000000000000004
1 0.858 0.9325 0.055999999999999994 0.040999999999999995
1 0.7495 0.8785 0.049 0.039
1 0.7334999999999999 0.8184999999999999 0.051 0.049
1 0.765 0.84 0.042 0.038
1 0.7695000000000001 0.7909999999999999 0.039 0.038
1 0.797 0.795 0.042 0.064
1 0.899 0.6515000000000001 0.042 0.049
1 0.9195 0.5985 0.035 0.059000000000000004
1 0.9475 0.565 0.035 0.042
1 0.9670000000000001 0.5215 0.054000000000000006 0.047
1 0.9490000000000001 0.626 0.042 0.057999999999999996
1 0.976 0.624 0.048 0.062
1 0.993 0.57 0.013999999999999999 0.044000000000000004