1 0.052000000000000005 0.1195 0.04799999999999999 0.045
1 0.14800000000000002 0.10550000000000001 0.04200000000000001 0.04899999999999999
1 0.2655 0.107 0.037000000000000026 0.041999999999999996
1 0.3105 0.11800000000000001 0.04899999999999999 0.041999999999999996
1 0.38049999999999995 0.07050000000000001 0.04299999999999997 0.04500000000000001
1 0.402 0.0195 0.04400000000000006 0.039
1 0.1805 0.0115 0.04299999999999999 0.021000000000000005
1 0.235 0.032 0.056000000000000015 0.04200000000000001
1 0.5095000000000001 0.073 0.029000000000000057 0.046
1 0.5145000000000001 0.023 0.030999999999999944 0.032
1 0.546 0.054000000000000006 0.03599999999999994 0.046
1 0.556 0.0955 0.03599999999999994 0.03899999999999999
1 0.5385 0.16899999999999998 0.04900000000000006 0.07399999999999998
1 0.574 0.014499999999999999 0.04799999999999997 0.028999999999999998
1 0.6505 0.028500000000000004 0.05099999999999994 0.049
1 0.726 0.067 0.04800000000000011 0.044000000000000004
1 0.7559999999999999 0.0415 0.03800000000000012 0.04699999999999999
1 0.877 0.02 0.041999999999999885 0.04
1 0.9775 0.0225 0.045 0.045
1 0.8645 0.098 0.040999999999999946 0.05399999999999999
1 0.8975 0.1015 0.039000000000000055 0.045
1 0.924 0.07 0.04 0.04
1 0.7145 0.1855 0.029000000000000057 0.04700000000000003
1 0.7515000000000001 0.1885 0.04699999999999989 0.04700000000000003
1 0.836 0.14800000000000002 0.04 0.043999999999999984
1 0.851 0.179 0.04 0.03600000000000001
1 0.888 0.22149999999999997 0.03400000000000006 0.038999999999999986
1 0.9420000000000001 0.27699999999999997 0.04 0.04200000000000003
1 0.973 0.2455 0.03800000000000012 0.041000000000000016
1 0.981 0.33049999999999996 0.03800000000000012 0.06299999999999997
1 0.9470000000000001 0.41200000000000003 0.04800000000000011 0.045999999999999944
1 0.853 0.35100000000000003 0.04 0.045999999999999944
1 0.7905 0.38049999999999995 0.040999999999999946 0.06099999999999994
1 0.775 0.3285 0.028000000000000115 0.029000000000000022
1 0.7709999999999999 0.287 0.03199999999999989 0.03
1 0.6759999999999999 0.282 0.04800000000000011 0.043999999999999984
1 0.589 0.28600000000000003 0.03599999999999994 0.04200000000000003
1 0.621 0.32549999999999996 0.043999999999999984 0.055
1 0.6895 0.32549999999999996 0.04699999999999989 0.04299999999999997
1 0.695 0.4225 0.03400000000000006 0.037000000000000026
1 0.7190000000000001 0.364 0.04 0.05799999999999997
1 0.7515000000000001 0.39399999999999996 0.039000000000000055 0.04400000000000006
1 0.836 0.42450000000000004 0.054000000000000055 0.05900000000000006
1 0.3605 0.162 0.035 0.043999999999999984
1 0.3935 0.209 0.045 0.03399999999999999
1 0.415 0.16949999999999998 0.03599999999999994 0.045
1 0.41850000000000004 0.281 0.040999999999999946 0.03799999999999997
1 0.29600000000000004 0.304 0.03799999999999997 0.03799999999999997
1 0.33549999999999996 0.3025 0.025 0.028999999999999984
1 0.365 0.268 0.027999999999999973 0.03799999999999997
1 0.31 0.226 0.04799999999999997 0.043999999999999984
1 0.09699999999999999 0.1875 0.033999999999999996 0.04299999999999997
1 0.14 0.1875 0.04 0.04700000000000003
1 0.013000000000000001 0.213 0.026000000000000002 0.04200000000000003
1 0.0265 0.2645 0.053 0.045
1 0.026000000000000002 0.327 0.052000000000000005 0.05400000000000002
1 0.155 0.2445 0.03200000000000001 0.041000000000000016
1 0.19699999999999998 0.213 0.04 0.053999999999999986
1 0.21899999999999997 0.24 0.03799999999999997 0.05
1 0.098 0.37200000000000005 0.03 0.03400000000000006
1 0.12300000000000001 0.337 0.03600000000000001 0.03400000000000006
1 0.1415 0.3025 0.044999999999999984 0.04299999999999997
1 0.184 0.3055 0.027999999999999973 0.05100000000000002
1 0.18 0.37799999999999995 0.04 0.054000000000000055
1 0.13449999999999998 0.41100000000000003 0.04300000000000001 0.04
1 0.06 0.3685 0.05399999999999999 0.040999999999999946
1 0.22649999999999998 0.436 0.032999999999999974 0.03400000000000006
1 0.28800000000000003 0.366 0.05 0.06
1 0.336 0.3505 0.03200000000000003 0.05900000000000006
1 0.33299999999999996 0.43799999999999994 0.03400000000000002 0.054000000000000055
1 0.4275 0.406 0.05099999999999994 0.052000000000000025
1 0.457 0.359 0.04799999999999997 0.04799999999999997
1 0.47950000000000004 0.33649999999999997 0.04700000000000003 0.04099999999999998
1 0.512 0.3635 0.06200000000000003 0.07299999999999997
1 0.4585 0.461 0.027000000000000027 0.04
1 0.38049999999999995 0.5175 0.037000000000000026 0.037000000000000026
1 0.382 0.48450000000000004 0.03 0.029000000000000057
1 0.248 0.4625 0.027999999999999973 0.035
1 0.2755 0.486 0.045 0.04400000000000006
1 0.5055 0.46149999999999997 0.06700000000000003 0.05700000000000003
1 0.5475 0.4985 0.040999999999999946 0.04299999999999997
1 0.5345 0.5465 0.037000000000000026 0.037000000000000026
1 0.7090000000000001 0.51 0.054000000000000055 0.04799999999999997
1 0.7505 0.5525 0.035 0.039000000000000055
1 0.82 0.5375 0.03400000000000006 0.039000000000000055
1 0.8255 0.502 0.053000000000000116 0.03200000000000003
1 0.9395 0.5185 0.04900000000000006 0.040999999999999946
1 0.9355 0.5660000000000001 0.039000000000000055 0.04200000000000003
1 0.9740000000000001 0.562 0.04800000000000011 0.04799999999999997
1 0.985 0.6305 0.03 0.04699999999999996
1 0.8220000000000001 0.6275 0.041999999999999885 0.05300000000000004
1 0.8504999999999999 0.578 0.039000000000000055 0.04400000000000006
1 0.8645 0.6045 0.03300000000000011 0.04700000000000003
1 0.7635 0.6065 0.039000000000000055 0.037000000000000026
1 0.633 0.58 0.041999999999999954 0.03400000000000006
1 0.662 0.5575 0.03800000000000012 0.037000000000000026
1 0.555 0.622 0.045999999999999944 0.03800000000000004
1 0.5575 0.5815 0.04299999999999997 0.030999999999999944
1 0.5765 0.5605 0.04900000000000006 0.032999999999999974
1 0.2305 0.65 0.038999999999999986 0.03400000000000006
1 0.244 0.6075 0.04600000000000001 0.037000000000000026
1 0.26899999999999996 0.573 0.03399999999999999 0.03799999999999997
1 0.3175 0.5965 0.04900000000000002 0.04700000000000003
1 0.4 0.59 0.04799999999999997 0.04799999999999997
1 0.45049999999999996 0.61 0.045 0.04799999999999997
1 0.1685 0.561 0.055 0.054000000000000055
1 0.0415 0.4805 0.03900000000000001 0.035
1 0.07400000000000001 0.46049999999999996 0.04 0.040999999999999946
1 0.076 0.5845 0.036000000000000004 0.032999999999999974
1 0.0265 0.5770000000000001 0.047 0.052000000000000025
1 0.014499999999999999 0.6595 0.028999999999999998 0.06099999999999994
1 0.063 0.6405 0.05000000000000001 0.04699999999999996
1 0.0365 0.5395 0.033 0.04900000000000006
1 0.065 0.5325 0.036000000000000004 0.04700000000000003
1 0.1045 0.5535 0.063 0.065
1 0.27649999999999997 0.6609999999999999 0.06100000000000001 0.04400000000000006
1 0.3385 0.6995 0.04299999999999997 0.043000000000000115
1 0.3895 0.6825 0.04700000000000003 0.055
1 0.45399999999999996 0.6675 0.05 0.05099999999999994
1 0.515 0.672 0.03599999999999994 0.045999999999999944
1 0.5325 0.7509999999999999 0.030999999999999944 0.07
1 0.5660000000000001 0.691 0.04400000000000006 0.04
1 0.6509999999999999 0.643 0.03400000000000006 0.03400000000000006
1 0.6745 0.6265 0.040999999999999946 0.032999999999999974
1 0.7015 0.591 0.04900000000000006 0.045999999999999944
1 0.732 0.7070000000000001 0.045999999999999944 0.041999999999999885
1 0.75 0.665 0.028000000000000115 0.041999999999999885
1 0.7835 0.669 0.045 0.025999999999999943
1 0.8240000000000001 0.703 0.03599999999999994 0.03800000000000012
1 0.855 0.6855 0.03800000000000012 0.040999999999999946
1 0.9209999999999999 0.6945 0.03599999999999994 0.045
1 0.9665 0.695 0.06699999999999989 0.045999999999999944
1 0.6915 0.7040000000000001 0.035 0.03199999999999989
1 0.61 0.7395 0.03599999999999994 0.039000000000000055
1 0.611 0.7005 0.04799999999999997 0.03699999999999989
1 0.6425 0.758 0.05300000000000004 0.03199999999999989
1 0.48700000000000004 0.7735 0.03799999999999997 0.03300000000000011
1 0.8140000000000001 0.7985 0.04 0.04699999999999989
1 0.0215 0.8865000000000001 0.03899999999999999 0.056999999999999884
1 0.02 0.976 0.032 0.03599999999999994
1 0.0825 0.9834999999999999 0.03899999999999999 0.03300000000000011
1 0.121 0.9815 0.041999999999999996 0.03699999999999989
1 0.16449999999999998 0.983 0.04299999999999999 0.03400000000000006
1 0.0415 0.7565000000000001 0.03900000000000001 0.043000000000000115
1 0.067 0.7975 0.046 0.043000000000000115
1 0.159 0.866 0.041999999999999996 0.045999999999999944
1 0.1075 0.8205 0.04699999999999999 0.043000000000000115
1 0.16399999999999998 0.7885 0.056000000000000015 0.07300000000000012
1 0.1065 0.759 0.03699999999999999 0.05199999999999989
1 0.06449999999999999 0.722 0.05499999999999999 0.04400000000000006
1 0.1105 0.706 0.04300000000000001 0.03400000000000006
1 0.1895 0.9515 0.04899999999999999 0.053000000000000116
1 0.2425 0.8625 0.028999999999999984 0.04900000000000006
1 0.22699999999999998 0.807 0.043999999999999984 0.03800000000000012
1 0.26899999999999996 0.742 0.04600000000000001 0.03599999999999994
1 0.33649999999999997 0.9229999999999999 0.03900000000000002 0.03599999999999994
1 0.3725 0.9475 0.037000000000000026 0.045
1 0.29350000000000004 0.9765 0.04299999999999997 0.04699999999999989
1 0.507 0.956 0.04 0.04800000000000011
1 0.309 0.8805 0.04799999999999997 0.039000000000000055
1 0.295 0.8440000000000001 0.04 0.04400000000000006
1 0.306 0.8105 0.04400000000000002 0.03699999999999989
1 0.316 0.775 0.04400000000000002 0.041999999999999885
1 0.34 0.833 0.04 0.04400000000000006
1 0.42 0.867 0.025999999999999943 0.025999999999999943
1 0.4255 0.835 0.045 0.03400000000000006
1 0.4365 0.7965000000000001 0.055 0.040999999999999946
1 0.45299999999999996 0.8959999999999999 0.04799999999999997 0.06400000000000006
1 0.48700000000000004 0.9045000000000001 0.055999999999999946 0.040999999999999946
1 0.5785 0.846 0.04700000000000003 0.05199999999999989
1 0.6955 0.758 0.040999999999999946 0.03599999999999994
1 0.708 0.8079999999999999 0.03199999999999989 0.06
1 0.665 0.9009999999999999 0.041999999999999885 0.04800000000000011
1 0.6859999999999999 0.8805 0.03400000000000006 0.025
1 0.5670000000000001 0.9009999999999999 0.06 0.05199999999999989
1 0.6305 0.847 0.043000000000000045 0.04800000000000011
1 0.7925 0.8845000000000001 0.026999999999999885 0.035
1 0.7979999999999999 0.9384999999999999 0.05199999999999989 0.03300000000000011
1 0.79 0.9865 0.03400000000000006 0.026999999999999885
1 0.929 0.7785 0.054000000000000055 0.05099999999999994
1 0.9605 0.873 0.043000000000000115 0.03800000000000012
1 0.972 0.8375 0.041999999999999885 0.03699999999999989
1 0.9840000000000001 0.8045 0.03199999999999989 0.05099999999999994
1 0.8595 0.9595 0.039000000000000055 0.053000000000000116
1 0.858 0.912 0.041999999999999885 0.03800000000000012
1 0.9195 0.968 0.056999999999999884 0.05199999999999989
1 0.885 0.9465 0.03800000000000012 0.05099999999999994