1 0.05 0.12 0.05 0.045
1 0.15 0.105 0.04 0.05
1 0.265 0.105 0.035 0.04
1 0.31 0.12 0.05 0.04
1 0.38 0.07 0.045 0.045
1 0.4 0.02 0.045 0.04
1 0.18 0.01 0.045 0.02
1 0.235 0.03 0.055 0.04
1 0.51 0.075 0.03 0.045
1 0.515 0.025 0.03 0.03
1 0.545 0.055 0.035 0.045
1 0.555 0.095 0.035 0.04
1 0.54 0.17 0.05 0.075
1 0.575 0.015 0.05 0.03
1 0.65 0.03 0.05 0.05
1 0.725 0.065 0.05 0.045
1 0.755 0.04 0.04 0.045
1 0.875 0.02 0.04 0.04
1 0.975 0.02 0.05 0.04
1 0.865 0.1 0.04 0.055
1 0.9 0.1 0.04 0.045
1 0.925 0.07 0.04 0.04
1 0.715 0.185 0.03 0.045
1 0.75 0.19 0.045 0.045
1 0.835 0.15 0.04 0.045
1 0.85 0.18 0.04 0.035
1 0.89 0.22 0.035 0.04
1 0.94 0.275 0.04 0.04
1 0.975 0.245 0.04 0.04
1 0.98 0.33 0.04 0.065
1 0.945 0.41 0.05 0.045
1 0.855 0.35 0.04 0.045
1 0.79 0.38 0.04 0.06
1 0.775 0.33 0.03 0.03
1 0.77 0.285 0.03 0.03
1 0.675 0.28 0.05 0.045
1 0.59 0.285 0.035 0.04
1 0.62 0.325 0.045 0.055
1 0.69 0.325 0.045 0.045
1 0.695 0.42 0.035 0.035
1 0.72 0.365 0.04 0.06
1 0.75 0.395 0.04 0.045
1 0.835 0.425 0.055 0.06
1 0.36 0.16 0.035 0.045
1 0.395 0.21 0.045 0.035
1 0.415 0.17 0.035 0.045
1 0.42 0.28 0.04 0.04
1 0.295 0.305 0.04 0.04
1 0.335 0.3 0.025 0.03
1 0.365 0.27 0.03 0.04
1 0.31 0.225 0.05 0.045
1 0.095 0.19 0.035 0.045
1 0.14 0.19 0.04 0.045
1 0.015 0.215 0.025 0.04
1 0.025 0.26 0.05 0.04
1 0.025 0.325 0.05 0.055
1 0.155 0.245 0.03 0.04
1 0.195 0.215 0.04 0.055
1 0.22 0.24 0.04 0.05
1 0.1 0.37 0.03 0.035
1 0.125 0.335 0.035 0.035
1 0.14 0.3 0.045 0.045
1 0.185 0.305 0.03 0.05
1 0.18 0.38 0.04 0.055
1 0.135 0.41 0.045 0.04
1 0.06 0.37 0.055 0.04
1 0.225 0.435 0.035 0.035
1 0.29 0.365 0.05 0.06
1 0.335 0.35 0.03 0.06
1 0.335 0.44 0.035 0.055
1 0.43 0.405 0.05 0.05
1 0.455 0.36 0.05 0.05
1 0.48 0.335 0.045 0.04
1 0.51 0.365 0.06 0.075
1 0.46 0.46 0.025 0.04
1 0.38 0.52 0.035 0.035
1 0.38 0.485 0.03 0.03
1 0.25 0.46 0.03 0.035
1 0.275 0.485 0.045 0.045
1 0.505 0.46 0.065 0.055
1 0.55 0.5 0.04 0.045
1 0.535 0.545 0.035 0.035
1 0.71 0.51 0.055 0.05
1 0.75 0.55 0.035 0.04
1 0.82 0.54 0.035 0.04
1 0.825 0.5 0.055 0.03
1 0.94 0.52 0.05 0.04
1 0.935 0.565 0.04 0.04
1 0.975 0.56 0.05 0.05
1 0.985 0.63 0.03 0.045
1 0.82 0.63 0.04 0.055
1 0.85 0.58 0.04 0.045
1 0.865 0.605 0.035 0.045
1 0.765 0.605 0.04 0.035
1 0.635 0.58 0.04 0.035
1 0.66 0.56 0.04 0.035
1 0.555 0.62 0.045 0.04
1 0.56 0.58 0.045 0.03
1 0.575 0.56 0.05 0.035
1 0.23 0.65 0.04 0.035
1 0.245 0.61 0.045 0.035
1 0.27 0.575 0.035 0.04
1 0.32 0.595 0.05 0.045
1 0.4 0.59 0.05 0.05
1 0.45 0.61 0.045 0.05
1 0.17 0.56 0.055 0.055
1 0.04 0.48 0.04 0.035
1 0.075 0.46 0.04 0.04
1 0.075 0.585 0.035 0.035
1 0.025 0.575 0.045 0.05
1 0.015 0.66 0.03 0.06
1 0.065 0.64 0.05 0.045
1 0.035 0.54 0.035 0.05
1 0.065 0.53 0.035 0.045
1 0.105 0.555 0.065 0.065
1 0.275 0.66 0.06 0.045
1 0.34 0.7 0.045 0.045
1 0.39 0.68 0.045 0.055
1 0.455 0.67 0.05 0.05
1 0.515 0.67 0.035 0.045
1 0.53 0.75 0.03 0.07
1 0.565 0.69 0.045 0.04
1 0.65 0.645 0.035 0.035
1 0.675 0.625 0.04 0.035
1 0.7 0.59 0.05 0.045
1 0.73 0.705 0.045 0.04
1 0.75 0.665 0.03 0.04
1 0.785 0.67 0.045 0.025
1 0.825 0.705 0.035 0.04
1 0.855 0.685 0.04 0.04
1 0.92 0.695 0.035 0.045
1 0.965 0.695 0.065 0.045
1 0.69 0.705 0.035 0.03
1 0.61 0.74 0.035 0.04
1 0.61 0.7 0.05 0.035
1 0.64 0.76 0.055 0.03
1 0.485 0.775 0.04 0.035
1 0.815 0.8 0.04 0.045
1 0.02 0.885 0.04 0.055
1 0.02 0.975 0.03 0.035
1 0.08 0.98 0.04 0.04
1 0.12 0.98 0.04 0.035
1 0.16 0.98 0.04 0.04
1 0.04 0.755 0.04 0.045
1 0.065 0.8 0.045 0.045
1 0.16 0.865 0.04 0.045
1 0.11 0.82 0.045 0.045
1 0.165 0.79 0.055 0.075
1 0.105 0.76 0.035 0.05
1 0.065 0.72 0.055 0.045
1 0.11 0.705 0.045 0.035
1 0.19 0.95 0.05 0.055
1 0.24 0.86 0.03 0.05
1 0.225 0.805 0.045 0.04
1 0.27 0.74 0.045 0.035
1 0.335 0.925 0.04 0.035
1 0.37 0.95 0.035 0.045
1 0.295 0.975 0.045 0.045
1 0.505 0.955 0.04 0.05
1 0.31 0.88 0.05 0.04
1 0.295 0.845 0.04 0.045
1 0.305 0.81 0.045 0.035
1 0.315 0.775 0.045 0.04
1 0.34 0.835 0.04 0.045
1 0.42 0.865 0.025 0.025
1 0.425 0.835 0.045 0.035
1 0.435 0.795 0.055 0.04
1 0.455 0.895 0.05 0.065
1 0.485 0.905 0.055 0.04
1 0.58 0.845 0.045 0.05
1 0.695 0.76 0.04 0.035
1 0.71 0.81 0.03 0.06
1 0.665 0.9 0.04 0.05
1 0.685 0.88 0.035 0.025
1 0.565 0.9 0.06 0.05
1 0.63 0.845 0.045 0.05
1 0.79 0.885 0.025 0.035
1 0.8 0.94 0.05 0.035
1 0.79 0.985 0.035 0.025
1 0.93 0.78 0.055 0.05
1 0.96 0.875 0.045 0.04
1 0.97 0.84 0.04 0.035
1 0.985 0.805 0.03 0.05
1 0.86 0.96 0.04 0.055
1 0.86 0.91 0.04 0.04
1 0.92 0.97 0.055 0.05
1 0.885 0.945 0.04 0.05