1 0.865 0.11 0.055 0.05
1 0.885 0.07 0.06 0.045
1 0.935 0.065 0.05 0.065
1 0.95 0.015 0.05 0.025
1 0.84 0.02 0.065 0.035
1 0.855 0.035 0.05 0.04
1 0.88 0.195 0.035 0.04
1 0.86 0.35 0.05 0.035
1 0.875 0.3 0.04 0.04
1 0.865 0.26 0.045 0.045
1 0.905 0.22 0.05 0.035
1 0.935 0.19 0.04 0.04
1 0.93 0.16 0.045 0.04
1 0.89 0.335 0.035 0.035
1 0.905 0.305 0.04 0.03
1 0.93 0.28 0.045 0.045
1 0.955 0.3 0.05 0.05
1 0.965 0.255 0.045 0.03
1 0.975 0.23 0.05 0.04
1 0.945 0.395 0.055 0.045
1 0.97 0.365 0.06 0.05
1 0.955 0.435 0.04 0.05
1 0.93 0.585 0.045 0.05
1 0.925 0.525 0.045 0.05
1 0.98 0.51 0.035 0.065
1 0.985 0.455 0.03 0.04
1 0.81 0.475 0.05 0.055
1 0.895 0.495 0.045 0.045
1 0.96 0.63 0.045 0.045
1 0.97 0.6 0.06 0.04
1 0.94 0.705 0.05 0.055
1 0.725 0.72 0.05 0.055
1 0.64 0.9 0.045 0.045
1 0.635 0.865 0.04 0.04
1 0.665 0.835 0.035 0.03
1 0.685 0.815 0.045 0.035
1 0.565 0.865 0.045 0.045
1 0.62 0.81 0.055 0.05
1 0.68 0.78 0.035 0.05
1 0.68 0.975 0.06 0.05
1 0.605 0.98 0.05 0.04
1 0.615 0.955 0.045 0.045
1 0.665 0.925 0.035 0.04
1 0.725 0.88 0.055 0.05
1 0.73 0.83 0.045 0.04
1 0.75 0.785 0.04 0.035
1 0.765 0.76 0.055 0.045
1 0.755 0.74 0.05 0.05
1 0.76 0.68 0.045 0.045
1 0.81 0.67 0.035 0.035
1 0.84 0.675 0.04 0.04
1 0.865 0.66 0.04 0.045
1 0.895 0.645 0.045 0.04
1 0.795 0.66 0.045 0.035
1 0.83 0.61 0.05 0.045
1 0.815 0.575 0.05 0.035
1 0.69 0.34 0.055 0.05
1 0.74 0.34 0.04 0.035
1 0.735 0.315 0.045 0.055
1 0.785 0.27 0.06 0.05
1 0.735 0.215 0.05 0.045
1 0.755 0.235 0.04 0.04
1 0.805 0.155 0.055 0.04
1 0.695 0.19 0.05 0.045
1 0.66 0.14 0.04 0.045
1 0.7 0.13 0.045 0.05
1 0.73 0.13 0.045 0.04
1 0.735 0.095 0.045 0.045
1 0.685 0.03 0.055 0.045
1 0.695 0.005 0.05 0.01
1 0.555 0.015 0.065 0.03
1 0.575 0.035 0.04 0.035
1 0.425 0.035 0.05 0.05
1 0.47 0.165 0.06 0.045
1 0.505 0.135 0.04 0.05
1 0.57 0.195 0.05 0.045
1 0.6 0.145 0.05 0.045
1 0.615 0.075 0.045 0.05
1 0.655 0.1 0.045 0.04
1 0.715 0.66 0.04 0.055
1 0.725 0.625 0.05 0.03
1 0.755 0.865 0.03 0.035
1 0.775 0.845 0.04 0.045
1 0.805 0.81 0.055 0.045
1 0.845 0.985 0.05 0.03
1 0.865 0.955 0.05 0.05
1 0.86 0.9 0.04 0.045
1 0.89 0.905 0.045 0.045
1 0.935 0.925 0.04 0.05
1 0.945 0.87 0.035 0.035
1 0.96 0.9 0.04 0.045
1 0.99 0.935 0.015 0.045
1 0.985 0.885 0.025 0.045
1 0.975 0.97 0.05 0.06
1 0.785 0.945 0.055 0.055
1 0.505 0.985 0.05 0.03
1 0.56 0.95 0.05 0.035
1 0.595 0.91 0.045 0.05
1 0.38 0.98 0.06 0.04
1 0.41 0.96 0.05 0.04
1 0.395 0.935 0.045 0.045
1 0.415 0.89 0.05 0.05
1 0.475 0.875 0.05 0.05
1 0.525 0.84 0.05 0.04
1 0.48 0.815 0.045 0.05
1 0.535 0.83 0.04 0.045
1 0.505 0.945 0.045 0.05
1 0.515 0.63 0.05 0.055
1 0.575 0.63 0.04 0.045
1 0.595 0.66 0.05 0.055
1 0.42 0.74 0.05 0.055
1 0.39 0.81 0.05 0.05
1 0.03 0.845 0.045 0.05
1 0.005 0.805 0.01 0.05
1 0.05 0.815 0.025 0.035
1 0.065 0.8 0.035 0.055
1 0.12 0.855 0.045 0.05
1 0.16 0.865 0.045 0.05
1 0.185 0.915 0.045 0.05
1 0.12 0.945 0.055 0.05
1 0.255 0.97 0.05 0.055
1 0.27 0.93 0.035 0.05
1 0.315 0.96 0.055 0.055
1 0.295 0.9 0.035 0.06
1 0.335 0.935 0.05 0.035
1 0.325 0.895 0.05 0.045
1 0.2 0.84 0.055 0.065
1 0.235 0.865 0.05 0.055
1 0.255 0.815 0.04 0.05
1 0.275 0.85 0.05 0.055
1 0.165 0.805 0.05 0.06
1 0.01 0.625 0.015 0.085
1 0.065 0.69 0.045 0.04
1 0.085 0.71 0.05 0.05
1 0.115 0.675 0.06 0.075
1 0.13 0.73 0.05 0.055
1 0.265 0.7 0.05 0.055
1 0.295 0.64 0.055 0.05
1 0.32 0.545 0.055 0.05
1 0.075 0.58 0.06 0.05
1 0.06 0.525 0.055 0.065
1 0.03 0.365 0.06 0.065
1 0.01 0.325 0.015 0.05
1 0.035 0.31 0.04 0.05
1 0.035 0.255 0.05 0.055
1 0.065 0.39 0.045 0.045
1 0.085 0.36 0.055 0.06
1 0.085 0.435 0.055 0.035
1 0.105 0.405 0.04 0.045
1 0.145 0.43 0.04 0.05
1 0.15 0.395 0.035 0.04
1 0.14 0.365 0.05 0.055
1 0.165 0.325 0.05 0.045
1 0.09 0.305 0.055 0.05
1 0.145 0.305 0.035 0.045
1 0.1 0.265 0.05 0.045
1 0.14 0.22 0.04 0.055
1 0.05 0.085 0.05 0.05
1 0.05 0.06 0.045 0.035
1 0.085 0.1 0.045 0.055
1 0.1 0.155 0.045 0.05
1 0.145 0.145 0.04 0.045
1 0.15 0.115 0.04 0.05
1 0.225 0.11 0.055 0.045
1 0.095 0.045 0.045 0.045
1 0.145 0.045 0.05 0.055
1 0.18 0.02 0.045 0.035
1 0.21 0.065 0.045 0.035
1 0.225 0.04 0.06 0.025
1 0.22 0.015 0.05 0.03
1 0.31 0.04 0.045 0.045
1 0.355 0.07 0.05 0.05
1 0.4 0.145 0.07 0.055
1 0.485 0.265 0.05 0.045
1 0.355 0.36 0.055 0.065
1 0.21 0.36 0.04 0.045
1 0.275 0.355 0.04 0.06
1 0.335 0.305 0.045 0.055
1 0.385 0.3 0.04 0.05
1 0.415 0.29 0.05 0.055
1 0.4 0.235 0.045 0.045
1 0.45 0.225 0.04 0.035
1 0.505 0.215 0.055 0.065
1 0.45 0.385 0.045 0.05
1 0.505 0.375 0.04 0.05
1 0.495 0.325 0.045 0.045
1 0.54 0.285 0.045 0.05
1 0.575 0.345 0.03 0.035
1 0.54 0.515 0.05 0.055
1 0.575 0.46 0.045 0.05
1 0.615 0.41 0.04 0.04
1 0.6 0.39 0.035 0.04
1 0.59 0.365 0.035 0.04
1 0.59 0.485 0.04 0.045
1 0.645 0.43 0.055 0.05
1 0.21 0.275 0.035 0.035
1 0.265 0.305 0.05 0.04
1 0.19 0.465 0.04 0.04
1 0.22 0.485 0.045 0.045
1 0.23 0.425 0.035 0.045
1 0.255 0.43 0.03 0.04
1 0.25 0.41 0.03 0.03
1 0.25 0.505 0.045 0.04
1 0.29 0.47 0.035 0.025
1 0.275 0.455 0.035 0.04
1 0.41 0.5 0.055 0.045
1 0.435 0.445 0.045 0.04
1 0.42 0.41 0.045 0.035
1 0.45 0.53 0.04 0.05
1 0.465 0.565 0.035 0.035
1 0.49 0.56 0.045 0.035
1 0.51 0.59 0.045 0.045