1 0.8667 0.11 0.053300000000000125 0.05199999999999999
1 0.8859999999999999 0.0693 0.06 0.042699999999999995
1 0.9367 0.066 0.049300000000000066 0.06269999999999999
1 0.9506999999999999 0.0127 0.05069999999999993 0.025300000000000003
1 0.84 0.018000000000000002 0.06400000000000006 0.036000000000000004
1 0.8573000000000001 0.03470000000000001 0.04800000000000011 0.04
1 0.8806999999999999 0.19469999999999998 0.03599999999999994 0.04
1 0.858 0.3493 0.049300000000000066 0.03469999999999999
1 0.8753 0.2987 0.03870000000000005 0.04
1 0.8673000000000001 0.262 0.046699999999999874 0.043999999999999984
1 0.9053 0.2187 0.05069999999999993 0.03729999999999997
1 0.9353 0.1887 0.041299999999999955 0.041300000000000024
1 0.93 0.1613 0.046699999999999874 0.04
1 0.892 0.3347 0.03469999999999999 0.03730000000000001
1 0.9033 0.30469999999999997 0.03870000000000005 0.027999999999999973
1 0.93 0.2793 0.046699999999999874 0.04670000000000002
1 0.956 0.3013 0.05069999999999993 0.0507
1 0.9653 0.254 0.0427000000000001 0.027999999999999973
1 0.978 0.23600000000000002 0.04400000000000006 0.03729999999999997
1 0.9427 0.3947 0.053300000000000125 0.045300000000000014
1 0.9732999999999999 0.3713 0.053300000000000125 0.04400000000000006
1 0.9573 0.43729999999999997 0.04 0.04799999999999997
1 0.9287000000000001 0.584 0.046699999999999874 0.05070000000000007
1 0.9253 0.5273 0.0427000000000001 0.052000000000000025
1 0.9813 0.5086999999999999 0.037299999999999896 0.06269999999999996
1 0.986 0.4567 0.028000000000000115 0.041299999999999955
1 0.81 0.47600000000000003 0.049300000000000066 0.055999999999999946
1 0.8967 0.494 0.046699999999999874 0.04670000000000002
1 0.9593 0.6313 0.046699999999999874 0.04670000000000002
1 0.97 0.6 0.06 0.04
1 0.938 0.706 0.05199999999999989 0.05469999999999999
1 0.7273000000000001 0.7193 0.05199999999999989 0.05469999999999999
1 0.6386999999999999 0.9013 0.04529999999999994 0.0427000000000001
1 0.6333 0.8673000000000001 0.04 0.041299999999999955
1 0.6659999999999999 0.8373 0.03330000000000013 0.03199999999999989
1 0.684 0.8153 0.0427000000000001 0.03330000000000013
1 0.5660000000000001 0.8633 0.04400000000000006 0.04400000000000006
1 0.622 0.812 0.05469999999999999 0.05069999999999993
1 0.682 0.78 0.03599999999999994 0.04800000000000011
1 0.68 0.975 0.06 0.05
1 0.6073 0.9793000000000001 0.052000000000000025 0.041299999999999955
1 0.6147 0.9567 0.045300000000000014 0.046699999999999874
1 0.6673 0.9259999999999999 0.03599999999999994 0.041299999999999955
1 0.726 0.8793000000000001 0.0572999999999999 0.05199999999999989
1 0.7306999999999999 0.8312999999999999 0.045300000000000014 0.03870000000000005
1 0.7487 0.7853 0.041299999999999955 0.037299999999999896
1 0.7667 0.7613 0.053300000000000125 0.0427000000000001
1 0.7547 0.7413 0.04800000000000011 0.05069999999999993
1 0.7593000000000001 0.6812999999999999 0.046699999999999874 0.0427000000000001
1 0.812 0.6693000000000001 0.03469999999999999 0.03469999999999999
1 0.838 0.6759999999999999 0.03870000000000005 0.04
1 0.8673000000000001 0.662 0.041299999999999955 0.04669999999999994
1 0.8946999999999999 0.6433 0.0427000000000001 0.041299999999999955
1 0.7933 0.6587000000000001 0.0427000000000001 0.03469999999999999
1 0.8287 0.608 0.049300000000000066 0.04269999999999996
1 0.8127 0.5772999999999999 0.049300000000000066 0.03469999999999999
1 0.6893 0.34 0.055999999999999946 0.05069999999999997
1 0.742 0.34130000000000005 0.041299999999999955 0.03469999999999999
1 0.7373000000000001 0.314 0.045300000000000014 0.05469999999999999
1 0.7867000000000001 0.2707 0.06129999999999995 0.0507
1 0.7373000000000001 0.2167 0.05069999999999993 0.043999999999999984
1 0.7567 0.2353 0.041299999999999955 0.041300000000000024
1 0.8027 0.1573 0.055999999999999946 0.04
1 0.6927 0.1893 0.049300000000000066 0.045300000000000014
1 0.6579999999999999 0.1407 0.03870000000000005 0.04670000000000002
1 0.6987000000000001 0.1293 0.0427000000000001 0.04800000000000001
1 0.7293000000000001 0.132 0.0427000000000001 0.04
1 0.7353000000000001 0.0973 0.046699999999999874 0.045300000000000014
1 0.6827 0.0313 0.053300000000000125 0.044000000000000004
1 0.695 0.005 0.05 0.01
1 0.5539999999999999 0.013999999999999999 0.06530000000000001 0.027999999999999997
1 0.5767 0.0327 0.041299999999999955 0.036000000000000004
1 0.426 0.036000000000000004 0.04929999999999993 0.048
1 0.47200000000000003 0.166 0.058700000000000044 0.04670000000000002
1 0.5027 0.13269999999999998 0.04 0.0493
1 0.5707 0.19399999999999998 0.05070000000000007 0.04670000000000002
1 0.6007 0.14669999999999997 0.052000000000000025 0.04529999999999999
1 0.6127 0.0733 0.04400000000000006 0.0507
1 0.6567000000000001 0.098 0.04400000000000006 0.04129999999999999
1 0.7140000000000001 0.6579999999999999 0.041299999999999955 0.05729999999999997
1 0.7247 0.6253 0.049300000000000066 0.03199999999999996
1 0.7559999999999999 0.8653 0.02930000000000007 0.037299999999999896
1 0.7759999999999999 0.8453 0.04 0.045300000000000014
1 0.804 0.8093 0.055999999999999946 0.045300000000000014
1 0.846 0.9840000000000001 0.049300000000000066 0.03199999999999989
1 0.8640000000000001 0.9533 0.05069999999999993 0.05069999999999993
1 0.8587 0.8987 0.04 0.0427000000000001
1 0.888 0.9027 0.0427000000000001 0.045300000000000014
1 0.9353 0.9227 0.041299999999999955 0.05069999999999993
1 0.9427 0.87 0.03469999999999999 0.03330000000000013
1 0.9606999999999999 0.898 0.041299999999999955 0.046699999999999874
1 0.9913 0.9367 0.0172999999999999 0.04400000000000006
1 0.9873000000000001 0.8853 0.02530000000000001 0.0427000000000001
1 0.975 0.97 0.05 0.06
1 0.7873 0.9427 0.05469999999999999 0.053300000000000125
1 0.505 0.985 0.05 0.03
1 0.56 0.948 0.05069999999999993 0.037299999999999896
1 0.5947 0.912 0.045300000000000014 0.05069999999999993
1 0.38 0.98 0.06 0.04
1 0.4113 0.958 0.04929999999999993 0.041299999999999955
1 0.3953 0.9353 0.04670000000000002 0.046699999999999874
1 0.4167 0.89 0.052000000000000025 0.049300000000000066
1 0.4727 0.8773000000000001 0.052000000000000025 0.04800000000000011
1 0.524 0.8412999999999999 0.04799999999999997 0.04
1 0.4807 0.816 0.04670000000000002 0.05069999999999993
1 0.5373 0.8306999999999999 0.04 0.045300000000000014
1 0.5073 0.946 0.04400000000000006 0.05199999999999989
1 0.5167 0.6313000000000001 0.049300000000000066 0.05470000000000006
1 0.5772999999999999 0.6286999999999999 0.04 0.043999999999999984
1 0.5972999999999999 0.6613 0.04799999999999997 0.053300000000000056
1 0.4193 0.738 0.04929999999999993 0.05469999999999999
1 0.3887 0.8112999999999999 0.052000000000000025 0.049300000000000066
1 0.029299999999999996 0.846 0.042699999999999995 0.05199999999999989
1 0.005 0.805 0.01 0.05
1 0.048 0.8173 0.024000000000000004 0.03469999999999999
1 0.0667 0.802 0.034699999999999995 0.0572999999999999
1 0.1207 0.8573000000000001 0.043999999999999984 0.04800000000000011
1 0.1607 0.8673000000000001 0.04670000000000002 0.049300000000000066
1 0.18530000000000002 0.9147 0.04269999999999996 0.04800000000000011
1 0.1193 0.9433 0.05469999999999999 0.05199999999999989
1 0.254 0.972 0.0493 0.055999999999999946
1 0.2713 0.9287000000000001 0.03600000000000001 0.05199999999999989
1 0.31270000000000003 0.958 0.054700000000000026 0.05469999999999999
1 0.294 0.9 0.03600000000000001 0.058700000000000044
1 0.3353 0.9359999999999999 0.052000000000000025 0.037299999999999896
1 0.32530000000000003 0.8973 0.04799999999999997 0.045300000000000014
1 0.2007 0.8412999999999999 0.05730000000000004 0.06400000000000006
1 0.2373 0.8626999999999999 0.04799999999999997 0.053300000000000125
1 0.2547 0.8167 0.04 0.05199999999999989
1 0.276 0.85 0.0507 0.0572999999999999
1 0.16469999999999999 0.8067 0.0493 0.058700000000000044
1 0.008 0.6253 0.016 0.08270000000000004
1 0.06269999999999999 0.6893 0.045300000000000014 0.04
1 0.08529999999999999 0.7112999999999999 0.0507 0.05199999999999989
1 0.1127 0.674 0.06 0.07330000000000006
1 0.13 0.732 0.0493 0.055999999999999946
1 0.266 0.6987000000000001 0.052000000000000025 0.055999999999999946
1 0.29469999999999996 0.6386999999999999 0.05599999999999998 0.04799999999999997
1 0.3193 0.5453 0.05469999999999999 0.05069999999999993
1 0.07400000000000001 0.5820000000000001 0.06 0.049300000000000066
1 0.062 0.5267000000000001 0.054700000000000006 0.06400000000000006
1 0.030699999999999998 0.364 0.0613 0.06670000000000002
1 0.0087 0.3267 0.0173 0.04799999999999997
1 0.0333 0.3107 0.04 0.05070000000000004
1 0.0333 0.254 0.04800000000000001 0.05469999999999999
1 0.0647 0.3893 0.0467 0.045300000000000014
1 0.08529999999999999 0.3613 0.05330000000000001 0.06129999999999995
1 0.0867 0.43729999999999997 0.05330000000000001 0.03730000000000004
1 0.10400000000000001 0.40399999999999997 0.04 0.045300000000000014
1 0.1447 0.42869999999999997 0.04129999999999999 0.04929999999999993
1 0.1507 0.3953 0.037299999999999986 0.041299999999999955
1 0.14 0.3653 0.04799999999999999 0.053299999999999986
1 0.16269999999999998 0.3233 0.04799999999999999 0.04670000000000002
1 0.0907 0.3073 0.05329999999999999 0.0493
1 0.1433 0.30269999999999997 0.03330000000000002 0.04270000000000003
1 0.098 0.2673 0.0493 0.04670000000000002
1 0.138 0.2213 0.04129999999999999 0.053299999999999986
1 0.0507 0.0867 0.04800000000000001 0.0507
1 0.0493 0.0613 0.042699999999999995 0.03730000000000001
1 0.0833 0.1007 0.04669999999999999 0.057300000000000004
1 0.0987 0.1547 0.045300000000000014 0.04800000000000001
1 0.1427 0.14529999999999998 0.04 0.04529999999999999
1 0.14800000000000002 0.1133 0.04 0.0507
1 0.2227 0.11130000000000001 0.056000000000000015 0.04400000000000002
1 0.0967 0.0467 0.04669999999999999 0.045300000000000014
1 0.14400000000000002 0.0447 0.05070000000000002 0.054700000000000006
1 0.182 0.0187 0.043999999999999984 0.03730000000000001
1 0.2113 0.0667 0.043999999999999984 0.034699999999999995
1 0.2227 0.042 0.06130000000000003 0.022699999999999994
1 0.2207 0.0147 0.0493 0.029300000000000003
1 0.31199999999999994 0.03930000000000001 0.04529999999999998 0.0467
1 0.3533 0.07129999999999999 0.05069999999999993 0.04929999999999999
1 0.40130000000000005 0.1447 0.06929999999999993 0.057300000000000004
1 0.4827 0.26530000000000004 0.04799999999999997 0.04269999999999996
1 0.35600000000000004 0.3607 0.055999999999999946 0.06530000000000001
1 0.2107 0.36200000000000004 0.04 0.04670000000000002
1 0.2727 0.354 0.03869999999999998 0.06
1 0.336 0.30329999999999996 0.04269999999999996 0.05469999999999999
1 0.38270000000000004 0.3007 0.04 0.04929999999999996
1 0.4153 0.2887 0.049300000000000066 0.05469999999999999
1 0.402 0.23670000000000002 0.04670000000000002 0.04670000000000002
1 0.45 0.2273 0.041299999999999955 0.03600000000000001
1 0.5053 0.2167 0.053299999999999986 0.06269999999999996
1 0.45 0.384 0.04670000000000002 0.04799999999999997
1 0.5033 0.37270000000000003 0.041299999999999955 0.052000000000000025
1 0.4927 0.32270000000000004 0.04670000000000002 0.045300000000000014
1 0.54 0.284 0.04269999999999996 0.0507
1 0.5733 0.3453 0.03200000000000003 0.03469999999999999
1 0.5407 0.5167 0.052000000000000025 0.05469999999999999
1 0.574 0.4607 0.04400000000000006 0.052000000000000025
1 0.6127 0.41 0.03870000000000005 0.03870000000000005
1 0.5992999999999999 0.39130000000000004 0.03329999999999998 0.041299999999999955
1 0.59 0.36729999999999996 0.03599999999999994 0.041299999999999955
1 0.5887 0.48729999999999996 0.03870000000000005 0.04400000000000006
1 0.6446999999999999 0.43200000000000005 0.05469999999999999 0.05069999999999993
1 0.20929999999999999 0.276 0.03469999999999999 0.03729999999999997
1 0.2633 0.306 0.052000000000000025 0.03870000000000001
1 0.19 0.4633 0.03869999999999998 0.041299999999999955
1 0.2213 0.484 0.045300000000000014 0.04269999999999996
1 0.23199999999999998 0.4267 0.03469999999999999 0.04269999999999996
1 0.25730000000000003 0.43 0.03200000000000003 0.041299999999999955
1 0.25 0.40869999999999995 0.027999999999999973 0.030699999999999932
1 0.25129999999999997 0.5033 0.04670000000000002 0.03870000000000005
1 0.2887 0.47200000000000003 0.03329999999999998 0.026700000000000015
1 0.276 0.4547 0.03469999999999999 0.04
1 0.41200000000000003 0.4987 0.053299999999999986 0.04269999999999996
1 0.4347 0.4447 0.04269999999999996 0.041299999999999955
1 0.4207 0.40869999999999995 0.04400000000000006 0.03329999999999998
1 0.452 0.53 0.04 0.049300000000000066
1 0.466 0.5633 0.03599999999999994 0.03329999999999998
1 0.488 0.5579999999999999 0.04269999999999996 0.03599999999999994
1 0.5107 0.5887 0.045300000000000014 0.04670000000000002