1 0.01 0.025 0.02 0.036000000000000004
1 0.034 0.0885 0.05 0.049
1 0.08800000000000001 0.076 0.046 0.034
1 0.0795 0.0325 0.035 0.057
1 0.1565 0.012 0.073 0.024
1 0.16949999999999998 0.055 0.049 0.044000000000000004
1 0.201 0.0825 0.048 0.045
1 0.2145 0.057 0.043 0.044000000000000004
1 0.2545 0.11449999999999999 0.049 0.047
1 0.062 0.1685 0.042 0.040999999999999995
1 0.013999999999999999 0.2425 0.027999999999999997 0.021
1 0.014499999999999999 0.205 0.028999999999999998 0.038
1 0.009000000000000001 0.1705 0.018000000000000002 0.023
1 0.006500000000000001 0.28850000000000003 0.011000000000000001 0.019
1 0.009000000000000001 0.33799999999999997 0.012 0.027999999999999997
1 0.0565 0.27949999999999997 0.031 0.040999999999999995
1 0.07150000000000001 0.33549999999999996 0.040999999999999995 0.033
1 0.1565 0.2865 0.045 0.049
1 0.1115 0.247 0.045 0.036000000000000004
1 0.133 0.23399999999999999 0.032 0.046
1 0.16449999999999998 0.24050000000000002 0.033 0.031
1 0.1005 0.191 0.037000000000000005 0.027999999999999997
1 0.111 0.16649999999999998 0.04 0.035
1 0.13699999999999998 0.1335 0.032 0.037000000000000005
1 0.1635 0.1485 0.051 0.045
1 0.0115 0.43700000000000006 0.023 0.032
1 0.055999999999999994 0.5065 0.04 0.049
1 0.0165 0.569 0.033 0.048
1 0.048499999999999995 0.626 0.043 0.042
1 0.0735 0.5875 0.047 0.049
1 0.011000000000000001 0.7404999999999999 0.022000000000000002 0.049
1 0.0365 0.706 0.039 0.034
1 0.048 0.6709999999999999 0.046 0.026000000000000002
1 0.0375 0.7765000000000001 0.049 0.077
1 0.1315 0.8775 0.043 0.063
1 0.08349999999999999 0.9059999999999999 0.040999999999999995 0.032
1 0.026000000000000002 0.9575 0.034 0.081
1 0.1675 0.973 0.053 0.054000000000000006
1 0.2335 0.9684999999999999 0.059000000000000004 0.051
1 0.0105 0.8704999999999999 0.021 0.040999999999999995
1 0.03 0.8425 0.032 0.040999999999999995
1 0.1175 0.7105 0.043 0.040999999999999995
1 0.1305 0.6104999999999999 0.045 0.039
1 0.11699999999999999 0.395 0.042 0.042
1 0.1305 0.34149999999999997 0.037000000000000005 0.055
1 0.192 0.359 0.042 0.042
1 0.23600000000000002 0.3635 0.052000000000000005 0.047
1 0.292 0.34299999999999997 0.034 0.034
1 0.2525 0.268 0.059000000000000004 0.054000000000000006
1 0.26 0.1985 0.036000000000000004 0.037000000000000005
1 0.325 0.198 0.044000000000000004 0.046
1 0.3785 0.17600000000000002 0.037000000000000005 0.032
1 0.371 0.2735 0.044000000000000004 0.043
1 0.4205 0.39399999999999996 0.037000000000000005 0.05
1 0.278 0.406 0.032 0.036000000000000004
1 0.322 0.409 0.042 0.054000000000000006
1 0.354 0.4335 0.046 0.047
1 0.3375 0.48200000000000004 0.033 0.034
1 0.188 0.5835 0.024 0.049
1 0.22 0.5315 0.04 0.037000000000000005
1 0.2525 0.4975 0.027000000000000003 0.043
1 0.14800000000000002 0.5525 0.048 0.037000000000000005
1 0.1625 0.7190000000000001 0.035 0.04
1 0.1625 0.7955 0.045 0.053
1 0.1905 0.7645000000000001 0.040999999999999995 0.040999999999999995
1 0.2065 0.7404999999999999 0.037000000000000005 0.045
1 0.23600000000000002 0.638 0.05 0.038
1 0.22 0.608 0.042 0.038
1 0.2925 0.6125 0.045 0.040999999999999995
1 0.34950000000000003 0.632 0.061 0.055999999999999994
1 0.2615 0.6709999999999999 0.033 0.032
1 0.29350000000000004 0.679 0.045 0.042
1 0.35200000000000004 0.7045 0.034 0.035
1 0.376 0.7404999999999999 0.038 0.040999999999999995
1 0.4235 0.7165 0.031 0.037000000000000005
1 0.47850000000000004 0.7184999999999999 0.053 0.035
1 0.489 0.618 0.042 0.04
1 0.5415 0.596 0.039 0.034
1 0.5635 0.68 0.035 0.036000000000000004
1 0.607 0.7475 0.044000000000000004 0.039
1 0.5329999999999999 0.764 0.042 0.034
1 0.489 0.767 0.054000000000000006 0.038
1 0.5445 0.8059999999999999 0.039 0.03
1 0.5365 0.8675 0.071 0.053
1 0.4545 0.8975 0.045 0.043
1 0.32549999999999996 0.858 0.055 0.054000000000000006
1 0.341 0.8009999999999999 0.038 0.027999999999999997
1 0.2005 0.8715 0.043 0.047
1 0.1975 0.826 0.059000000000000004 0.034
1 0.21850000000000003 0.7905 0.051 0.040999999999999995
1 0.249 0.9 0.04 0.04
1 0.3045 0.9465 0.053 0.049
1 0.3505 0.9205 0.073 0.051
1 0.40149999999999997 0.8290000000000001 0.067 0.052000000000000005
1 0.40950000000000003 0.784 0.053 0.044000000000000004
1 0.4215 0.5015 0.039 0.057
1 0.4545 0.5035000000000001 0.040999999999999995 0.053
1 0.20350000000000001 0.4705 0.061 0.037000000000000005
1 0.22699999999999998 0.44299999999999995 0.036000000000000004 0.034
1 0.5045000000000001 0.39899999999999997 0.043 0.057999999999999996
1 0.5415 0.40850000000000003 0.043 0.055
1 0.5845 0.3825 0.047 0.045
1 0.5155 0.3065 0.045 0.053
1 0.5085000000000001 0.254 0.031 0.05
1 0.473 0.21 0.034 0.04
1 0.498 0.1525 0.027999999999999997 0.040999999999999995
1 0.46399999999999997 0.1015 0.03 0.037000000000000005
1 0.35950000000000004 0.1365 0.049 0.043
1 0.3475 0.067 0.037000000000000005 0.036000000000000004
1 0.39049999999999996 0.078 0.057 0.057999999999999996
1 0.3985 0.027999999999999997 0.073 0.036000000000000004
1 0.4495 0.0265 0.037000000000000005 0.047
1 0.6295000000000001 0.13849999999999998 0.037000000000000005 0.039
1 0.5725 0.21 0.040999999999999995 0.042
1 0.5655 0.3225 0.055 0.059000000000000004
1 0.5920000000000001 0.469 0.057999999999999996 0.06
1 0.612 0.5695 0.04 0.049
1 0.7 0.6884999999999999 0.042 0.035
1 0.649 0.691 0.06 0.042
1 0.662 0.6515000000000001 0.048 0.045
1 0.6759999999999999 0.8134999999999999 0.055999999999999994 0.049
1 0.657 0.7675 0.034 0.040999999999999995
1 0.723 0.816 0.055999999999999994 0.042
1 0.637 0.8325 0.05 0.071
1 0.5985 0.904 0.039 0.06
1 0.5954999999999999 0.987 0.033 0.026000000000000002
1 0.639 0.9655 0.04 0.045
1 0.542 0.99 0.026000000000000002 0.02
1 0.439 0.9525 0.036000000000000004 0.031
1 0.45549999999999996 0.9775 0.043 0.045
1 0.687 0.9584999999999999 0.042 0.039
1 0.6765000000000001 0.917 0.031 0.036000000000000004
1 0.7055 0.8785 0.027000000000000003 0.039
1 0.7475 0.7585 0.021 0.028999999999999998
1 0.78 0.7715000000000001 0.046 0.045
1 0.815 0.8445 0.044000000000000004 0.039
1 0.8915000000000001 0.812 0.047 0.04
1 0.9179999999999999 0.7545000000000001 0.04 0.047
1 0.961 0.767 0.044000000000000004 0.044000000000000004
1 0.9595 0.8554999999999999 0.045 0.040999999999999995
1 0.9904999999999999 0.8055 0.019 0.025
1 0.9155 0.9690000000000001 0.039 0.052000000000000005
1 0.833 0.9795 0.048 0.040999999999999995
1 0.7805 0.7005 0.045 0.073
1 0.737 0.6365 0.042 0.040999999999999995
1 0.745 0.595 0.034 0.046
1 0.7165 0.5565 0.021 0.025
1 0.7565000000000001 0.48450000000000004 0.040999999999999995 0.053
1 0.795 0.5605 0.042 0.040999999999999995
1 0.8504999999999999 0.527 0.040999999999999995 0.055999999999999994
1 0.8825 0.568 0.045 0.052000000000000005
1 0.9295 0.53 0.031 0.038
1 0.8965000000000001 0.6204999999999999 0.033 0.037000000000000005
1 0.9245 0.5954999999999999 0.039 0.051
1 0.8325 0.446 0.033 0.052000000000000005
1 0.7275 0.38299999999999995 0.049 0.048
1 0.6559999999999999 0.419 0.03 0.034
1 0.6729999999999999 0.395 0.034 0.034
1 0.6114999999999999 0.5195000000000001 0.040999999999999995 0.049
1 0.6495000000000001 0.5065 0.047 0.049
1 0.852 0.376 0.044000000000000004 0.05
1 0.887 0.39649999999999996 0.048 0.043
1 0.9329999999999999 0.42200000000000004 0.042 0.048
1 0.9345 0.3815 0.037000000000000005 0.043
1 0.9455 0.317 0.043 0.042
1 0.8865000000000001 0.311 0.047 0.048
1 0.8109999999999999 0.3135 0.04 0.055
1 0.7745000000000001 0.255 0.043 0.046
1 0.7390000000000001 0.20149999999999998 0.024 0.035
1 0.8425 0.1825 0.035 0.037000000000000005
1 0.6735 0.268 0.047 0.046
1 0.696 0.24850000000000003 0.042 0.040999999999999995
1 0.6375 0.2595 0.039 0.051
1 0.5605 0.13949999999999999 0.040999999999999995 0.040999999999999995
1 0.527 0.08349999999999999 0.034 0.040999999999999995
1 0.7140000000000001 0.135 0.05 0.042
1 0.765 0.1165 0.034 0.045
1 0.8434999999999999 0.087 0.047 0.042
1 0.8835 0.0655 0.047 0.053
1 0.8334999999999999 0.0335 0.047 0.043
1 0.802 0.014499999999999999 0.07200000000000001 0.028999999999999998
1 0.7415 0.020499999999999997 0.047 0.040999999999999995
1 0.5835 0.11699999999999999 0.043 0.04
1 0.609 0.0955 0.042 0.040999999999999995
1 0.6135 0.061 0.040999999999999995 0.054000000000000006
1 0.638 0.020499999999999997 0.032 0.037000000000000005
1 0.6765000000000001 0.0575 0.051 0.047
1 0.7340000000000001 0.0795 0.06 0.040999999999999995
1 0.9329999999999999 0.2625 0.04 0.037000000000000005
1 0.919 0.23600000000000002 0.034 0.027999999999999997
1 0.9754999999999999 0.237 0.037000000000000005 0.038
1 0.5585 0.069 0.049 0.042
1 0.583 0.0385 0.034 0.031
1 0.9445 0.20350000000000001 0.033 0.037000000000000005
1 0.9425 0.1705 0.043 0.033
1 0.9840000000000001 0.1685 0.032 0.047