1 0.02 0.22 0.04 0.035
1 0.03 0.27 0.045 0.04
1 0.095 0.265 0.05 0.035
1 0.16 0.29 0.035 0.03
1 0.075 0.175 0.045 0.06
1 0.11 0.12 0.04 0.03
1 0.05 0.065 0.035 0.025
1 0.065 0.02 0.055 0.04
1 0.105 0.06 0.04 0.05
1 0.165 0.085 0.06 0.035
1 0.155 0.05 0.045 0.06
1 0.235 0.13 0.035 0.045
1 0.18 0.16 0.04 0.055
1 0.26 0.205 0.05 0.04
1 0.31 0.15 0.05 0.06
1 0.24 0.075 0.045 0.04
1 0.305 0.035 0.065 0.06
1 0.39 0.02 0.055 0.04
1 0.42 0.105 0.05 0.05
1 0.47 0.155 0.055 0.05
1 0.6 0.095 0.045 0.04
1 0.61 0.14 0.05 0.035
1 0.66 0.13 0.04 0.045
1 0.685 0.08 0.05 0.045
1 0.665 0.215 0.03 0.04
1 0.74 0.15 0.045 0.04
1 0.78 0.195 0.035 0.035
1 0.825 0.16 0.055 0.04
1 0.905 0.145 0.045 0.03
1 0.89 0.11 0.035 0.04
1 0.94 0.21 0.035 0.035
1 0.72 0.065 0.03 0.04
1 0.75 0.07 0.045 0.07
1 0.84 0.015 0.085 0.025
1 0.975 0.015 0.05 0.03
1 0.985 0.06 0.03 0.045
1 0.75 0.26 0.04 0.05
1 0.865 0.305 0.03 0.03
1 0.9 0.31 0.04 0.03
1 0.92 0.285 0.04 0.045
1 0.985 0.285 0.03 0.03
1 0.335 0.27 0.03 0.035
1 0.37 0.335 0.025 0.03
1 0.38 0.3 0.04 0.035
1 0.41 0.33 0.05 0.03
1 0.24 0.315 0.03 0.055
1 0.28 0.315 0.04 0.06
1 0.095 0.325 0.045 0.045
1 0.05 0.335 0.04 0.04
1 0.13 0.36 0.035 0.035
1 0.06 0.45 0.03 0.03
1 0.08 0.42 0.04 0.04
1 0.175 0.415 0.03 0.035
1 0.205 0.445 0.03 0.035
1 0.285 0.4 0.035 0.045
1 0.41 0.395 0.05 0.045
1 0.49 0.33 0.03 0.03
1 0.46 0.28 0.04 0.05
1 0.51 0.27 0.045 0.05
1 0.55 0.305 0.04 0.05
1 0.6 0.365 0.04 0.045
1 0.655 0.365 0.03 0.04
1 0.74 0.34 0.055 0.045
1 0.605 0.32 0.045 0.04
1 0.595 0.29 0.03 0.025
1 0.53 0.365 0.035 0.035
1 0.55 0.38 0.045 0.04
1 0.58 0.42 0.04 0.04
1 0.5 0.445 0.045 0.035
1 0.595 0.46 0.04 0.04
1 0.665 0.495 0.045 0.045
1 0.735 0.44 0.035 0.035
1 0.78 0.445 0.05 0.04
1 0.865 0.44 0.04 0.04
1 0.91 0.44 0.04 0.045
1 0.83 0.395 0.05 0.04
1 0.915 0.39 0.05 0.045
1 0.75 0.535 0.04 0.05
1 0.635 0.585 0.035 0.035
1 0.675 0.595 0.04 0.04
1 0.7 0.565 0.035 0.03
1 0.465 0.52 0.045 0.05
1 0.425 0.49 0.055 0.045
1 0.32 0.525 0.05 0.035
1 0.33 0.485 0.03 0.025
1 0.245 0.535 0.035 0.035
1 0.19 0.52 0.045 0.055
1 0.145 0.535 0.035 0.035
1 0.015 0.55 0.03 0.04
1 0.065 0.535 0.035 0.035
1 0.04 0.67 0.06 0.045
1 0.02 0.73 0.04 0.035
1 0.015 0.87 0.025 0.06
1 0.015 0.81 0.03 0.04
1 0.055 0.78 0.05 0.045
1 0.075 0.735 0.05 0.035
1 0.065 0.87 0.035 0.04
1 0.035 0.965 0.05 0.065
1 0.125 0.965 0.06 0.06
1 0.16 0.94 0.05 0.05
1 0.23 0.935 0.06 0.04
1 0.235 0.88 0.055 0.05
1 0.29 0.835 0.045 0.055
1 0.165 0.745 0.055 0.045
1 0.35 0.71 0.045 0.05
1 0.38 0.76 0.04 0.045
1 0.45 0.665 0.025 0.045
1 0.46 0.615 0.03 0.05
1 0.39 0.605 0.045 0.065
1 0.495 0.675 0.03 0.05
1 0.53 0.68 0.04 0.05
1 0.615 0.66 0.04 0.065
1 0.55 0.79 0.04 0.045
1 0.555 0.88 0.07 0.05
1 0.545 0.83 0.04 0.035
1 0.48 0.825 0.045 0.045
1 0.455 0.77 0.04 0.05
1 0.425 0.72 0.04 0.045
1 0.27 0.72 0.05 0.045
1 0.16 0.7 0.05 0.04
1 0.15 0.665 0.05 0.045
1 0.21 0.69 0.045 0.04
1 0.245 0.675 0.05 0.045
1 0.27 0.64 0.045 0.045
1 0.38 0.82 0.045 0.035
1 0.385 0.865 0.035 0.03
1 0.375 0.915 0.04 0.03
1 0.34 0.99 0.04 0.02
1 0.4 0.925 0.03 0.03
1 0.415 0.885 0.04 0.05
1 0.63 0.84 0.03 0.035
1 0.725 0.895 0.055 0.045
1 0.61 0.985 0.035 0.03
1 0.495 0.985 0.045 0.025
1 0.615 0.91 0.05 0.05
1 0.67 0.72 0.035 0.045
1 0.725 0.765 0.03 0.035
1 0.76 0.735 0.025 0.035
1 0.765 0.82 0.045 0.04
1 0.815 0.75 0.035 0.045
1 0.81 0.805 0.045 0.055
1 0.815 0.865 0.035 0.04
1 0.835 0.885 0.045 0.03
1 0.87 0.86 0.045 0.05
1 0.865 0.935 0.045 0.05
1 0.88 0.89 0.035 0.03
1 0.91 0.925 0.045 0.035
1 0.93 0.885 0.04 0.05
1 0.91 0.86 0.035 0.04
1 0.94 0.815 0.06 0.04
1 0.98 0.85 0.04 0.04
1 0.975 0.955 0.045 0.055
1 0.875 0.78 0.045 0.07
1 0.985 0.76 0.03 0.045
1 0.925 0.71 0.04 0.03
1 0.875 0.645 0.035 0.035
1 0.925 0.615 0.03 0.05
1 0.865 0.6 0.03 0.045
1 0.835 0.57 0.035 0.055
1 0.88 0.545 0.035 0.035
1 0.925 0.535 0.03 0.04
1 0.96 0.515 0.035 0.03
1 0.985 0.54 0.03 0.04
1 0.985 0.5 0.03 0.04