1 0.022000000000000002 0.218 0.03799999999999999 0.03600000000000001
1 0.0285 0.27 0.043 0.03799999999999997
1 0.0965 0.2635 0.049000000000000016 0.035
1 0.16149999999999998 0.29100000000000004 0.03700000000000001 0.03200000000000003
1 0.07550000000000001 0.175 0.04500000000000001 0.05799999999999999
1 0.111 0.121 0.041999999999999996 0.031999999999999994
1 0.051500000000000004 0.0655 0.035 0.025
1 0.063 0.019 0.054000000000000006 0.038
1 0.10400000000000001 0.061500000000000006 0.038000000000000006 0.049000000000000016
1 0.163 0.0855 0.06 0.03699999999999999
1 0.1555 0.05 0.045 0.05800000000000001
1 0.23550000000000001 0.1295 0.032999999999999974 0.045
1 0.182 0.1605 0.04 0.05299999999999999
1 0.262 0.20350000000000001 0.04799999999999997 0.038999999999999986
1 0.3105 0.1525 0.04899999999999999 0.05899999999999998
1 0.2425 0.0745 0.04700000000000003 0.040999999999999995
1 0.303 0.035 0.06600000000000002 0.06
1 0.38799999999999996 0.021 0.054000000000000055 0.038
1 0.4215 0.105 0.05099999999999994 0.05199999999999999
1 0.4715 0.157 0.05299999999999997 0.05
1 0.599 0.096 0.04400000000000006 0.04
1 0.61 0.14150000000000001 0.04799999999999997 0.03300000000000001
1 0.6605 0.1295 0.040999999999999946 0.045
1 0.6835 0.0825 0.04900000000000006 0.04699999999999999
1 0.6645 0.214 0.030999999999999944 0.04
1 0.7425 0.1475 0.045 0.041000000000000016
1 0.7795000000000001 0.1945 0.03699999999999989 0.037000000000000026
1 0.8234999999999999 0.16 0.053000000000000116 0.03799999999999999
1 0.9065000000000001 0.145 0.043000000000000115 0.028000000000000008
1 0.8915000000000001 0.11199999999999999 0.03699999999999989 0.038000000000000006
1 0.94 0.21 0.03400000000000006 0.03600000000000001
1 0.7204999999999999 0.063 0.030999999999999944 0.04000000000000001
1 0.748 0.071 0.045999999999999944 0.072
1 0.8375 0.017 0.08699999999999988 0.026000000000000002
1 0.9775 0.0215 0.045 0.028999999999999995
1 0.986 0.0575 0.028000000000000115 0.04699999999999999
1 0.7509999999999999 0.258 0.03800000000000012 0.04799999999999997
1 0.8654999999999999 0.306 0.029000000000000057 0.03
1 0.8975 0.309 0.039000000000000055 0.03200000000000003
1 0.9185 0.2845 0.039000000000000055 0.04299999999999997
1 0.9884999999999999 0.2875 0.023000000000000114 0.037000000000000026
1 0.3335 0.2685 0.03099999999999998 0.037000000000000026
1 0.37200000000000005 0.33549999999999996 0.025999999999999943 0.029000000000000057
1 0.382 0.3025 0.03799999999999997 0.032999999999999974
1 0.408 0.33049999999999996 0.04799999999999997 0.03099999999999998
1 0.242 0.317 0.03200000000000003 0.056000000000000015
1 0.28 0.31699999999999995 0.03799999999999997 0.06199999999999999
1 0.09300000000000001 0.3235 0.044 0.045
1 0.05 0.336 0.04 0.04
1 0.1315 0.36200000000000004 0.035 0.03400000000000006
1 0.06 0.4475 0.031999999999999994 0.029000000000000057
1 0.08 0.418 0.041999999999999996 0.03799999999999997
1 0.175 0.4155 0.03200000000000001 0.032999999999999974
1 0.20350000000000001 0.4445 0.031000000000000014 0.035
1 0.28350000000000003 0.3995 0.035 0.04299999999999997
1 0.40950000000000003 0.3945 0.04900000000000006 0.04700000000000003
1 0.488 0.33049999999999996 0.03 0.029000000000000022
1 0.46049999999999996 0.282 0.039000000000000055 0.05
1 0.511 0.272 0.045999999999999944 0.052000000000000025
1 0.5505 0.30700000000000005 0.039000000000000055 0.04800000000000001
1 0.6015 0.364 0.039000000000000055 0.04400000000000006
1 0.653 0.3635 0.03199999999999996 0.040999999999999946
1 0.7395 0.3425 0.055 0.04700000000000003
1 0.6065 0.3195 0.04700000000000003 0.041000000000000016
1 0.5945 0.2915 0.029000000000000057 0.027000000000000027
1 0.5315 0.364 0.035 0.03599999999999994
1 0.5525 0.38 0.04700000000000003 0.03799999999999997
1 0.5775 0.41950000000000004 0.040999999999999946 0.039000000000000055
1 0.5025 0.445 0.04299999999999997 0.03400000000000006
1 0.5945 0.461 0.039000000000000055 0.04
1 0.6665000000000001 0.494 0.045 0.045999999999999944
1 0.735 0.4425 0.03599999999999994 0.037000000000000026
1 0.778 0.444 0.05 0.04200000000000003
1 0.8665 0.439 0.040999999999999946 0.04
1 0.9109999999999999 0.439 0.04 0.04400000000000006
1 0.8325 0.39649999999999996 0.04900000000000006 0.039000000000000055
1 0.917 0.39049999999999996 0.05199999999999989 0.04299999999999997
1 0.7509999999999999 0.536 0.04 0.052000000000000025
1 0.6365000000000001 0.586 0.03500000000000007 0.03599999999999994
1 0.675 0.595 0.04 0.03799999999999997
1 0.701 0.563 0.03400000000000006 0.03200000000000003
1 0.46399999999999997 0.52 0.045999999999999944 0.04799999999999997
1 0.425 0.48950000000000005 0.054000000000000055 0.045
1 0.31799999999999995 0.5255 0.04999999999999996 0.035
1 0.3275 0.4865 0.03099999999999998 0.025
1 0.2465 0.5345 0.032999999999999974 0.032999999999999974
1 0.1895 0.5185 0.04700000000000003 0.05700000000000003
1 0.145 0.5335 0.03399999999999999 0.037000000000000026
1 0.0165 0.5555 0.033 0.045
1 0.0635 0.5345 0.035 0.032999999999999974
1 0.038 0.6685 0.06200000000000001 0.04699999999999989
1 0.020499999999999997 0.7304999999999999 0.040999999999999995 0.035
1 0.013000000000000001 0.868 0.026000000000000002 0.06
1 0.013999999999999999 0.812 0.027999999999999997 0.04
1 0.056999999999999995 0.7825 0.04999999999999999 0.043000000000000115
1 0.0745 0.735 0.051 0.03599999999999994
1 0.06449999999999999 0.8704999999999999 0.03499999999999999 0.039000000000000055
1 0.0355 0.9670000000000001 0.049 0.06599999999999995
1 0.126 0.965 0.06 0.058000000000000114
1 0.162 0.938 0.05 0.04800000000000011
1 0.2275 0.9345 0.06100000000000001 0.040999999999999946
1 0.23399999999999999 0.88 0.056000000000000015 0.05199999999999989
1 0.292 0.8345 0.04600000000000001 0.056999999999999884
1 0.165 0.7434999999999999 0.053999999999999986 0.04699999999999989
1 0.34850000000000003 0.7095 0.04700000000000003 0.04900000000000006
1 0.38 0.76 0.03799999999999997 0.04400000000000006
1 0.4515 0.6635 0.025 0.04699999999999996
1 0.462 0.613 0.03200000000000003 0.04799999999999997
1 0.392 0.6035 0.045999999999999944 0.065
1 0.496 0.6745 0.027999999999999973 0.05099999999999994
1 0.532 0.6779999999999999 0.03799999999999997 0.05199999999999989
1 0.614 0.6585 0.04 0.06300000000000004
1 0.5489999999999999 0.7885 0.04 0.043000000000000115
1 0.556 0.882 0.07 0.05
1 0.546 0.8315 0.04 0.03300000000000011
1 0.47950000000000004 0.8270000000000001 0.04700000000000003 0.045999999999999944
1 0.4535 0.7695000000000001 0.039000000000000055 0.05099999999999994
1 0.423 0.7195 0.04 0.04699999999999989
1 0.272 0.7175 0.052000000000000025 0.04699999999999989
1 0.16 0.7015 0.04799999999999999 0.040999999999999946
1 0.14800000000000002 0.6665000000000001 0.04799999999999999 0.045
1 0.20800000000000002 0.691 0.04600000000000001 0.041999999999999885
1 0.245 0.6759999999999999 0.04799999999999997 0.045999999999999944
1 0.2695 0.6395000000000001 0.045 0.045
1 0.3795 0.8225 0.045 0.03699999999999989
1 0.38549999999999995 0.8645 0.035 0.030999999999999944
1 0.374 0.917 0.03799999999999997 0.028000000000000115
1 0.341 0.9895 0.04 0.020999999999999942
1 0.3985 0.925 0.030999999999999944 0.03199999999999989
1 0.413 0.883 0.04 0.04800000000000011
1 0.6285000000000001 0.8405 0.031000000000000014 0.03699999999999989
1 0.727 0.8955 0.055999999999999946 0.04699999999999989
1 0.608 0.985 0.03599999999999994 0.03
1 0.49700000000000005 0.987 0.045999999999999944 0.025999999999999943
1 0.6145 0.9109999999999999 0.04900000000000006 0.05199999999999989
1 0.6705 0.718 0.035 0.04400000000000006
1 0.725 0.7655 0.03199999999999989 0.03300000000000011
1 0.7575 0.735 0.025 0.03599999999999994
1 0.763 0.8195 0.04400000000000006 0.040999999999999946
1 0.8170000000000001 0.748 0.03599999999999994 0.04400000000000006
1 0.8095 0.8065000000000001 0.045 0.053000000000000116
1 0.8145 0.865 0.03699999999999989 0.04
1 0.835 0.885 0.04400000000000006 0.03199999999999989
1 0.87 0.8590000000000001 0.045999999999999944 0.05199999999999989
1 0.867 0.935 0.045999999999999944 0.04800000000000011
1 0.8809999999999999 0.892 0.03599999999999994 0.028000000000000115
1 0.9115000000000001 0.9229999999999999 0.043000000000000115 0.03599999999999994
1 0.932 0.887 0.04 0.04800000000000011
1 0.9105 0.8590000000000001 0.035 0.03800000000000012
1 0.9384999999999999 0.813 0.05900000000000006 0.04
1 0.9834999999999999 0.8545 0.03300000000000011 0.03300000000000011
1 0.977 0.953 0.045999999999999944 0.054000000000000055
1 0.8745 0.78 0.043000000000000115 0.07199999999999988
1 0.9840000000000001 0.7615000000000001 0.03199999999999989 0.043000000000000115
1 0.9229999999999999 0.7115 0.04 0.030999999999999944
1 0.8755 0.6455 0.035 0.03699999999999996
1 0.9235 0.6165 0.030999999999999944 0.05100000000000002
1 0.8640000000000001 0.601 0.03199999999999989 0.04400000000000006
1 0.833 0.568 0.03599999999999994 0.055999999999999946
1 0.8785 0.5465 0.035 0.037000000000000026
1 0.9265000000000001 0.536 0.030999999999999944 0.03799999999999997
1 0.958 0.5135000000000001 0.03400000000000006 0.029000000000000057
1 0.988 0.5445 0.024000000000000056 0.032999999999999974
1 0.9875 0.505 0.025 0.03599999999999994