1 0.0127 0.0567 0.025300000000000003 0.06530000000000001
1 0.025 0.015 0.05 0.03
1 0.45530000000000004 0.046 0.06799999999999998 0.05199999999999999
1 0.488 0.0187 0.06129999999999995 0.03730000000000001
1 0.426 0.0127 0.05730000000000004 0.025300000000000003
1 0.3367 0.0207 0.07069999999999997 0.041299999999999996
1 0.3513 0.0547 0.05469999999999999 0.04799999999999999
1 0.2253 0.06870000000000001 0.06399999999999999 0.06000000000000001
1 0.2347 0.018000000000000002 0.058699999999999974 0.027999999999999997
1 0.057300000000000004 0.0707 0.04 0.03730000000000001
1 0.066 0.041299999999999996 0.06 0.03200000000000001
1 0.0147 0.1427 0.029300000000000003 0.0507
1 0.0787 0.1073 0.04529999999999999 0.043999999999999984
1 0.084 0.057999999999999996 0.042699999999999995 0.044000000000000004
1 0.10869999999999999 0.016 0.0733 0.032
1 0.1507 0.018000000000000002 0.0507 0.036000000000000004
1 0.1747 0.0613 0.056000000000000015 0.06130000000000001
1 0.0507 0.19469999999999998 0.042699999999999995 0.0507
1 0.09 0.198 0.0493 0.0493
1 0.1993 0.20129999999999998 0.03869999999999998 0.058699999999999974
1 0.272 0.1273 0.04 0.05469999999999999
1 0.2933 0.2127 0.08269999999999995 0.05469999999999999
1 0.2953 0.156 0.04670000000000002 0.05599999999999998
1 0.42469999999999997 0.1827 0.05469999999999999 0.053299999999999986
1 0.462 0.19 0.049300000000000066 0.07600000000000001
1 0.504 0.23929999999999998 0.04 0.05469999999999999
1 0.49 0.2047 0.03599999999999994 0.05469999999999999
1 0.5527000000000001 0.1907 0.03870000000000005 0.058699999999999974
1 0.5647 0.13470000000000001 0.04400000000000006 0.04
1 0.5607 0.102 0.04400000000000006 0.044
1 0.5867 0.1153 0.04269999999999996 0.0493
1 0.498 0.124 0.049300000000000066 0.0507
1 0.0147 0.2887 0.029300000000000003 0.06
1 0.038 0.254 0.044000000000000004 0.03600000000000001
1 0.0567 0.2713 0.036 0.03329999999999998
1 0.092 0.30469999999999997 0.045300000000000014 0.052000000000000025
1 0.14400000000000002 0.3127 0.03730000000000001 0.05729999999999997
1 0.1607 0.29269999999999996 0.03600000000000001 0.05999999999999996
1 0.1833 0.2727 0.043999999999999984 0.05469999999999999
1 0.025 0.38 0.05 0.08
1 0.024 0.5253 0.048 0.058700000000000044
1 0.024700000000000007 0.488 0.0493 0.04799999999999997
1 0.06 0.4793 0.05329999999999999 0.07070000000000007
1 0.10869999999999999 0.426 0.06 0.06799999999999998
1 0.010699999999999998 0.5987 0.0213 0.05070000000000007
1 0.046 0.852 0.0333 0.05069999999999993
1 0.0453 0.7993000000000001 0.04 0.05199999999999989
1 0.02 0.905 0.04 0.03
1 0.029300000000000007 0.9813 0.055999999999999994 0.037299999999999896
1 0.006 0.9673 0.012 0.028000000000000115
1 0.01 0.91 0.02 0.02
1 0.06 0.958 0.03730000000000001 0.03870000000000005
1 0.046 0.938 0.025299999999999993 0.03599999999999994
1 0.0393 0.9133 0.025300000000000003 0.0427000000000001
1 0.1153 0.7987000000000001 0.03870000000000001 0.04800000000000011
1 0.1367 0.8506999999999999 0.04929999999999998 0.045300000000000014
1 0.1533 0.8007 0.03730000000000001 0.046699999999999874
1 0.19870000000000002 0.7887000000000001 0.03200000000000003 0.05469999999999999
1 0.1833 0.7367 0.041300000000000024 0.046699999999999874
1 0.23070000000000002 0.7247 0.045300000000000014 0.05469999999999999
1 0.258 0.758 0.05469999999999999 0.06
1 0.28 0.7 0.04 0.05069999999999993
1 0.17800000000000002 0.6353 0.05469999999999999 0.05729999999999997
1 0.25 0.6579999999999999 0.04670000000000002 0.04669999999999994
1 0.2827 0.6247 0.045300000000000014 0.04669999999999994
1 0.08869999999999999 0.5379999999999999 0.05199999999999999 0.052000000000000025
1 0.14 0.5693 0.053299999999999986 0.058700000000000044
1 0.20329999999999998 0.5273 0.052000000000000025 0.05730000000000004
1 0.3367 0.5073 0.06530000000000001 0.05469999999999999
1 0.4473 0.45270000000000005 0.06530000000000001 0.05730000000000004
1 0.442 0.428 0.04400000000000006 0.04269999999999996
1 0.1967 0.43729999999999997 0.06 0.05070000000000007
1 0.2167 0.4573 0.041300000000000024 0.04799999999999997
1 0.23129999999999998 0.4267 0.03869999999999998 0.04
1 0.2547 0.37329999999999997 0.04799999999999997 0.045300000000000014
1 0.28 0.384 0.03200000000000003 0.04269999999999996
1 0.3007 0.43329999999999996 0.04129999999999999 0.055999999999999946
1 0.302 0.39799999999999996 0.03869999999999998 0.03870000000000005
1 0.3287 0.4573 0.04929999999999996 0.053299999999999986
1 0.3807 0.3407 0.04670000000000002 0.05469999999999999
1 0.428 0.31800000000000006 0.05069999999999993 0.054700000000000026
1 0.45 0.3347 0.041299999999999955 0.04799999999999997
1 0.512 0.34 0.03730000000000004 0.04269999999999996