1 0.015 0.055 0.025 0.065
1 0.025 0.015 0.05 0.03
1 0.455 0.045 0.07 0.05
1 0.49 0.02 0.06 0.035
1 0.425 0.015 0.055 0.025
1 0.335 0.02 0.07 0.04
1 0.35 0.055 0.055 0.05
1 0.225 0.07 0.065 0.06
1 0.235 0.02 0.06 0.03
1 0.055 0.07 0.04 0.035
1 0.065 0.04 0.06 0.03
1 0.015 0.145 0.03 0.05
1 0.08 0.105 0.045 0.045
1 0.085 0.06 0.045 0.045
1 0.11 0.015 0.075 0.03
1 0.15 0.02 0.05 0.035
1 0.175 0.06 0.055 0.06
1 0.05 0.195 0.045 0.05
1 0.09 0.2 0.05 0.05
1 0.2 0.2 0.04 0.06
1 0.27 0.125 0.04 0.055
1 0.295 0.215 0.085 0.055
1 0.295 0.155 0.045 0.055
1 0.425 0.185 0.055 0.055
1 0.46 0.19 0.05 0.075
1 0.505 0.24 0.04 0.055
1 0.49 0.205 0.035 0.055
1 0.555 0.19 0.04 0.06
1 0.565 0.135 0.045 0.04
1 0.56 0.1 0.045 0.045
1 0.585 0.115 0.045 0.05
1 0.5 0.125 0.05 0.05
1 0.015 0.29 0.03 0.06
1 0.04 0.255 0.045 0.035
1 0.055 0.27 0.035 0.035
1 0.09 0.305 0.045 0.05
1 0.145 0.315 0.035 0.055
1 0.16 0.295 0.035 0.06
1 0.185 0.275 0.045 0.055
1 0.025 0.38 0.05 0.08
1 0.025 0.525 0.05 0.06
1 0.025 0.49 0.05 0.05
1 0.06 0.48 0.055 0.07
1 0.11 0.425 0.06 0.07
1 0.01 0.6 0.02 0.05
1 0.045 0.85 0.035 0.05
1 0.045 0.8 0.04 0.05
1 0.02 0.905 0.04 0.03
1 0.03 0.98 0.055 0.035
1 0.005 0.965 0.01 0.03
1 0.01 0.91 0.02 0.02
1 0.06 0.96 0.035 0.04
1 0.045 0.94 0.025 0.035
1 0.04 0.915 0.025 0.045
1 0.115 0.8 0.04 0.05
1 0.135 0.85 0.05 0.045
1 0.155 0.8 0.035 0.045
1 0.2 0.79 0.03 0.055
1 0.185 0.735 0.04 0.045
1 0.23 0.725 0.045 0.055
1 0.26 0.76 0.055 0.06
1 0.28 0.7 0.04 0.05
1 0.18 0.635 0.055 0.055
1 0.25 0.66 0.045 0.045
1 0.285 0.625 0.045 0.045
1 0.09 0.54 0.05 0.05
1 0.14 0.57 0.055 0.06
1 0.205 0.525 0.05 0.055
1 0.335 0.505 0.065 0.055
1 0.445 0.455 0.065 0.055
1 0.44 0.43 0.045 0.045
1 0.195 0.435 0.06 0.05
1 0.215 0.455 0.04 0.05
1 0.23 0.425 0.04 0.04
1 0.255 0.375 0.05 0.045
1 0.28 0.385 0.03 0.045
1 0.3 0.435 0.04 0.055
1 0.3 0.4 0.04 0.04
1 0.33 0.455 0.05 0.055
1 0.38 0.34 0.045 0.055
1 0.43 0.32 0.05 0.055
1 0.45 0.335 0.04 0.05
1 0.51 0.34 0.035 0.045