1 0.0127 0.0567 0.0253 0.0653
1 0.0253 0.0167 0.0507 0.0333
1 0.45530000000000004 0.046 0.068 0.052000000000000005
1 0.488 0.0187 0.0613 0.0373
1 0.426 0.0127 0.057300000000000004 0.0253
1 0.3367 0.0207 0.0707 0.041299999999999996
1 0.3513 0.0547 0.0547 0.048
1 0.2253 0.0687 0.064 0.06
1 0.2347 0.018000000000000002 0.0587 0.027999999999999997
1 0.057300000000000004 0.0707 0.04 0.0373
1 0.066 0.041299999999999996 0.06 0.032
1 0.0147 0.1427 0.029300000000000003 0.0507
1 0.0787 0.1073 0.0453 0.044000000000000004
1 0.084 0.057999999999999996 0.042699999999999995 0.044000000000000004
1 0.10869999999999999 0.016 0.0733 0.032
1 0.1507 0.018000000000000002 0.0507 0.036000000000000004
1 0.1747 0.0613 0.055999999999999994 0.0613
1 0.0507 0.19469999999999998 0.042699999999999995 0.0507
1 0.09 0.198 0.0493 0.0493
1 0.1993 0.20129999999999998 0.0387 0.0587
1 0.272 0.1273 0.04 0.0547
1 0.2933 0.2127 0.0827 0.0547
1 0.2953 0.156 0.0467 0.055999999999999994
1 0.42469999999999997 0.1827 0.0547 0.0533
1 0.462 0.19 0.0493 0.076
1 0.504 0.23929999999999998 0.04 0.0547
1 0.49 0.2047 0.036000000000000004 0.0547
1 0.5527000000000001 0.1907 0.0387 0.0587
1 0.5647 0.13470000000000001 0.044000000000000004 0.04
1 0.5607 0.102 0.044000000000000004 0.044000000000000004
1 0.5867 0.1153 0.042699999999999995 0.0493
1 0.498 0.124 0.0493 0.0507
1 0.0147 0.2887 0.029300000000000003 0.06
1 0.038 0.254 0.044000000000000004 0.036000000000000004
1 0.0567 0.2713 0.036000000000000004 0.0333
1 0.092 0.30469999999999997 0.0453 0.052000000000000005
1 0.14400000000000002 0.3127 0.0373 0.057300000000000004
1 0.1607 0.2927 0.036000000000000004 0.06
1 0.1833 0.2727 0.044000000000000004 0.0547
1 0.0253 0.38530000000000003 0.0507 0.07200000000000001
1 0.024 0.5253 0.048 0.0587
1 0.024700000000000003 0.488 0.0493 0.048
1 0.06 0.4793 0.0533 0.0707
1 0.10869999999999999 0.426 0.06 0.068
1 0.010700000000000001 0.5987 0.0213 0.0507
1 0.046 0.852 0.0333 0.0507
1 0.0453 0.7993000000000001 0.04 0.052000000000000005
1 0.0213 0.9073 0.042699999999999995 0.027999999999999997
1 0.029300000000000003 0.9813 0.055999999999999994 0.0373
1 0.006 0.9673 0.012 0.027999999999999997
1 0.0113 0.9173 0.0227 0.0213
1 0.06 0.958 0.0373 0.0387
1 0.046 0.938 0.0253 0.036000000000000004
1 0.0393 0.9133 0.0253 0.042699999999999995
1 0.1153 0.7987000000000001 0.0387 0.048
1 0.1367 0.8506999999999999 0.0493 0.0453
1 0.1533 0.8007 0.0373 0.0467
1 0.19870000000000002 0.7887000000000001 0.032 0.0547
1 0.1833 0.7367 0.041299999999999996 0.0467
1 0.23070000000000002 0.7247 0.0453 0.0547
1 0.258 0.758 0.0547 0.06
1 0.28 0.7 0.04 0.0507
1 0.17800000000000002 0.6353 0.0547 0.057300000000000004
1 0.25 0.6579999999999999 0.0467 0.0467
1 0.2827 0.6247 0.0453 0.0467
1 0.08869999999999999 0.5379999999999999 0.052000000000000005 0.052000000000000005
1 0.14 0.5693 0.0533 0.0587
1 0.20329999999999998 0.5273 0.052000000000000005 0.057300000000000004
1 0.3367 0.5073 0.0653 0.0547
1 0.4473 0.45270000000000005 0.0653 0.057300000000000004
1 0.442 0.428 0.044000000000000004 0.042699999999999995
1 0.1967 0.43729999999999997 0.06 0.0507
1 0.2167 0.4573 0.041299999999999996 0.048
1 0.23129999999999998 0.4267 0.0387 0.04
1 0.2547 0.37329999999999997 0.048 0.0453
1 0.28 0.384 0.032 0.042699999999999995
1 0.3007 0.43329999999999996 0.041299999999999996 0.055999999999999994
1 0.302 0.39799999999999996 0.0387 0.0387
1 0.3287 0.4573 0.0493 0.0533
1 0.3807 0.3407 0.0467 0.0547
1 0.428 0.318 0.0507 0.0547
1 0.45 0.3347 0.041299999999999996 0.048
1 0.512 0.34 0.0373 0.042699999999999995