1 0.015 0.01 0.03 0.02
1 0.04 0.045 0.045 0.04
1 0.05 0.02 0.035 0.035
1 0.08 0.04 0.055 0.045
1 0.105 0.09 0.04 0.04
1 0.73 0.055 0.04 0.04
1 0.73 0.02 0.05 0.04
1 0.85 0.065 0.055 0.05
1 0.775 0.14 0.045 0.05
1 0.765 0.115 0.045 0.045
1 0.795 0.065 0.075 0.055
1 0.835 0.015 0.05 0.03
1 0.915 0.045 0.06 0.06
1 0.925 0.01 0.06 0.02
1 0.945 0.055 0.05 0.07
1 0.985 0.135 0.03 0.05
1 0.835 0.135 0.045 0.06
1 0.815 0.25 0.04 0.04
1 0.83 0.225 0.035 0.035
1 0.855 0.205 0.04 0.045
1 0.85 0.285 0.035 0.035
1 0.885 0.31 0.045 0.05
1 0.88 0.265 0.045 0.04
1 0.885 0.24 0.035 0.05
1 0.89 0.195 0.035 0.045
1 0.935 0.345 0.035 0.05
1 0.94 0.3 0.055 0.05
1 0.945 0.265 0.045 0.035
1 0.815 0.58 0.055 0.06
1 0.865 0.565 0.04 0.055
1 0.855 0.525 0.045 0.06
1 0.9 0.48 0.04 0.045
1 0.915 0.495 0.04 0.045
1 0.945 0.545 0.045 0.05
1 0.945 0.485 0.035 0.05
1 0.965 0.43 0.035 0.035
1 0.98 0.445 0.035 0.04
1 0.865 0.475 0.04 0.04
1 0.98 0.56 0.035 0.05
1 0.72 0.555 0.045 0.055
1 0.755 0.545 0.045 0.045
1 0.785 0.52 0.045 0.06
1 0.7 0.47 0.035 0.035
1 0.74 0.475 0.035 0.04
1 0.79 0.46 0.035 0.05
1 0.685 0.445 0.04 0.05
1 0.75 0.445 0.035 0.045
1 0.77 0.425 0.035 0.05
1 0.795 0.375 0.045 0.045
1 0.5 0.52 0.05 0.045
1 0.485 0.595 0.05 0.045
1 0.53 0.555 0.05 0.055
1 0.53 0.505 0.035 0.045
1 0.525 0.615 0.055 0.035
1 0.435 0.575 0.055 0.055
1 0.65 0.475 0.055 0.06
1 0.01 0.2 0.02 0.06
1 0.01 0.155 0.02 0.065
1 0.045 0.16 0.06 0.055
1 0.055 0.235 0.055 0.045
1 0.07 0.34 0.05 0.07
1 0.09 0.285 0.045 0.055
1 0.105 0.385 0.05 0.055
1 0.17 0.34 0.055 0.055
1 0.115 0.21 0.045 0.06
1 0.15 0.195 0.03 0.055
1 0.165 0.18 0.035 0.045
1 0.19 0.175 0.03 0.05
1 0.155 0.27 0.035 0.04
1 0.18 0.245 0.04 0.03
1 0.2 0.23 0.03 0.03
1 0.21 0.19 0.03 0.045
1 0.015 0.515 0.03 0.07
1 0.1 0.525 0.045 0.045
1 0.14 0.535 0.05 0.05
1 0.185 0.575 0.05 0.055
1 0.18 0.51 0.035 0.05
1 0.22 0.645 0.065 0.06
1 0.315 0.655 0.055 0.045
1 0.35 0.61 0.055 0.065
1 0.26 0.56 0.04 0.045
1 0.275 0.53 0.035 0.05
1 0.32 0.515 0.055 0.06
1 0.11 0.44 0.035 0.05
1 0.15 0.44 0.04 0.045
1 0.17 0.46 0.045 0.055
1 0.235 0.385 0.045 0.05
1 0.265 0.4 0.035 0.05
1 0.29 0.385 0.05 0.05
1 0.37 0.39 0.045 0.06
1 0.405 0.435 0.045 0.055
1 0.435 0.495 0.035 0.055
1 0.485 0.44 0.05 0.055
1 0.27 0.195 0.05 0.06
1 0.32 0.265 0.055 0.06
1 0.31 0.2 0.04 0.045
1 0.34 0.21 0.045 0.05
1 0.37 0.255 0.055 0.07
1 0.34 0.335 0.045 0.065
1 0.225 0.28 0.045 0.055
1 0.435 0.315 0.055 0.055
1 0.515 0.365 0.045 0.045
1 0.535 0.33 0.04 0.045
1 0.535 0.3 0.035 0.045
1 0.55 0.455 0.05 0.05
1 0.535 0.405 0.035 0.05
1 0.565 0.37 0.03 0.05
1 0.58 0.305 0.045 0.05
1 0.62 0.405 0.045 0.045
1 0.62 0.35 0.045 0.05
1 0.66 0.425 0.03 0.04
1 0.69 0.375 0.055 0.075
1 0.65 0.275 0.035 0.045
1 0.7 0.26 0.04 0.04
1 0.72 0.235 0.05 0.045
1 0.745 0.285 0.045 0.06
1 0.25 0.035 0.04 0.045
1 0.235 0.15 0.04 0.055
1 0.285 0.09 0.06 0.045
1 0.335 0.075 0.04 0.05
1 0.345 0.035 0.065 0.05
1 0.33 0.155 0.05 0.065
1 0.39 0.135 0.055 0.055
1 0.43 0.095 0.075 0.075
1 0.415 0.155 0.05 0.06
1 0.44 0.21 0.055 0.055
1 0.49 0.2 0.06 0.065
1 0.55 0.02 0.065 0.04
1 0.6 0.02 0.06 0.04
1 0.645 0.105 0.05 0.075
1 0.46 0.015 0.075 0.03
1 0.185 0.06 0.045 0.07