1 0.015 0.01 0.03 0.02
1 0.041299999999999996 0.0433 0.042699999999999995 0.038700000000000005
1 0.048 0.018000000000000002 0.03470000000000001 0.036000000000000004
1 0.0787 0.03930000000000001 0.055999999999999994 0.044000000000000004
1 0.1067 0.08929999999999999 0.04 0.04
1 0.7287 0.057300000000000004 0.041299999999999955 0.04
1 0.7287 0.02 0.05199999999999989 0.04
1 0.852 0.0673 0.053300000000000125 0.05199999999999999
1 0.7767000000000001 0.1407 0.046699999999999874 0.05200000000000001
1 0.7633 0.1173 0.046699999999999874 0.042699999999999995
1 0.7933 0.0667 0.07469999999999999 0.05330000000000001
1 0.835 0.015 0.05 0.03
1 0.9133 0.0453 0.06129999999999995 0.06130000000000001
1 0.9259999999999999 0.010699999999999998 0.06 0.0213
1 0.9467 0.0547 0.05069999999999993 0.07200000000000001
1 0.988 0.13470000000000001 0.024000000000000056 0.05070000000000002
1 0.8353 0.13470000000000001 0.046699999999999874 0.05870000000000001
1 0.8153 0.2493 0.03870000000000005 0.04
1 0.8312999999999999 0.2253 0.03599999999999994 0.03729999999999997
1 0.8540000000000001 0.2027 0.03870000000000005 0.045300000000000014
1 0.8487 0.2853 0.03599999999999994 0.03729999999999997
1 0.8859999999999999 0.3107 0.046699999999999874 0.04799999999999997
1 0.88 0.2647 0.0427000000000001 0.03869999999999998
1 0.8859999999999999 0.23800000000000002 0.03330000000000013 0.052000000000000025
1 0.8906999999999999 0.19269999999999998 0.03469999999999999 0.043999999999999984
1 0.9333 0.34729999999999994 0.03469999999999999 0.04929999999999993
1 0.9420000000000001 0.298 0.05469999999999999 0.0493
1 0.946 0.2667 0.04400000000000006 0.03729999999999997
1 0.8133 0.5813 0.055999999999999946 0.058700000000000044
1 0.8667 0.5653 0.04 0.053299999999999986
1 0.8567 0.5227 0.04400000000000006 0.058700000000000044
1 0.898 0.478 0.03870000000000005 0.04670000000000002
1 0.9167000000000001 0.4947 0.03870000000000005 0.045300000000000014
1 0.946 0.5447 0.046699999999999874 0.049300000000000066
1 0.9453 0.484 0.03469999999999999 0.05070000000000007
1 0.9647 0.4307 0.03599999999999994 0.03469999999999999
1 0.9793000000000001 0.4447 0.03330000000000013 0.03870000000000005
1 0.8633 0.4767 0.041299999999999955 0.041299999999999955
1 0.982 0.56 0.03599999999999994 0.04799999999999997
1 0.7193 0.5533 0.046699999999999874 0.055999999999999946
1 0.7533 0.5427000000000001 0.0427000000000001 0.045300000000000014
1 0.7833 0.5186999999999999 0.04400000000000006 0.058700000000000044
1 0.6993 0.46799999999999997 0.03599999999999994 0.03730000000000004
1 0.7393000000000001 0.4753 0.03599999999999994 0.041299999999999955
1 0.7907 0.462 0.037299999999999896 0.049300000000000066
1 0.6873 0.44530000000000003 0.03870000000000005 0.05069999999999993
1 0.7506999999999999 0.446 0.03469999999999999 0.04670000000000002
1 0.7693000000000001 0.4233 0.037299999999999896 0.049300000000000066
1 0.7973 0.37329999999999997 0.0427000000000001 0.04269999999999996
1 0.5007 0.5207 0.04929999999999993 0.04400000000000006
1 0.4833 0.5953 0.052000000000000025 0.04670000000000002
1 0.5307 0.5527000000000001 0.04799999999999997 0.05730000000000004
1 0.5293 0.5033 0.03730000000000004 0.04400000000000006
1 0.5246999999999999 0.6167 0.05730000000000004 0.03329999999999998
1 0.43670000000000003 0.5727 0.05469999999999999 0.05469999999999999
1 0.648 0.4733 0.053300000000000056 0.06129999999999995
1 0.01 0.2 0.02 0.06
1 0.010699999999999998 0.15529999999999997 0.0213 0.0653
1 0.0473 0.1593 0.06 0.057300000000000025
1 0.0533 0.23600000000000002 0.0533 0.045300000000000014
1 0.0693 0.3407 0.04800000000000001 0.06799999999999998
1 0.0913 0.28600000000000003 0.04669999999999999 0.05730000000000004
1 0.1027 0.3847 0.04800000000000001 0.05730000000000004
1 0.168 0.3407 0.053299999999999986 0.05730000000000004
1 0.1167 0.21 0.04400000000000002 0.06
1 0.14800000000000002 0.19469999999999998 0.03200000000000001 0.053299999999999986
1 0.1673 0.1813 0.03329999999999998 0.045300000000000014
1 0.192 0.1773 0.029299999999999996 0.0507
1 0.1553 0.27 0.03330000000000002 0.041300000000000024
1 0.17800000000000002 0.2473 0.03869999999999999 0.0307
1 0.20129999999999998 0.23 0.03200000000000003 0.0307
1 0.2113 0.1907 0.027999999999999973 0.045300000000000014
1 0.0167 0.514 0.0333 0.06799999999999998
1 0.0993 0.526 0.044 0.04670000000000002
1 0.142 0.5327000000000001 0.0493 0.052000000000000025
1 0.184 0.5747 0.0507 0.055999999999999946
1 0.1787 0.51 0.03469999999999999 0.052000000000000025
1 0.218 0.6426999999999999 0.06530000000000001 0.058700000000000044
1 0.3173 0.6559999999999999 0.05330000000000002 0.04270000000000003
1 0.34869999999999995 0.6106999999999999 0.05730000000000004 0.06399999999999999
1 0.2593 0.5613 0.041300000000000024 0.045300000000000014
1 0.276 0.5307 0.03729999999999997 0.04799999999999997
1 0.32130000000000003 0.5133 0.053299999999999986 0.058700000000000044
1 0.11 0.4393 0.03600000000000001 0.04929999999999993
1 0.1487 0.4387 0.03870000000000001 0.045300000000000014
1 0.1707 0.46130000000000004 0.045300000000000014 0.055999999999999946
1 0.23329999999999998 0.38530000000000003 0.045300000000000014 0.05069999999999993
1 0.264 0.4007 0.03469999999999999 0.04929999999999993
1 0.2893 0.38530000000000003 0.04799999999999997 0.04799999999999997
1 0.37070000000000003 0.3907 0.045300000000000014 0.06129999999999995
1 0.4033 0.43729999999999997 0.04400000000000006 0.053299999999999986
1 0.4347 0.496 0.03730000000000004 0.055999999999999946
1 0.4853 0.43799999999999994 0.05069999999999993 0.05730000000000004
1 0.272 0.19469999999999998 0.0507 0.06130000000000003
1 0.32 0.2627 0.053299999999999986 0.058699999999999974
1 0.31 0.20129999999999998 0.03870000000000001 0.045300000000000014
1 0.34130000000000005 0.212 0.045300000000000014 0.0507
1 0.3693 0.25670000000000004 0.053299999999999986 0.06799999999999998
1 0.3387 0.33270000000000005 0.045300000000000014 0.06269999999999996
1 0.2273 0.2787 0.04670000000000002 0.053299999999999986
1 0.4347 0.3153 0.053299999999999986 0.05469999999999999
1 0.5146999999999999 0.3667 0.04269999999999996 0.045300000000000014
1 0.536 0.3307 0.04 0.045300000000000014
1 0.536 0.30129999999999996 0.03469999999999999 0.04529999999999998
1 0.5487 0.456 0.04929999999999993 0.05070000000000007
1 0.534 0.4053 0.03599999999999994 0.04799999999999997
1 0.5627 0.37 0.03200000000000003 0.049300000000000066
1 0.5820000000000001 0.304 0.04400000000000006 0.05070000000000004
1 0.622 0.4047 0.04400000000000006 0.04670000000000002
1 0.6207 0.34869999999999995 0.04670000000000002 0.04929999999999993
1 0.6579999999999999 0.4233 0.030699999999999932 0.03870000000000005
1 0.6893 0.3753 0.053300000000000125 0.07599999999999994
1 0.6507 0.2747 0.03729999999999997 0.045300000000000014
1 0.698 0.258 0.041299999999999955 0.03869999999999998
1 0.72 0.23329999999999998 0.05069999999999993 0.045300000000000014
1 0.7426999999999999 0.2827 0.045300000000000014 0.058699999999999974
1 0.25129999999999997 0.033999999999999996 0.03869999999999998 0.044000000000000004
1 0.23329999999999998 0.15130000000000002 0.04 0.054700000000000006
1 0.284 0.092 0.06130000000000003 0.045300000000000014
1 0.33270000000000005 0.07400000000000001 0.04129999999999999 0.05199999999999999
1 0.3427 0.036699999999999997 0.06400000000000002 0.05199999999999999
1 0.332 0.1533 0.04799999999999997 0.06400000000000002
1 0.39130000000000004 0.13470000000000001 0.05730000000000004 0.05599999999999998
1 0.4293 0.0953 0.07469999999999999 0.07599999999999998
1 0.414 0.1567 0.04929999999999993 0.06000000000000002
1 0.4387 0.2113 0.053299999999999986 0.05729999999999997
1 0.4893 0.2 0.06129999999999995 0.06670000000000002
1 0.5479999999999999 0.02 0.06400000000000006 0.04
1 0.6 0.02 0.06 0.04
1 0.6433 0.1073 0.051999999999999956 0.07329999999999999
1 0.4607 0.016 0.07599999999999994 0.032
1 0.184 0.05800000000000001 0.045300000000000014 0.07070000000000001