1 0.04 0.67 0.08 0.12
1 0.2 0.54 0.1 0.115
1 0.29 0.525 0.105 0.115
1 0.36 0.38 0.105 0.125
1 0.19 0.33 0.095 0.09
1 0.2 0.23 0.085 0.095
1 0.1 0.185 0.08 0.09
1 0.16 0.075 0.08 0.1
1 0.02 0.035 0.04 0.07
1 0.305 0.035 0.085 0.06
1 0.375 0.025 0.09 0.05
1 0.3 0.105 0.08 0.07
1 0.32 0.165 0.07 0.07
1 0.405 0.205 0.08 0.095
1 0.51 0.43 0.08 0.085
1 0.47 0.49 0.065 0.06
1 0.505 0.53 0.055 0.085
1 0.565 0.57 0.08 0.11
1 0.795 0.555 0.08 0.12
1 0.91 0.58 0.065 0.105
1 0.95 0.6 0.055 0.085
1 0.98 0.665 0.04 0.085
1 0.97 0.42 0.055 0.085
1 0.08 0.95 0.105 0.1
1 0.42 0.1 0.06 0.08
1 0.465 0.1 0.055 0.075
1 0.505 0.13 0.065 0.1
1 0.55 0.18 0.065 0.095
1 0.595 0.11 0.065 0.08
1 0.65 0.075 0.08 0.095
1 0.78 0.08 0.055 0.095
1 0.83 0.09 0.055 0.09
1 0.85 0.19 0.075 0.08