1 0.0425 0.677 0.083 0.11599999999999999
1 0.2025 0.5415 0.10099999999999999 0.113
1 0.28850000000000003 0.5255 0.107 0.113
1 0.3575 0.3795 0.10300000000000001 0.125
1 0.191 0.32799999999999996 0.094 0.092
1 0.2 0.22899999999999998 0.084 0.094
1 0.1015 0.185 0.081 0.09
1 0.161 0.073 0.078 0.098
1 0.022000000000000002 0.0345 0.044000000000000004 0.069
1 0.303 0.035 0.084 0.06
1 0.38 0.0265 0.08800000000000001 0.053
1 0.3015 0.107 0.079 0.07
1 0.3185 0.16649999999999998 0.071 0.069
1 0.40700000000000003 0.2065 0.08 0.09699999999999999
1 0.5085000000000001 0.4275 0.079 0.085
1 0.4715 0.49200000000000005 0.065 0.06
1 0.5055 0.5285 0.053 0.085
1 0.5665 0.5675 0.079 0.109
1 0.794 0.5529999999999999 0.08 0.11800000000000001
1 0.9079999999999999 0.5820000000000001 0.066 0.106
1 0.9515 0.6004999999999999 0.055 0.083
1 0.9795 0.6645 0.040999999999999995 0.085
1 0.9725 0.4215 0.055 0.083
1 0.0795 0.9505 0.10300000000000001 0.099
1 0.42 0.1025 0.062 0.079
1 0.4635 0.1005 0.053 0.073
1 0.503 0.132 0.066 0.1
1 0.5525 0.1805 0.065 0.09699999999999999
1 0.5945 0.111 0.067 0.08199999999999999
1 0.6509999999999999 0.0745 0.078 0.095
1 0.7775 0.0775 0.053 0.09699999999999999
1 0.8305 0.092 0.055 0.08800000000000001
1 0.8495 0.18899999999999997 0.073 0.078