1 0.41600000000000004 0.3887 0.09599999999999995 0.10799999999999997
1 0.4727 0.3747 0.08929999999999992 0.10400000000000005
1 0.5806999999999999 0.2753 0.11869999999999997 0.12930000000000003
1 0.8653 0.408 0.13870000000000005 0.15469999999999998
1 0.41729999999999995 0.48729999999999996 0.12799999999999997 0.10269999999999996
1 0.025 0.42 0.05 0.12
1 0.1293 0.5193 0.10670000000000002 0.13200000000000003
1 0.024 0.574 0.048 0.07870000000000005
1 0.02 0.6679999999999999 0.04 0.07469999999999999
1 0.06129999999999999 0.6207 0.06929999999999999 0.09200000000000003
1 0.25 0.945 0.1 0.11
1 0.556 0.7859999999999999 0.11469999999999998 0.1372999999999999
1 0.9813 0.7646999999999999 0.037299999999999896 0.12129999999999995