1 0.41600000000000004 0.3887 0.096 0.10800000000000001
1 0.4727 0.3747 0.08929999999999999 0.10400000000000001
1 0.5807 0.2753 0.11869999999999999 0.1293
1 0.8653 0.408 0.1387 0.1547
1 0.41729999999999995 0.48729999999999996 0.128 0.1027
1 0.0253 0.4267 0.0507 0.11470000000000001
1 0.1293 0.5193 0.1067 0.132
1 0.024 0.574 0.048 0.0787
1 0.02 0.6679999999999999 0.04 0.0747
1 0.0613 0.6207 0.0693 0.092
1 0.2553 0.9487000000000001 0.10800000000000001 0.1027
1 0.556 0.7859999999999999 0.11470000000000001 0.1373
1 0.9813 0.7646999999999999 0.0373 0.1213