1 0.02 0.43200000000000005 0.04 0.13329999999999997
1 0.1887 0.41729999999999995 0.1293 0.13870000000000005
1 0.21600000000000003 0.526 0.1653 0.17200000000000004
1 0.4387 0.5507 0.11469999999999998 0.14929999999999993
1 0.5972999999999999 0.4733 0.11200000000000003 0.13069999999999993
1 0.94 0.6446999999999999 0.12 0.15599999999999994
1 0.45130000000000003 0.11130000000000001 0.12129999999999995 0.11330000000000001
1 0.7467 0.1527 0.10930000000000006 0.1507
1 0.6473 0.7073 0.12129999999999995 0.14800000000000005
1 0.7913 0.7887000000000001 0.12669999999999987 0.1319999999999999
1 0.6747 0.9293 0.09069999999999993 0.1172999999999999
1 0.65 0.97 0.1 0.06
1 0.9540000000000001 0.9540000000000001 0.09199999999999989 0.09199999999999989
1 0.06 0.914 0.10399999999999998 0.12129999999999995
1 0.185 0.94 0.13 0.12