1 0.02 0.43200000000000005 0.04 0.1333
1 0.1887 0.41729999999999995 0.1293 0.1387
1 0.21600000000000003 0.526 0.1653 0.172
1 0.4387 0.5507 0.11470000000000001 0.1493
1 0.5972999999999999 0.4733 0.11199999999999999 0.1307
1 0.94 0.6446999999999999 0.12 0.156
1 0.45130000000000003 0.11130000000000001 0.1213 0.1133
1 0.7467 0.1527 0.1093 0.1507
1 0.6473 0.7073 0.1213 0.14800000000000002
1 0.7913 0.7887000000000001 0.1267 0.132
1 0.6747 0.9293 0.0907 0.1173
1 0.6567000000000001 0.9747 0.0973 0.0507
1 0.9540000000000001 0.9540000000000001 0.092 0.092
1 0.06 0.914 0.10400000000000001 0.1213
1 0.1893 0.9407 0.1333 0.11869999999999999