1 0.042699999999999995 0.174 0.08530000000000001 0.16129999999999994
1 0.0967 0.2953 0.11599999999999998 0.14269999999999997
1 0.4413 0.066 0.10929999999999992 0.1107
1 0.4133 0.2027 0.15200000000000002 0.13869999999999996
1 0.7993000000000001 0.0953 0.1372999999999999 0.132
1 0.7767000000000001 0.244 0.08669999999999987 0.10670000000000002
1 0.6453 0.418 0.10129999999999996 0.09200000000000003
1 0.5987 0.47200000000000003 0.08 0.09599999999999995
1 0.45530000000000004 0.542 0.09200000000000003 0.14
1 0.3507 0.6173 0.13329999999999997 0.12799999999999997
1 0.348 0.7993000000000001 0.11730000000000004 0.14
1 0.1127 0.9573 0.09729999999999998 0.08530000000000001
1 0.6707 0.6267 0.08 0.11729999999999997
1 0.8406999999999999 0.5907 0.09469999999999999 0.10929999999999992
1 0.6187 0.7533 0.10929999999999992 0.1280000000000001
1 0.7893000000000001 0.8187000000000001 0.11199999999999989 0.11469999999999998