1 0.042699999999999995 0.174 0.08529999999999999 0.1613
1 0.0967 0.2953 0.11599999999999999 0.1427
1 0.4413 0.066 0.1093 0.1107
1 0.4133 0.2027 0.152 0.1387
1 0.7993000000000001 0.0953 0.1373 0.132
1 0.7767000000000001 0.244 0.0867 0.1067
1 0.6453 0.418 0.1013 0.092
1 0.5987 0.47200000000000003 0.08 0.096
1 0.45530000000000004 0.542 0.092 0.14
1 0.3507 0.6173 0.1333 0.128
1 0.348 0.7993000000000001 0.1173 0.14
1 0.1127 0.9573 0.0973 0.08529999999999999
1 0.6707 0.6267 0.08 0.1173
1 0.8406999999999999 0.5907 0.0947 0.1093
1 0.6187 0.7533 0.1093 0.128
1 0.7893000000000001 0.8187000000000001 0.11199999999999999 0.11470000000000001