1 0.21530000000000002 0.057300000000000004 0.10529999999999999 0.11470000000000001
1 0.4053 0.0727 0.0933 0.1427
1 0.7027 0.1167 0.1093 0.1373
1 0.8553000000000001 0.1313 0.11869999999999999 0.14529999999999998
1 0.9133 0.3433 0.1173 0.1533
1 0.4347 0.38130000000000003 0.1013 0.0987
1 0.45399999999999996 0.4793 0.0653 0.1027
1 0.5607 0.502 0.0947 0.1133
1 0.6933 0.59 0.064 0.0867
1 0.7406999999999999 0.5947 0.057300000000000004 0.096
1 0.8726999999999999 0.6207 0.08130000000000001 0.0973
1 0.986 0.7067 0.027999999999999997 0.08
1 0.7406999999999999 0.6713 0.0707 0.0787
1 0.69 0.736 0.0787 0.1067
1 0.7713 0.736 0.068 0.1013
1 0.866 0.768 0.0973 0.0987
1 0.8340000000000001 0.8606999999999999 0.092 0.0973
1 0.74 0.9567 0.0987 0.0867
1 0.3507 0.42 0.07730000000000001 0.1173
1 0.3107 0.518 0.08529999999999999 0.10800000000000001
1 0.5433 0.7267 0.092 0.12269999999999999
1 0.3193 0.7979999999999999 0.0973 0.11599999999999999
1 0.37070000000000003 0.8427 0.0693 0.096
1 0.0727 0.46799999999999997 0.08929999999999999 0.11470000000000001
1 0.046 0.58 0.092 0.1333
1 0.1487 0.6793 0.10800000000000001 0.10529999999999999
1 0.0513 0.742 0.1027 0.1
1 0.1273 0.9079999999999999 0.10529999999999999 0.1253