1 0.21 0.055 0.1 0.11
1 0.4053 0.0727 0.09329999999999998 0.1427
1 0.7027 0.1167 0.10930000000000006 0.1373
1 0.8553000000000001 0.1313 0.11870000000000004 0.14529999999999998
1 0.9133 0.3433 0.1172999999999999 0.1533
1 0.4347 0.38130000000000003 0.10129999999999996 0.09870000000000005
1 0.45399999999999996 0.4793 0.06530000000000001 0.10269999999999996
1 0.5607 0.502 0.09469999999999999 0.11329999999999998
1 0.6933 0.59 0.06400000000000006 0.08670000000000001
1 0.7406999999999999 0.5947 0.0572999999999999 0.09599999999999995
1 0.8726999999999999 0.6207 0.08129999999999996 0.09730000000000004
1 0.986 0.7067 0.028000000000000115 0.08
1 0.7406999999999999 0.6713 0.07069999999999993 0.07870000000000005
1 0.69 0.736 0.07870000000000005 0.10669999999999988
1 0.7713 0.736 0.06800000000000012 0.10129999999999996
1 0.866 0.768 0.0972999999999999 0.09870000000000005
1 0.8340000000000001 0.8606999999999999 0.09199999999999989 0.0972999999999999
1 0.735 0.955 0.09 0.09
1 0.3507 0.42 0.07730000000000004 0.11730000000000004
1 0.3107 0.518 0.08530000000000001 0.10799999999999997
1 0.5433 0.7267 0.09200000000000003 0.1227000000000001
1 0.3193 0.7979999999999999 0.09730000000000004 0.11599999999999994
1 0.37070000000000003 0.8427 0.06929999999999993 0.09599999999999995
1 0.0727 0.46799999999999997 0.08929999999999999 0.11469999999999998
1 0.046 0.58 0.092 0.13330000000000006
1 0.1487 0.6793 0.10800000000000001 0.1053
1 0.05 0.74 0.1 0.1
1 0.1273 0.9079999999999999 0.1053 0.12530000000000002