1 0.21 0.055 0.1 0.11
1 0.405 0.075 0.095 0.145
1 0.705 0.115 0.11 0.135
1 0.855 0.13 0.12 0.145
1 0.915 0.345 0.115 0.155
1 0.435 0.38 0.1 0.1
1 0.455 0.48 0.065 0.105
1 0.56 0.5 0.095 0.115
1 0.695 0.59 0.065 0.085
1 0.74 0.595 0.055 0.095
1 0.875 0.62 0.08 0.095
1 0.985 0.705 0.03 0.08
1 0.74 0.67 0.07 0.08
1 0.69 0.735 0.08 0.105
1 0.77 0.735 0.07 0.1
1 0.865 0.77 0.095 0.1
1 0.835 0.86 0.09 0.095
1 0.735 0.955 0.09 0.09
1 0.35 0.42 0.075 0.115
1 0.31 0.52 0.085 0.11
1 0.545 0.725 0.09 0.125
1 0.32 0.8 0.095 0.115
1 0.37 0.845 0.07 0.095
1 0.075 0.47 0.09 0.115
1 0.045 0.58 0.09 0.135
1 0.15 0.68 0.11 0.105
1 0.05 0.74 0.1 0.1
1 0.125 0.91 0.105 0.125