1 0.1267 0.24600000000000002 0.10669999999999998 0.1053
1 0.042699999999999995 0.3093 0.08530000000000001 0.10129999999999999
1 0.1093 0.35 0.07730000000000001 0.07599999999999998
1 0.08470000000000001 0.4413 0.0733 0.10129999999999996
1 0.152 0.4147 0.07200000000000001 0.10930000000000006
1 0.32270000000000004 0.41600000000000004 0.06670000000000002 0.10670000000000002
1 0.38799999999999996 0.44329999999999997 0.09069999999999993 0.1053
1 0.2053 0.6713 0.08799999999999997 0.09469999999999999
1 0.2747 0.652 0.08530000000000001 0.12270000000000003
1 0.3753 0.1547 0.07599999999999994 0.10669999999999998
1 0.406 0.19329999999999997 0.08129999999999996 0.09600000000000002
1 0.522 0.2887 0.1053 0.10800000000000004
1 0.6847 0.2773 0.10800000000000004 0.12800000000000003
1 0.884 0.1773 0.09599999999999995 0.11469999999999998