1 0.1267 0.24600000000000002 0.1067 0.10529999999999999
1 0.042699999999999995 0.3093 0.08529999999999999 0.1013
1 0.1093 0.35 0.07730000000000001 0.076
1 0.08470000000000001 0.4413 0.0733 0.1013
1 0.152 0.4147 0.07200000000000001 0.1093
1 0.32270000000000004 0.41600000000000004 0.0667 0.1067
1 0.38799999999999996 0.44329999999999997 0.0907 0.10529999999999999
1 0.2053 0.6713 0.08800000000000001 0.0947
1 0.2747 0.652 0.08529999999999999 0.12269999999999999
1 0.3753 0.1547 0.076 0.1067
1 0.406 0.19329999999999997 0.08130000000000001 0.096
1 0.522 0.2887 0.10529999999999999 0.10800000000000001
1 0.6847 0.2773 0.10800000000000001 0.128
1 0.884 0.1773 0.096 0.11470000000000001