3 0.098 0.042 0.1507 0.084
1 0.034 0.1813 0.068 0.152
3 0.0693 0.17329999999999998 0.08529999999999999 0.0933
3 0.5533 0.43729999999999997 0.0933 0.1173
3 0.7853 0.5447 0.12 0.13470000000000001
3 0.4853 0.9493 0.11470000000000001 0.1013
3 0.092 0.9347 0.184 0.1307
3 0.1907 0.982 0.0693 0.036000000000000004
1 0.20670000000000002 0.4293 0.1173 0.11199999999999999
1 0.1173 0.7193 0.1547 0.1533
1 0.8487 0.7426999999999999 0.172 0.16269999999999998
1 0.78 0.25730000000000003 0.1493 0.1307
3 0.7867000000000001 0.3333 0.0827 0.0613