3 0.098 0.042 0.1507 0.084
1 0.034 0.1813 0.068 0.15199999999999997
3 0.0693 0.17329999999999998 0.08530000000000001 0.09329999999999998
3 0.5533 0.43729999999999997 0.09329999999999998 0.11730000000000004
3 0.7853 0.5447 0.12 0.1347
3 0.4853 0.9493 0.11469999999999998 0.10129999999999996
3 0.09 0.93 0.18 0.14
3 0.1907 0.982 0.0693 0.03599999999999994
1 0.20670000000000002 0.4293 0.11730000000000002 0.11200000000000003
1 0.1173 0.7193 0.15469999999999998 0.15330000000000013
1 0.8487 0.7426999999999999 0.17199999999999988 0.1627000000000001
1 0.78 0.25730000000000003 0.14930000000000007 0.1307
3 0.7867000000000001 0.3333 0.0827000000000001 0.06129999999999999