1 0.4147 0.1727 0.1467 0.14
1 0.8347 0.5473 0.1573 0.172
3 0.9007 0.09269999999999999 0.1507 0.1427
3 0.938 0.32530000000000003 0.124 0.2
3 0.2933 0.1067 0.16 0.1387
3 0.2907 0.37200000000000005 0.0987 0.096
3 0.1707 0.47130000000000005 0.14400000000000002 0.14
3 0.55 0.5227 0.196 0.17329999999999998
3 0.5313 0.672 0.20929999999999999 0.16269999999999998
3 0.7326999999999999 0.626 0.1213 0.1133
3 0.6633 0.9573 0.20670000000000002 0.08529999999999999
3 0.8432999999999999 0.9706999999999999 0.10800000000000001 0.0587
3 0.9767 0.9393 0.0467 0.1213