1 0.4147 0.1727 0.14670000000000002 0.14
1 0.8347 0.5473 0.15729999999999988 0.17200000000000004
3 0.9007 0.09269999999999999 0.15069999999999995 0.14270000000000002
3 0.938 0.32530000000000003 0.12400000000000005 0.2
3 0.2933 0.1067 0.16 0.13870000000000002
3 0.2907 0.37200000000000005 0.09870000000000001 0.09599999999999995
3 0.1707 0.47130000000000005 0.144 0.14
3 0.55 0.5227 0.19599999999999995 0.17329999999999998
3 0.5313 0.672 0.20929999999999993 0.16270000000000004
3 0.7326999999999999 0.626 0.12129999999999995 0.11329999999999998
3 0.6633 0.9573 0.20669999999999994 0.08530000000000001
3 0.835 0.97 0.11 0.06
3 0.975 0.93 0.05 0.12