3 0.7140000000000001 0.7885 0.11599999999999999 0.11900000000000001
3 0.8955 0.9415 0.149 0.11699999999999999
3 0.9175 0.7655 0.115 0.16899999999999998
3 0.9804999999999999 0.5985 0.039 0.065
3 0.048 0.9434999999999999 0.096 0.113
3 0.929 0.368 0.098 0.128
3 0.025 0.3265 0.05 0.171
1 0.102 0.374 0.11199999999999999 0.11199999999999999
1 0.483 0.078 0.11599999999999999 0.11199999999999999
1 0.7190000000000001 0.182 0.096 0.102
1 0.8240000000000001 0.285 0.106 0.11199999999999999
1 0.8095 0.409 0.12300000000000001 0.126
1 0.6685 0.41200000000000003 0.109 0.11800000000000001
3 0.092 0.284 0.11599999999999999 0.1
3 0.773 0.2615 0.11199999999999999 0.131