3 0.7140000000000001 0.7885 0.11599999999999994 0.11900000000000005
3 0.8955 0.9415 0.14900000000000005 0.11699999999999988
3 0.9175 0.7655 0.115 0.16900000000000007
3 0.9804999999999999 0.5985 0.039000000000000055 0.065
3 0.048 0.9434999999999999 0.096 0.11300000000000011
3 0.929 0.368 0.09800000000000011 0.12799999999999997
3 0.025 0.3265 0.05 0.17100000000000004
1 0.102 0.374 0.11199999999999999 0.11200000000000003
1 0.483 0.07799999999999999 0.11599999999999994 0.11199999999999999
1 0.7190000000000001 0.182 0.09599999999999995 0.10199999999999998
1 0.8240000000000001 0.285 0.10599999999999994 0.11200000000000003
1 0.8095 0.409 0.12300000000000011 0.12599999999999995
1 0.6685 0.41200000000000003 0.10900000000000006 0.11799999999999997
3 0.092 0.284 0.11600000000000002 0.1
3 0.773 0.2615 0.11199999999999989 0.13099999999999998