3 0.071 0.515 0.098 0.09400000000000006
3 0.1425 0.57 0.08700000000000001 0.10799999999999997
3 0.1805 0.621 0.06899999999999999 0.08399999999999999
3 0.214 0.6920000000000001 0.08799999999999997 0.08800000000000012
3 0.2635 0.7559999999999999 0.08899999999999998 0.09199999999999989
3 0.5045000000000001 0.5925 0.10099999999999994 0.10699999999999996
3 0.023 0.5984999999999999 0.046 0.08499999999999992
3 0.022000000000000002 0.7755 0.044000000000000004 0.09699999999999989
1 0.07050000000000001 0.6385000000000001 0.07500000000000001 0.08299999999999998
1 0.058499999999999996 0.7390000000000001 0.077 0.08199999999999989
1 0.1065 0.72 0.05900000000000001 0.08400000000000006
1 0.1305 0.9740000000000001 0.095 0.05199999999999989
1 0.2235 0.9695 0.08100000000000002 0.06099999999999994
1 0.29600000000000004 0.9625 0.06 0.065
1 0.20199999999999999 0.8825 0.12800000000000003 0.11699999999999988
1 0.586 0.9445 0.10200000000000004 0.11099999999999995
3 0.31 0.89 0.08599999999999998 0.09199999999999989
3 0.6535 0.9590000000000001 0.08699999999999995 0.08