3 0.071 0.515 0.098 0.094
3 0.1425 0.57 0.087 0.10800000000000001
3 0.1805 0.621 0.069 0.084
3 0.214 0.6920000000000001 0.08800000000000001 0.08800000000000001
3 0.2635 0.7559999999999999 0.08900000000000001 0.092
3 0.5045000000000001 0.5925 0.10099999999999999 0.107
3 0.023 0.5985 0.046 0.085
3 0.022000000000000002 0.7755 0.044000000000000004 0.09699999999999999
1 0.0705 0.6385000000000001 0.075 0.083
1 0.058499999999999996 0.7390000000000001 0.077 0.08199999999999999
1 0.1065 0.72 0.059000000000000004 0.084
1 0.1305 0.9740000000000001 0.095 0.052000000000000005
1 0.2235 0.9695 0.081 0.061
1 0.29600000000000004 0.9625 0.06 0.065
1 0.20199999999999999 0.8825 0.128 0.11699999999999999
1 0.586 0.9445 0.102 0.111
3 0.31 0.89 0.086 0.092
3 0.6535 0.9590000000000001 0.087 0.08