1 0.1705 0.4515 0.129 0.127
1 0.375 0.9165000000000001 0.12 0.125
1 0.6285000000000001 0.43 0.135 0.136
3 0.8805 0.6015 0.083 0.095
3 0.478 0.49200000000000005 0.09 0.092
3 0.534 0.3425 0.11599999999999999 0.113
3 0.28300000000000003 0.3655 0.096 0.10099999999999999
3 0.3325 0.3325 0.10099999999999999 0.109
3 0.6655 0.044000000000000004 0.179 0.08800000000000001
3 0.833 0.0335 0.106 0.067
3 0.72 0.5075 0.146 0.145
3 0.7315 0.7855 0.069 0.069
3 0.919 0.888 0.128 0.162
3 0.645 0.884 0.1 0.114
3 0.535 0.879 0.132 0.142