1 0.1705 0.4515 0.12899999999999998 0.12700000000000003
1 0.375 0.9165000000000001 0.12 0.125
1 0.6285 0.43 0.13499999999999993 0.13599999999999995
3 0.8805 0.6015 0.08300000000000012 0.09500000000000007
3 0.478 0.49200000000000005 0.09 0.09200000000000003
3 0.534 0.3425 0.11599999999999994 0.11299999999999998
3 0.28300000000000003 0.3655 0.09600000000000002 0.10099999999999998
3 0.3325 0.3325 0.10099999999999998 0.10900000000000003
3 0.6655 0.044000000000000004 0.17900000000000005 0.08800000000000001
3 0.833 0.0335 0.10599999999999994 0.067
3 0.72 0.5075 0.14599999999999994 0.145
3 0.7315 0.7855 0.06900000000000006 0.06900000000000006
3 0.919 0.888 0.1280000000000001 0.1619999999999999
3 0.645 0.884 0.1 0.11400000000000006
3 0.535 0.879 0.13200000000000003 0.14199999999999988