1 0.1285 0.023 0.115 0.046
1 0.268 0.128 0.11 0.086
1 0.48450000000000004 0.268 0.12300000000000001 0.11
1 0.49200000000000005 0.3865 0.10400000000000001 0.145
3 0.696 0.701 0.092 0.128
3 0.41 0.0935 0.134 0.109
3 0.3375 0.249 0.067 0.07400000000000001
3 0.302 0.34600000000000003 0.092 0.10800000000000001
3 0.446 0.57 0.114 0.11599999999999999
3 0.6495000000000001 0.593 0.09699999999999999 0.08800000000000001
3 0.6579999999999999 0.4755 0.096 0.081
3 0.5675 0.382 0.10300000000000001 0.134
3 0.1515 0.735 0.129 0.134
3 0.16449999999999998 0.855 0.09699999999999999 0.07200000000000001
3 0.1405 0.9565 0.09699999999999999 0.087
3 0.024 0.8395 0.048 0.16699999999999998
3 0.027999999999999997 0.6095 0.055999999999999994 0.09300000000000001
3 0.050499999999999996 0.541 0.091 0.114
3 0.409 0.8795000000000001 0.07 0.095
3 0.4575 0.9079999999999999 0.085 0.102
3 0.494 0.8584999999999999 0.054000000000000006 0.095