1 0.1285 0.023 0.11500000000000002 0.046
1 0.26799999999999996 0.128 0.10999999999999996 0.08600000000000002
1 0.48450000000000004 0.26799999999999996 0.12299999999999997 0.10999999999999996
1 0.49200000000000005 0.3865 0.10400000000000005 0.145
3 0.696 0.701 0.09199999999999989 0.12800000000000003
3 0.41 0.0935 0.13400000000000006 0.10900000000000003
3 0.3375 0.249 0.06700000000000003 0.07399999999999998
3 0.302 0.34600000000000003 0.09199999999999996 0.10799999999999997
3 0.446 0.57 0.11400000000000006 0.11599999999999994
3 0.6495000000000001 0.593 0.09699999999999996 0.08799999999999997
3 0.6579999999999999 0.4755 0.09599999999999995 0.08099999999999995
3 0.5675 0.382 0.10299999999999997 0.134
3 0.1515 0.735 0.12900000000000003 0.13400000000000006
3 0.16449999999999998 0.855 0.09699999999999998 0.07199999999999988
3 0.1405 0.9565 0.09699999999999998 0.08699999999999988
3 0.024 0.8395 0.048 0.1669999999999999
3 0.027999999999999997 0.6095 0.055999999999999994 0.09300000000000004
3 0.050499999999999996 0.541 0.091 0.11400000000000006
3 0.409 0.8795000000000001 0.07 0.095
3 0.4575 0.9079999999999999 0.085 0.10199999999999988
3 0.494 0.8584999999999999 0.054000000000000055 0.095