1 0.13 0.025 0.115 0.045
1 0.27 0.13 0.11 0.085
1 0.485 0.27 0.125 0.11
1 0.49 0.385 0.105 0.145
3 0.695 0.7 0.09 0.13
3 0.41 0.095 0.135 0.11
3 0.34 0.25 0.065 0.075
3 0.3 0.345 0.09 0.11
3 0.445 0.57 0.115 0.115
3 0.65 0.595 0.095 0.09
3 0.66 0.475 0.095 0.08
3 0.57 0.38 0.105 0.135
3 0.15 0.735 0.13 0.135
3 0.165 0.855 0.095 0.07
3 0.14 0.955 0.095 0.085
3 0.025 0.84 0.05 0.165
3 0.03 0.61 0.055 0.095
3 0.05 0.54 0.09 0.115
3 0.41 0.88 0.07 0.095
3 0.46 0.91 0.085 0.1
3 0.495 0.86 0.055 0.095