3 0.035 0.14 0.07 0.12
3 0.28 0.26 0.08 0.08
3 0.37 0.335 0.085 0.09
3 0.61 0.365 0.09 0.07
1 0.88 0.595 0.12 0.14
3 0.85 0.54 0.1 0.09
3 0.96 0.56 0.08 0.13
3 0.95 0.675 0.1 0.13
3 0.845 0.825 0.085 0.075
3 0.47 0.66 0.095 0.075
3 0.13 0.87 0.115 0.11
3 0.495 0.07 0.055 0.08
3 0.53 0.06 0.1 0.12
3 0.675 0.065 0.08 0.095
3 0.84 0.085 0.14 0.125
3 0.965 0.195 0.07 0.09
3 0.945 0.295 0.11 0.095
1 0.675 0.24 0.125 0.11
1 0.33 0.105 0.15 0.13
1 0.135 0.02 0.13 0.04
1 0.04 0.815 0.075 0.09
1 0.3 0.425 0.095 0.11
1 0.4 0.46 0.1 0.105
1 0.6 0.52 0.095 0.105