3 0.035 0.14 0.07 0.12
3 0.282 0.2593 0.08130000000000003 0.08130000000000003
3 0.36869999999999997 0.33399999999999996 0.08400000000000006 0.08929999999999996
3 0.6093 0.36729999999999996 0.09070000000000007 0.07070000000000007
1 0.882 0.5960000000000001 0.11870000000000004 0.14130000000000004
3 0.8487 0.5387 0.1 0.08799999999999997
3 0.9593 0.56 0.08129999999999996 0.12799999999999997
3 0.95 0.675 0.1 0.13
3 0.8447 0.8240000000000001 0.08400000000000006 0.07469999999999999
3 0.4707 0.6593000000000001 0.09599999999999995 0.07599999999999994
3 0.12869999999999998 0.8693000000000001 0.11330000000000001 0.10930000000000006
3 0.494 0.07 0.05730000000000004 0.08130000000000003
3 0.5373 0.062 0.10400000000000005 0.124
3 0.6767 0.0647 0.07870000000000005 0.0947
3 0.8387 0.0867 0.14129999999999995 0.12269999999999999
3 0.968 0.1973 0.06400000000000006 0.0907
3 0.9453 0.29469999999999996 0.10930000000000006 0.09599999999999997
1 0.6759999999999999 0.242 0.12530000000000002 0.10800000000000004
1 0.33 0.10330000000000002 0.14799999999999996 0.12930000000000003
1 0.136 0.022000000000000002 0.128 0.044000000000000004
1 0.038 0.8127 0.076 0.09199999999999989
1 0.2987 0.426 0.09600000000000002 0.11070000000000008
1 0.3987 0.46130000000000004 0.09870000000000005 0.10670000000000002
1 0.6007000000000001 0.52 0.09470000000000006 0.10670000000000002