3 0.0393 0.146 0.0787 0.124
3 0.282 0.2593 0.08130000000000001 0.08130000000000001
3 0.36869999999999997 0.33399999999999996 0.084 0.08929999999999999
3 0.6093 0.36729999999999996 0.0907 0.0707
1 0.882 0.596 0.11869999999999999 0.1413
3 0.8487 0.5387 0.1 0.08800000000000001
3 0.9593 0.56 0.08130000000000001 0.128
3 0.9527 0.6812999999999999 0.0947 0.136
3 0.8447 0.8240000000000001 0.084 0.0747
3 0.4707 0.6593000000000001 0.096 0.076
3 0.12869999999999998 0.8693000000000001 0.1133 0.1093
3 0.494 0.07 0.057300000000000004 0.08130000000000001
3 0.5373 0.062 0.10400000000000001 0.124
3 0.6767 0.0647 0.0787 0.0947
3 0.8387 0.0867 0.1413 0.12269999999999999
3 0.968 0.1973 0.064 0.0907
3 0.9453 0.29469999999999996 0.1093 0.096
1 0.6759999999999999 0.242 0.1253 0.10800000000000001
1 0.33 0.1033 0.14800000000000002 0.1293
1 0.136 0.022000000000000002 0.128 0.044000000000000004
1 0.038 0.8127 0.076 0.092
1 0.2987 0.426 0.096 0.1107
1 0.3987 0.46130000000000004 0.0987 0.1067
1 0.6007 0.52 0.0947 0.1067