1 0.154 0.1007 0.1027 0.11599999999999999
1 0.2547 0.15 0.1067 0.10529999999999999
1 0.4067 0.0993 0.0907 0.0947
1 0.4807 0.156 0.10529999999999999 0.12
1 0.504 0.4927 0.0693 0.08929999999999999
1 0.7567 0.5647 0.0787 0.08929999999999999
3 0.6413 0.46130000000000004 0.1413 0.12
3 0.6333 0.304 0.136 0.10400000000000001
3 0.85 0.292 0.11869999999999999 0.11470000000000001
3 0.9740000000000001 0.3393 0.052000000000000005 0.1
3 0.8233 0.0913 0.092 0.11599999999999999
3 0.8759999999999999 0.07400000000000001 0.0693 0.10800000000000001
3 0.9279999999999999 0.0487 0.07730000000000001 0.092
3 0.9640000000000001 0.096 0.0587 0.08529999999999999
3 0.9833 0.12269999999999999 0.0333 0.0827