1 0.154 0.1007 0.1027 0.11600000000000002
1 0.2547 0.15 0.10670000000000002 0.1053
1 0.4067 0.0993 0.09069999999999993 0.09469999999999999
1 0.4807 0.15600000000000003 0.1053 0.12000000000000002
1 0.504 0.4927 0.06929999999999993 0.08929999999999992
1 0.7567 0.5647 0.07870000000000005 0.08930000000000007
3 0.6413 0.46130000000000004 0.14129999999999995 0.12
3 0.6333 0.304 0.13599999999999995 0.10400000000000002
3 0.85 0.29200000000000004 0.11870000000000004 0.11470000000000002
3 0.9740000000000001 0.3393 0.05199999999999989 0.1
3 0.8233 0.0913 0.09199999999999989 0.11599999999999998
3 0.8759999999999999 0.07400000000000001 0.06930000000000007 0.10800000000000001
3 0.9279999999999999 0.04869999999999999 0.0772999999999999 0.092
3 0.9640000000000001 0.096 0.058700000000000044 0.08529999999999997
3 0.9833 0.12269999999999999 0.03330000000000013 0.08270000000000001