1 0.14150000000000001 0.364 0.077 0.10200000000000004
1 0.6990000000000001 0.17350000000000002 0.08800000000000012 0.08299999999999999
1 0.8025 0.014499999999999999 0.085 0.028999999999999998
7 0.413 0.6265000000000001 0.11 0.10100000000000002
3 0.0245 0.1265 0.049 0.077
3 0.076 0.1565 0.08199999999999999 0.083
3 0.1155 0.0195 0.10899999999999999 0.039
3 0.0535 0.374 0.105 0.15599999999999997
3 0.196 0.39649999999999996 0.08399999999999999 0.08099999999999995
3 0.237 0.478 0.053999999999999986 0.07799999999999997
3 0.5345 0.593 0.07299999999999997 0.06799999999999998
3 0.5715 0.2285 0.10299999999999997 0.11899999999999998
3 0.7140000000000001 0.06200000000000001 0.06599999999999995 0.102
3 0.843 0.102 0.08599999999999994 0.098
3 0.8825 0.23149999999999998 0.11099999999999995 0.09899999999999999
3 0.9540000000000001 0.317 0.09199999999999989 0.11600000000000002
3 0.963 0.433 0.07400000000000005 0.09200000000000003
3 0.63 0.036000000000000004 0.10199999999999995 0.07200000000000001