1 0.14150000000000001 0.364 0.077 0.102
1 0.6990000000000001 0.17350000000000002 0.08800000000000001 0.083
1 0.8025 0.014499999999999999 0.085 0.028999999999999998
7 0.413 0.6265 0.11 0.10099999999999999
3 0.0245 0.1265 0.049 0.077
3 0.076 0.1565 0.08199999999999999 0.083
3 0.1155 0.0195 0.109 0.039
3 0.0535 0.374 0.105 0.156
3 0.196 0.39649999999999996 0.084 0.081
3 0.237 0.478 0.054000000000000006 0.078
3 0.5345 0.593 0.073 0.068
3 0.5715 0.2285 0.10300000000000001 0.11900000000000001
3 0.7140000000000001 0.062 0.066 0.102
3 0.843 0.102 0.086 0.098
3 0.8825 0.23149999999999998 0.111 0.099
3 0.9540000000000001 0.317 0.092 0.11599999999999999
3 0.963 0.433 0.07400000000000001 0.092
3 0.63 0.036000000000000004 0.102 0.07200000000000001