8 0.9673 0.09 0.06530000000000001 0.12130000000000002
8 0.8193 0.030699999999999998 0.09199999999999989 0.0613
8 0.774 0.106 0.1347 0.10529999999999998
8 0.726 0.184 0.14 0.11730000000000002
8 0.76 0.4927 0.13870000000000005 0.14
8 0.8733 0.5693 0.13599999999999995 0.10670000000000002
8 0.9473 0.628 0.1053 0.17599999999999993
8 0.83 0.662 0.1319999999999999 0.12400000000000005
8 0.6493000000000001 0.7567 0.13069999999999993 0.07870000000000005
8 0.6713 0.706 0.1347 0.08129999999999996
8 0.6940000000000001 0.6613 0.14 0.10669999999999995
8 0.7853 0.7693000000000001 0.14930000000000007 0.13599999999999995
8 0.77 0.93 0.18 0.14
8 0.7853 0.8453 0.08800000000000012 0.053300000000000125
8 0.5972999999999999 0.828 0.11999999999999993 0.12530000000000002
8 0.6793 0.8412999999999999 0.12400000000000005 0.14129999999999995
8 0.6527 0.9093000000000001 0.09199999999999996 0.06129999999999995
8 0.5567 0.9440000000000001 0.15599999999999994 0.11199999999999989
8 0.5113 0.504 0.1347 0.15469999999999998
8 0.6027 0.5107 0.11200000000000003 0.15730000000000005
8 0.0993 0.7267 0.1347 0.14930000000000007
8 0.23800000000000002 0.7273000000000001 0.15869999999999998 0.12400000000000005
8 0.256 0.7993000000000001 0.14129999999999998 0.11599999999999994
8 0.04869999999999999 0.8513 0.0973 0.15599999999999994
8 0.035 0.95 0.07 0.1
8 0.4647 0.34 0.15069999999999995 0.15200000000000002
8 0.4993 0.294 0.12929999999999992 0.11870000000000001
8 0.562 0.192 0.1347 0.184
8 0.618 0.10669999999999998 0.10800000000000004 0.13069999999999998
8 0.6727 0.05800000000000001 0.08930000000000007 0.1
8 0.7367 0.04469999999999999 0.12930000000000008 0.08929999999999999
8 0.06 0.1 0.12 0.08
8 0.04 0.045 0.08 0.09
8 0.1027 0.036699999999999997 0.12270000000000002 0.0733
8 0.20600000000000002 0.0867 0.12399999999999999 0.12529999999999997
8 0.218 0.027999999999999997 0.1107 0.055999999999999994
8 0.31 0.08869999999999999 0.10799999999999997 0.132
8 0.2847 0.0187 0.08930000000000003 0.03730000000000001
8 0.44670000000000004 0.1393 0.12 0.148
8 0.1333 0.19399999999999998 0.128 0.14
8 0.0407 0.2213 0.08130000000000003 0.058699999999999974
8 0.0387 0.16329999999999997 0.07730000000000001 0.06530000000000001
8 0.0947 0.2707 0.11199999999999999 0.0907
8 0.04 0.3207 0.08 0.07329999999999998
8 0.08199999999999999 0.35200000000000004 0.1027 0.08
8 0.11599999999999999 0.4033 0.07730000000000001 0.10269999999999996
8 0.0527 0.4567 0.1027 0.14
8 0.026000000000000002 0.41 0.052000000000000005 0.1053
8 0.9273 0.3147 0.1453 0.3653