8 0.965 0.09 0.065 0.12
8 0.82 0.03 0.09 0.06
8 0.775 0.105 0.135 0.105
8 0.725 0.185 0.14 0.115
8 0.76 0.495 0.14 0.14
8 0.875 0.57 0.135 0.105
8 0.945 0.63 0.105 0.175
8 0.83 0.66 0.13 0.125
8 0.65 0.755 0.13 0.08
8 0.67 0.705 0.135 0.08
8 0.695 0.66 0.14 0.105
8 0.785 0.77 0.15 0.135
8 0.77 0.93 0.18 0.14
8 0.785 0.845 0.09 0.055
8 0.595 0.83 0.12 0.125
8 0.68 0.84 0.125 0.14
8 0.655 0.91 0.09 0.06
8 0.555 0.945 0.155 0.11
8 0.51 0.505 0.135 0.155
8 0.605 0.51 0.11 0.155
8 0.1 0.725 0.135 0.15
8 0.24 0.725 0.16 0.125
8 0.255 0.8 0.14 0.115
8 0.05 0.85 0.095 0.155
8 0.035 0.95 0.07 0.1
8 0.465 0.34 0.15 0.15
8 0.5 0.295 0.13 0.12
8 0.56 0.19 0.135 0.185
8 0.62 0.105 0.11 0.13
8 0.675 0.06 0.09 0.1
8 0.735 0.045 0.13 0.09
8 0.06 0.1 0.12 0.08
8 0.04 0.045 0.08 0.09
8 0.1 0.035 0.12 0.07
8 0.205 0.085 0.125 0.125
8 0.22 0.03 0.11 0.055
8 0.31 0.09 0.11 0.13
8 0.285 0.02 0.09 0.035
8 0.445 0.14 0.12 0.15
8 0.135 0.195 0.13 0.14
8 0.04 0.22 0.08 0.06
8 0.04 0.165 0.075 0.065
8 0.095 0.27 0.11 0.09
8 0.04 0.32 0.08 0.075
8 0.08 0.35 0.105 0.08
8 0.115 0.405 0.075 0.105
8 0.055 0.455 0.105 0.14
8 0.025 0.41 0.05 0.105
8 0.925 0.315 0.145 0.365