8 0.9673 0.09 0.0653 0.1213
8 0.8193 0.030699999999999998 0.092 0.0613
8 0.774 0.106 0.13470000000000001 0.10529999999999999
8 0.726 0.184 0.14 0.1173
8 0.76 0.4927 0.1387 0.14
8 0.8733 0.5693 0.136 0.1067
8 0.9473 0.628 0.10529999999999999 0.17600000000000002
8 0.83 0.662 0.132 0.124
8 0.6493000000000001 0.7567 0.1307 0.0787
8 0.6713 0.706 0.13470000000000001 0.08130000000000001
8 0.6940000000000001 0.6613 0.14 0.1067
8 0.7853 0.7693000000000001 0.1493 0.136
8 0.7753 0.9307 0.172 0.1387
8 0.7853 0.8453 0.08800000000000001 0.0533
8 0.5972999999999999 0.828 0.12 0.1253
8 0.6793 0.8412999999999999 0.124 0.1413
8 0.6527 0.9093000000000001 0.092 0.0613
8 0.5567 0.9440000000000001 0.156 0.11199999999999999
8 0.5113 0.504 0.13470000000000001 0.1547
8 0.6027 0.5107 0.11199999999999999 0.1573
8 0.0993 0.7267 0.13470000000000001 0.1493
8 0.23800000000000002 0.7273000000000001 0.15869999999999998 0.124
8 0.256 0.7993000000000001 0.1413 0.11599999999999999
8 0.0487 0.8513 0.0973 0.156
8 0.036699999999999997 0.9506999999999999 0.0733 0.0987
8 0.4647 0.34 0.1507 0.152
8 0.4993 0.294 0.1293 0.11869999999999999
8 0.562 0.192 0.13470000000000001 0.184
8 0.618 0.1067 0.10800000000000001 0.1307
8 0.6727 0.057999999999999996 0.08929999999999999 0.1
8 0.7367 0.0447 0.1293 0.08929999999999999
8 0.0613 0.10400000000000001 0.12269999999999999 0.0747
8 0.0433 0.0453 0.0867 0.0907
8 0.1027 0.036699999999999997 0.12269999999999999 0.0733
8 0.20600000000000002 0.0867 0.124 0.1253
8 0.218 0.027999999999999997 0.1107 0.055999999999999994
8 0.31 0.08869999999999999 0.10800000000000001 0.132
8 0.2847 0.0187 0.08929999999999999 0.0373
8 0.44670000000000004 0.1393 0.12 0.14800000000000002
8 0.1333 0.19399999999999998 0.128 0.14
8 0.0407 0.2213 0.08130000000000001 0.0587
8 0.0387 0.16329999999999997 0.07730000000000001 0.0653
8 0.0947 0.2707 0.11199999999999999 0.0907
8 0.04 0.3207 0.08 0.0733
8 0.08199999999999999 0.35200000000000004 0.1027 0.08
8 0.11599999999999999 0.4033 0.07730000000000001 0.1027
8 0.0527 0.4567 0.1027 0.14
8 0.026000000000000002 0.41 0.052000000000000005 0.10529999999999999
8 0.9273 0.3147 0.14529999999999998 0.3653