4 0.9059999999999999 0.11199999999999999 0.12199999999999989 0.12800000000000003
4 0.9615 0.3055 0.07699999999999989 0.16899999999999998
4 0.5 0.318 0.12599999999999995 0.13800000000000004
4 0.871 0.615 0.12599999999999995 0.19
4 0.8265 0.264 0.13300000000000012 0.13200000000000003
4 0.8009999999999999 0.3275 0.15199999999999989 0.11700000000000003
4 0.7390000000000001 0.413 0.1 0.08400000000000006
4 0.6809999999999999 0.494 0.07599999999999994 0.10599999999999994
4 0.9209999999999999 0.419 0.11400000000000006 0.11400000000000006
4 0.946 0.5225 0.10800000000000011 0.12299999999999997
4 0.7575 0.5065 0.125 0.13099999999999995