8 0.02 0.02 0.04 0.04
8 0.095 0.065 0.15 0.13
8 0.035 0.305 0.07 0.18
8 0.19 0.375 0.16 0.155
8 0.37 0.44 0.165 0.165
8 0.56 0.03 0.14 0.06
8 0.77 0.035 0.16 0.07
8 0.63 0.195 0.17 0.165
8 0.59 0.295 0.15 0.11
8 0.545 0.45 0.185 0.16
8 0.57 0.355 0.155 0.095
8 0.71 0.505 0.165 0.175
8 0.925 0.64 0.15 0.185
8 0.13 0.52 0.17 0.16
8 0.085 0.65 0.17 0.2
8 0.315 0.59 0.125 0.13
8 0.3 0.71 0.17 0.155
8 0.515 0.575 0.155 0.135
8 0.45 0.69 0.19 0.155
8 0.405 0.62 0.115 0.11
8 0.575 0.725 0.175 0.195
8 0.82 0.81 0.175 0.185
8 0.95 0.89 0.1 0.195