8 0.02 0.0233 0.04 0.0467
8 0.0973 0.064 0.1493 0.128
8 0.0347 0.304 0.0693 0.1787
8 0.1893 0.37270000000000003 0.16 0.1533
8 0.37200000000000005 0.4387 0.1653 0.1653
8 0.5633 0.032 0.14529999999999998 0.064
8 0.7733 0.0353 0.1653 0.0707
8 0.628 0.1973 0.1707 0.16269999999999998
8 0.5920000000000001 0.2953 0.1493 0.1107
8 0.5467 0.45 0.184 0.15869999999999998
8 0.5687 0.3553 0.1533 0.0947
8 0.7106999999999999 0.5027 0.1653 0.17600000000000002
8 0.924 0.638 0.152 0.18530000000000002
8 0.13 0.518 0.1693 0.15869999999999998
8 0.08470000000000001 0.6487 0.1693 0.20129999999999998
8 0.314 0.588 0.124 0.128
8 0.298 0.71 0.1693 0.156
8 0.5153 0.5772999999999999 0.156 0.136
8 0.452 0.6893 0.192 0.1547
8 0.4033 0.618 0.11599999999999999 0.1107
8 0.5747 0.7253000000000001 0.17329999999999998 0.19469999999999998
8 0.82 0.8093 0.17600000000000002 0.1867
8 0.9493 0.888 0.1013 0.19469999999999998