8 0.02 0.02 0.04 0.04
8 0.0973 0.064 0.1493 0.128
8 0.03470000000000001 0.304 0.0693 0.17870000000000005
8 0.1893 0.37270000000000003 0.16 0.1533
8 0.37200000000000005 0.4387 0.1653 0.1653
8 0.5633 0.032 0.1453 0.064
8 0.77 0.035 0.16 0.07
8 0.628 0.1973 0.17069999999999994 0.16270000000000004
8 0.5920000000000001 0.2953 0.14930000000000007 0.11069999999999997
8 0.5467 0.45 0.18400000000000005 0.15870000000000004
8 0.5687 0.3553 0.1533 0.09469999999999999
8 0.7106999999999999 0.5027 0.1653 0.17600000000000007
8 0.924 0.638 0.15199999999999989 0.18530000000000002
8 0.13 0.518 0.1693 0.15870000000000004
8 0.08470000000000003 0.6487 0.1693 0.20129999999999995
8 0.314 0.588 0.12400000000000003 0.12800000000000003
8 0.298 0.71 0.1693 0.15599999999999994
8 0.5153 0.5773 0.15599999999999994 0.136
8 0.452 0.6893 0.19200000000000003 0.15469999999999998
8 0.4033 0.618 0.11599999999999994 0.11069999999999994
8 0.5747 0.7253000000000001 0.1732999999999999 0.19469999999999998
8 0.82 0.8093 0.17599999999999993 0.18670000000000017
8 0.9493 0.888 0.10129999999999996 0.19469999999999998