7 0.0895 0.185 0.09100000000000001 0.118
7 0.2375 0.851 0.12899999999999998 0.07199999999999988
7 0.12300000000000001 0.8835 0.09399999999999999 0.08300000000000012
7 0.034 0.882 0.068 0.08800000000000012
7 0.0675 0.9715 0.135 0.056999999999999884
7 0.1355 0.7805 0.08100000000000002 0.07900000000000006
7 0.1875 0.752 0.09700000000000002 0.08800000000000012
7 0.1845 0.9305 0.07899999999999999 0.085
7 0.2545 0.9235 0.10100000000000002 0.07699999999999989
7 0.21600000000000003 0.978 0.11399999999999999 0.04400000000000006
7 0.08349999999999999 0.679 0.069 0.08
7 0.034 0.632 0.068 0.10199999999999995
7 0.45049999999999996 0.956 0.08099999999999995 0.08800000000000012
7 0.34450000000000003 0.9005 0.115 0.10900000000000006
7 0.34299999999999997 0.9695 0.13799999999999998 0.06099999999999994
7 0.163 0.544 0.07399999999999998 0.07200000000000002
7 0.07949999999999999 0.5725 0.06499999999999999 0.07099999999999994