7 0.0895 0.185 0.091 0.11800000000000001
7 0.2375 0.851 0.129 0.07200000000000001
7 0.12300000000000001 0.8835 0.094 0.083
7 0.034 0.882 0.068 0.08800000000000001
7 0.0675 0.9715 0.135 0.057
7 0.1355 0.7805 0.081 0.079
7 0.1875 0.752 0.09699999999999999 0.08800000000000001
7 0.1845 0.9305 0.079 0.085
7 0.2545 0.9235 0.10099999999999999 0.077
7 0.21600000000000003 0.978 0.114 0.044000000000000004
7 0.08349999999999999 0.679 0.069 0.08
7 0.034 0.632 0.068 0.102
7 0.45049999999999996 0.956 0.081 0.08800000000000001
7 0.34450000000000003 0.9005 0.115 0.109
7 0.34299999999999997 0.9695 0.138 0.061
7 0.163 0.544 0.07400000000000001 0.07200000000000001
7 0.0795 0.5725 0.065 0.071