7 0.2773 0.7506999999999999 0.1787 0.2027
7 0.4927 0.8859999999999999 0.19329999999999997 0.20670000000000002
7 0.6507 0.924 0.1253 0.152
7 0.7253000000000001 0.898 0.16 0.16399999999999998
7 0.8107 0.21530000000000002 0.17600000000000002 0.19329999999999997
7 0.9247 0.24 0.1506 0.1333
7 0.9067000000000001 0.3353 0.1866 0.11599999999999999
7 0.9013 0.9467 0.1973 0.1066
7 0.8959999999999999 0.81 0.20800000000000002 0.092
7 0.898 0.8813 0.204 0.08529999999999999
7 0.898 0.7313 0.14800000000000002 0.1507
7 0.9747 0.7020000000000001 0.0506 0.1427
7 0.642 0.532 0.20129999999999998 0.1547
7 0.7473000000000001 0.6107 0.1293 0.1707
7 0.606 0.6613 0.14 0.1493
7 0.7 0.6653 0.10400000000000001 0.1307
7 0.7 0.7587 0.2027 0.128
7 0.0653 0.498 0.1307 0.1773
7 0.06 0.4007 0.12 0.14529999999999998
7 0.0493 0.052000000000000005 0.0986 0.10400000000000001
7 0.1673 0.0687 0.16670000000000001 0.1373
7 0.0673 0.1553 0.1346 0.13470000000000001
7 0.0227 0.256 0.0453 0.11199999999999999
7 0.4033 0.19870000000000002 0.26530000000000004 0.248
7 0.45270000000000005 0.342 0.22 0.156
7 0.4473 0.5133 0.24670000000000003 0.29600000000000004
7 0.3387 0.9747 0.16 0.0507