7 0.2773 0.7506999999999999 0.17869999999999997 0.2027000000000001
7 0.4927 0.8859999999999999 0.19329999999999997 0.20670000000000016
7 0.6507 0.924 0.12530000000000002 0.15199999999999989
7 0.7253000000000001 0.898 0.16 0.16400000000000006
7 0.8107 0.21530000000000002 0.17599999999999993 0.19329999999999997
7 0.9247 0.24 0.1506 0.13329999999999997
7 0.9067000000000001 0.3353 0.18659999999999996 0.11599999999999998
7 0.9013 0.9467 0.1972999999999999 0.10659999999999997
7 0.8959999999999999 0.81 0.2080000000000001 0.09199999999999989
7 0.898 0.8813 0.20400000000000007 0.08530000000000001
7 0.898 0.7313 0.1480000000000001 0.15069999999999995
7 0.9747 0.7020000000000001 0.05060000000000002 0.14270000000000002
7 0.642 0.532 0.20129999999999995 0.15469999999999998
7 0.7473000000000001 0.6107 0.12930000000000008 0.17070000000000007
7 0.606 0.6613 0.13999999999999993 0.14930000000000007
7 0.7 0.6653 0.10400000000000005 0.13069999999999993
7 0.7 0.7587 0.20270000000000002 0.1280000000000001
7 0.065 0.49 0.13 0.18
7 0.06 0.4007 0.12 0.1453
7 0.0493 0.052000000000000005 0.0986 0.10400000000000001
7 0.1673 0.0687 0.16670000000000001 0.1373
7 0.0673 0.1553 0.1346 0.13470000000000001
7 0.0227 0.256 0.0453 0.11200000000000003
7 0.4033 0.19870000000000002 0.26530000000000004 0.24800000000000005
7 0.45270000000000005 0.342 0.22 0.15599999999999997
7 0.4473 0.5133 0.24670000000000003 0.29599999999999993
7 0.33 0.97 0.16 0.06