7 0.275 0.75 0.18 0.205
7 0.495 0.885 0.195 0.205
7 0.65 0.925 0.125 0.15
7 0.725 0.9 0.16 0.165
7 0.81 0.215 0.175 0.195
7 0.925 0.24 0.15 0.135
7 0.905 0.335 0.185 0.115
7 0.9 0.945 0.195 0.105
7 0.895 0.81 0.21 0.09
7 0.895 0.875 0.21 0.09
7 0.9 0.73 0.15 0.15
7 0.975 0.7 0.05 0.145
7 0.64 0.53 0.2 0.155
7 0.745 0.61 0.13 0.17
7 0.605 0.66 0.14 0.15
7 0.7 0.665 0.105 0.13
7 0.7 0.76 0.205 0.13
7 0.065 0.49 0.13 0.18
7 0.06 0.4 0.12 0.145
7 0.05 0.05 0.1 0.1
7 0.165 0.07 0.165 0.135
7 0.065 0.15 0.13 0.14
7 0.025 0.255 0.045 0.11
7 0.405 0.2 0.265 0.25
7 0.455 0.34 0.22 0.155
7 0.445 0.515 0.245 0.295
7 0.33 0.97 0.16 0.06