7 0.94 0.425 0.12 0.23
7 0.20800000000000002 0.6759999999999999 0.2293 0.19469999999999998
7 0.036699999999999997 0.7187 0.0733 0.24
7 0.054000000000000006 0.4667 0.10800000000000001 0.21599999999999994
7 0.1207 0.322 0.18799999999999997 0.16930000000000003
7 0.04869999999999999 0.2667 0.0973 0.14930000000000004
7 0.08 0.1547 0.1307 0.13599999999999998
7 0.0287 0.11130000000000001 0.057300000000000004 0.12669999999999998
7 0.045 0.04 0.09 0.08
7 0.10400000000000001 0.046 0.10400000000000002 0.092
7 0.25129999999999997 0.16399999999999998 0.15869999999999998 0.14670000000000002
7 0.3333 0.2213 0.1653 0.16270000000000004
7 0.19870000000000002 0.25670000000000004 0.1493 0.15599999999999997
7 0.2293 0.8553000000000001 0.1867 0.11330000000000012
7 0.2087 0.9373 0.18270000000000003 0.10669999999999988
7 0.15669999999999998 0.97 0.196 0.06
7 0.02 0.965 0.04 0.07
7 0.4407 0.93 0.22269999999999995 0.14
7 0.35 0.97 0.24 0.06
7 0.66 0.965 0.18 0.07