7 0.9407 0.428 0.11869999999999999 0.23199999999999998
7 0.20800000000000002 0.6759999999999999 0.2293 0.19469999999999998
7 0.036699999999999997 0.7187 0.0733 0.24
7 0.054000000000000006 0.4667 0.10800000000000001 0.21600000000000003
7 0.1207 0.322 0.188 0.1693
7 0.0487 0.2667 0.0973 0.1493
7 0.08 0.1547 0.1307 0.136
7 0.0287 0.11130000000000001 0.057300000000000004 0.1267
7 0.0473 0.0407 0.0947 0.08130000000000001
7 0.10400000000000001 0.046 0.10400000000000001 0.092
7 0.25129999999999997 0.16399999999999998 0.15869999999999998 0.1467
7 0.3333 0.2213 0.1653 0.16269999999999998
7 0.19870000000000002 0.25670000000000004 0.1493 0.156
7 0.2293 0.8553000000000001 0.1867 0.1133
7 0.2087 0.9373 0.1827 0.1067
7 0.1567 0.97 0.196 0.06
7 0.02 0.9667 0.04 0.0667
7 0.4407 0.93 0.2227 0.14
7 0.3527 0.9747 0.23600000000000002 0.0507
7 0.6653 0.9667 0.1813 0.0667