7 0.10949999999999999 0.5235 0.195 0.18700000000000003
7 0.09900000000000002 0.3235 0.166 0.205
7 0.44299999999999995 0.4765 0.15400000000000005 0.16299999999999998
7 0.6485 0.4585 0.20900000000000005 0.22700000000000004
7 0.5155 0.35600000000000004 0.18700000000000003 0.18
7 0.9445 0.1765 0.11099999999999995 0.12899999999999998
7 0.8275 0.204 0.11300000000000011 0.126
7 0.7395 0.26649999999999996 0.12300000000000011 0.14299999999999996
7 0.1905 0.1405 0.12100000000000001 0.14699999999999996
7 0.5864999999999999 0.06849999999999999 0.10899999999999999 0.125
7 0.7234999999999999 0.7020000000000001 0.135 0.14800000000000005
7 0.7659999999999999 0.6175 0.13800000000000012 0.14300000000000004
7 0.8445 0.5655 0.14099999999999993 0.13099999999999995
7 0.89 0.7829999999999999 0.15400000000000005 0.18599999999999994