7 0.10949999999999999 0.5235 0.195 0.187
7 0.099 0.3235 0.166 0.205
7 0.44299999999999995 0.4765 0.154 0.163
7 0.6485 0.4585 0.209 0.22699999999999998
7 0.5155 0.35600000000000004 0.187 0.18
7 0.9445 0.1765 0.111 0.129
7 0.8275 0.204 0.113 0.126
7 0.7395 0.26649999999999996 0.12300000000000001 0.14300000000000002
7 0.1905 0.1405 0.121 0.147
7 0.5865 0.06849999999999999 0.109 0.125
7 0.7234999999999999 0.7020000000000001 0.135 0.14800000000000002
7 0.7659999999999999 0.6175 0.138 0.14300000000000002
7 0.8445 0.5655 0.141 0.131
7 0.89 0.7829999999999999 0.154 0.18600000000000003