7 0.2815 0.7084999999999999 0.21299999999999997 0.205
7 0.5515 0.43799999999999994 0.2010000000000001 0.2
7 0.647 0.34049999999999997 0.15 0.15299999999999997
7 0.797 0.35100000000000003 0.1480000000000001 0.17
7 0.9129999999999999 0.32799999999999996 0.14199999999999988 0.14799999999999996
7 0.3935 0.361 0.16100000000000006 0.17200000000000004
7 0.0815 0.96 0.163 0.08
7 0.314 0.8384999999999999 0.17399999999999996 0.1830000000000001
7 0.4935 0.8384999999999999 0.15299999999999997 0.175
7 0.512 0.9570000000000001 0.20200000000000004 0.08599999999999994
7 0.6934999999999999 0.897 0.20300000000000004 0.20599999999999993
7 0.838 0.8759999999999999 0.17199999999999988 0.18599999999999994
7 0.922 0.9229999999999999 0.15599999999999994 0.15400000000000005
7 0.7065 0.7 0.18900000000000006 0.19
7 0.8665 0.6609999999999999 0.20099999999999996 0.21599999999999994
7 0.9315000000000001 0.235 0.1369999999999999 0.14200000000000002
7 0.9229999999999999 0.0785 0.15400000000000005 0.157