7 0.2815 0.7084999999999999 0.213 0.205
7 0.5515 0.43799999999999994 0.201 0.2
7 0.647 0.34049999999999997 0.15 0.153
7 0.797 0.35100000000000003 0.14800000000000002 0.17
7 0.9129999999999999 0.32799999999999996 0.142 0.14800000000000002
7 0.3935 0.361 0.161 0.172
7 0.0815 0.96 0.163 0.08
7 0.314 0.8384999999999999 0.174 0.183
7 0.4935 0.8384999999999999 0.153 0.175
7 0.512 0.9570000000000001 0.20199999999999999 0.086
7 0.6934999999999999 0.897 0.203 0.20600000000000002
7 0.838 0.8759999999999999 0.172 0.18600000000000003
7 0.922 0.9229999999999999 0.156 0.154
7 0.7065 0.7 0.18899999999999997 0.19
7 0.8665 0.6609999999999999 0.201 0.21600000000000003
7 0.9315000000000001 0.235 0.13699999999999998 0.142
7 0.9229999999999999 0.0785 0.154 0.157