7 0.04469999999999999 0.11599999999999999 0.08929999999999999 0.1813
7 0.04 0.02 0.08 0.04
7 0.0727 0.37670000000000003 0.1453 0.26530000000000004
7 0.015 0.24 0.03 0.14
7 0.17670000000000002 0.418 0.1693 0.22269999999999995
7 0.2607 0.4953 0.20399999999999996 0.21200000000000002
7 0.2607 0.6993 0.21200000000000002 0.2253
7 0.5047 0.8347 0.21200000000000002 0.2719999999999999
7 0.6833 0.8859999999999999 0.2147 0.22800000000000012
7 0.07869999999999999 0.912 0.1573 0.17599999999999993
7 0.496 0.5413 0.17070000000000007 0.19200000000000003
7 0.584 0.5273 0.144 0.1747
7 0.5613000000000001 0.4193 0.18130000000000002 0.17200000000000004
7 0.674 0.4727 0.1747 0.2039999999999999
7 0.7440000000000001 0.6507 0.16800000000000012 0.17599999999999993
7 0.8327 0.5847 0.16400000000000006 0.13199999999999995
7 0.8212999999999999 0.7387 0.22129999999999994 0.17329999999999984
7 0.8859999999999999 0.4867 0.15069999999999995 0.21870000000000003
7 0.97 0.48 0.06 0.2
7 0.95 0.63 0.1 0.16
7 0.20329999999999998 0.04 0.1907 0.08
7 0.3873 0.054000000000000006 0.19870000000000004 0.10800000000000001
7 0.29269999999999996 0.10529999999999999 0.12669999999999998 0.11470000000000002
7 0.7027 0.1193 0.2533000000000001 0.15869999999999998
7 0.68 0.024 0.22129999999999994 0.048
7 0.7533 0.204 0.21330000000000013 0.11469999999999998
7 0.7553 0.314 0.23599999999999993 0.15599999999999997