7 0.045 0.115 0.09 0.18
7 0.04 0.02 0.08 0.04
7 0.075 0.375 0.145 0.265
7 0.015 0.24 0.03 0.14
7 0.175 0.42 0.17 0.225
7 0.26 0.495 0.205 0.21
7 0.26 0.7 0.21 0.225
7 0.505 0.835 0.21 0.27
7 0.685 0.885 0.215 0.23
7 0.08 0.91 0.155 0.175
7 0.495 0.54 0.17 0.19
7 0.585 0.525 0.145 0.175
7 0.56 0.42 0.18 0.17
7 0.675 0.475 0.175 0.205
7 0.745 0.65 0.17 0.175
7 0.835 0.585 0.165 0.13
7 0.82 0.74 0.22 0.175
7 0.885 0.485 0.15 0.22
7 0.97 0.48 0.06 0.2
7 0.95 0.63 0.1 0.16
7 0.205 0.04 0.19 0.08
7 0.385 0.055 0.2 0.11
7 0.295 0.105 0.125 0.115
7 0.705 0.12 0.255 0.16
7 0.68 0.025 0.22 0.05
7 0.755 0.205 0.215 0.115
7 0.755 0.315 0.235 0.155