7 0.0447 0.11599999999999999 0.08929999999999999 0.1813
7 0.0433 0.02 0.0867 0.04
7 0.0727 0.37670000000000003 0.14529999999999998 0.26530000000000004
7 0.015300000000000001 0.2433 0.030699999999999998 0.13470000000000001
7 0.17670000000000002 0.418 0.1693 0.2227
7 0.2607 0.4953 0.204 0.212
7 0.2607 0.6993 0.212 0.2253
7 0.5047 0.8347 0.212 0.272
7 0.6833 0.8859999999999999 0.2147 0.228
7 0.0787 0.912 0.1573 0.17600000000000002
7 0.496 0.5413 0.1707 0.192
7 0.584 0.5273 0.14400000000000002 0.1747
7 0.5613 0.4193 0.1813 0.172
7 0.674 0.4727 0.1747 0.204
7 0.7440000000000001 0.6507 0.168 0.17600000000000002
7 0.8327 0.5847 0.16399999999999998 0.132
7 0.8212999999999999 0.7387 0.2213 0.17329999999999998
7 0.8859999999999999 0.4867 0.1507 0.2187
7 0.9706999999999999 0.486 0.0587 0.196
7 0.9547 0.6333 0.0907 0.1653
7 0.20329999999999998 0.04 0.1907 0.08
7 0.3873 0.054000000000000006 0.19870000000000002 0.10800000000000001
7 0.2927 0.10529999999999999 0.1267 0.11470000000000001
7 0.7027 0.1193 0.25329999999999997 0.15869999999999998
7 0.68 0.024 0.2213 0.048
7 0.7533 0.204 0.2133 0.11470000000000001
7 0.7553 0.314 0.23600000000000002 0.156