7 0.122 0.05 0.244 0.1
7 0.6773 0.1213 0.264 0.2187
7 0.9327 0.1887 0.13470000000000001 0.2733
7 0.8393 0.2753 0.18530000000000002 0.188
7 0.6773 0.34600000000000003 0.1787 0.172
7 0.7947 0.368 0.2027 0.2133
7 0.6187 0.5107 0.23199999999999998 0.2267
7 0.5227 0.27 0.152 0.16399999999999998
7 0.2047 0.2027 0.212 0.2213
7 0.322 0.29 0.19870000000000002 0.172
7 0.3293 0.182 0.12269999999999999 0.14
7 0.4267 0.18600000000000003 0.1787 0.2227
7 0.2267 0.4047 0.2027 0.14800000000000002
7 0.2407 0.502 0.204 0.132
7 0.3387 0.5587 0.2293 0.2053
7 0.0647 0.5393 0.1293 0.19870000000000002
7 0.05 0.736 0.1 0.1413
7 0.038 0.8647 0.076 0.1747
7 0.1207 0.8753 0.16399999999999998 0.19329999999999997
7 0.37200000000000005 0.8853 0.2187 0.2293
7 0.6333 0.9433 0.2347 0.1133
7 0.972 0.892 0.055999999999999994 0.16
7 0.1013 0.98 0.16 0.04
7 0.0167 0.9687 0.0333 0.06269999999999999