7 0.122 0.05 0.244 0.1
7 0.6773 0.1213 0.26400000000000007 0.2187
7 0.93 0.185 0.14 0.27
7 0.8393 0.2753 0.18530000000000002 0.18799999999999997
7 0.6773 0.34600000000000003 0.17870000000000005 0.17200000000000004
7 0.7947 0.368 0.2027000000000001 0.2133
7 0.6187 0.5107 0.23200000000000004 0.2267
7 0.5227 0.27 0.15200000000000002 0.16400000000000003
7 0.2047 0.2027 0.21200000000000002 0.22130000000000002
7 0.322 0.29 0.19870000000000004 0.17200000000000004
7 0.3293 0.182 0.12269999999999996 0.14
7 0.4267 0.18600000000000003 0.17870000000000005 0.22269999999999995
7 0.2267 0.4047 0.20269999999999996 0.14799999999999996
7 0.2407 0.502 0.20399999999999996 0.13200000000000003
7 0.3387 0.5586999999999999 0.22929999999999995 0.20529999999999993
7 0.0647 0.5393 0.1293 0.19870000000000004
7 0.05 0.736 0.1 0.14129999999999995
7 0.038 0.8647 0.076 0.1747
7 0.1207 0.8753 0.16399999999999998 0.19329999999999983
7 0.37200000000000005 0.8853 0.21870000000000003 0.22930000000000006
7 0.6333 0.9433 0.2347 0.11330000000000012
7 0.972 0.892 0.055999999999999946 0.16
7 0.10130000000000003 0.98 0.16 0.04
7 0.015 0.965 0.03 0.07