7 0.12 0.05 0.24 0.1
7 0.675 0.12 0.265 0.22
7 0.93 0.185 0.14 0.27
7 0.84 0.275 0.185 0.19
7 0.675 0.345 0.18 0.17
7 0.795 0.37 0.205 0.215
7 0.62 0.51 0.23 0.225
7 0.525 0.27 0.15 0.165
7 0.205 0.205 0.21 0.22
7 0.32 0.29 0.2 0.17
7 0.33 0.18 0.125 0.14
7 0.425 0.185 0.18 0.225
7 0.225 0.405 0.205 0.15
7 0.24 0.5 0.205 0.13
7 0.34 0.56 0.23 0.205
7 0.065 0.54 0.13 0.2
7 0.05 0.735 0.1 0.14
7 0.04 0.865 0.075 0.175
7 0.12 0.875 0.165 0.195
7 0.37 0.885 0.22 0.23
7 0.63 0.94 0.24 0.12
7 0.97 0.89 0.055 0.16
7 0.1 0.98 0.16 0.04
7 0.015 0.965 0.03 0.07