7 0.1515 0.18 0.203 0.20600000000000002
7 0.273 0.0275 0.144 0.055
7 0.5315 0.027000000000000003 0.20299999999999996 0.054000000000000006
7 0.266 0.3175 0.17 0.19099999999999998
7 0.12150000000000002 0.426 0.18100000000000002 0.2039999999999999
7 0.022000000000000002 0.46299999999999997 0.044000000000000004 0.19400000000000006
7 0.11599999999999998 0.6375 0.166 0.17699999999999996
7 0.1975 0.7005 0.149 0.15300000000000005
7 0.17350000000000002 0.878 0.20700000000000002 0.22599999999999995
7 0.081 0.9584999999999999 0.15599999999999997 0.08300000000000012
7 0.5095000000000001 0.8955 0.24900000000000005 0.20900000000000005
7 0.9515 0.8140000000000001 0.09699999999999989 0.22800000000000012
7 0.8105 0.7065 0.2669999999999999 0.23699999999999996
7 0.523 0.605 0.26400000000000007 0.20400000000000007
7 0.46649999999999997 0.455 0.21899999999999992 0.19
7 0.9545 0.38299999999999995 0.09099999999999994 0.206
7 0.773 0.2415 0.22599999999999995 0.19700000000000004
7 0.8584999999999999 0.14400000000000002 0.19900000000000007 0.15400000000000003
7 0.8755 0.059500000000000004 0.24900000000000005 0.11900000000000001