7 0.1515 0.18 0.203 0.20600000000000002
7 0.273 0.0275 0.14400000000000002 0.055
7 0.5315 0.027000000000000003 0.203 0.054000000000000006
7 0.266 0.3175 0.17 0.191
7 0.1215 0.426 0.18100000000000002 0.204
7 0.022000000000000002 0.46299999999999997 0.044000000000000004 0.19399999999999998
7 0.11599999999999999 0.6375 0.166 0.177
7 0.1975 0.7005 0.149 0.153
7 0.17350000000000002 0.878 0.207 0.226
7 0.081 0.9584999999999999 0.156 0.083
7 0.5095000000000001 0.8955 0.249 0.209
7 0.9515 0.8140000000000001 0.09699999999999999 0.228
7 0.8105 0.7065 0.267 0.237
7 0.523 0.605 0.264 0.204
7 0.46649999999999997 0.455 0.21899999999999997 0.19
7 0.9545 0.38299999999999995 0.091 0.20600000000000002
7 0.773 0.2415 0.226 0.19699999999999998
7 0.8584999999999999 0.14400000000000002 0.19899999999999998 0.154
7 0.8755 0.059500000000000004 0.249 0.11900000000000001