7 0.08449999999999999 0.0695 0.16899999999999998 0.139
7 0.364 0.091 0.17 0.182
7 0.617 0.051500000000000004 0.23 0.10300000000000001
7 0.9615 0.16699999999999998 0.07699999999999989 0.204
7 0.6114999999999999 0.3125 0.16299999999999998 0.19299999999999998
7 0.8340000000000001 0.3005 0.17199999999999988 0.15699999999999995
7 0.8225 0.429 0.20099999999999996 0.15400000000000005
7 0.41100000000000003 0.371 0.20399999999999996 0.15599999999999997
7 0.0675 0.3795 0.135 0.22099999999999997
7 0.39549999999999996 0.24600000000000002 0.15700000000000003 0.14799999999999996
7 0.4975 0.1825 0.14900000000000005 0.21100000000000002
7 0.6245 0.5335 0.18099999999999994 0.13900000000000007
7 0.625 0.6745 0.18199999999999997 0.16300000000000003
7 0.753 0.6975 0.15599999999999994 0.215
7 0.8759999999999999 0.6184999999999999 0.16400000000000006 0.18499999999999994
7 0.9255 0.716 0.14900000000000005 0.14599999999999994
7 0.909 0.867 0.18199999999999988 0.19599999999999995
7 0.5890000000000001 0.9135 0.17000000000000007 0.17300000000000013
7 0.7170000000000001 0.9675 0.12599999999999995 0.065
7 0.395 0.8975 0.15200000000000002 0.14300000000000013
7 0.37 0.9655 0.18200000000000002 0.06900000000000006
7 0.4685 0.7204999999999999 0.17700000000000002 0.175
7 0.326 0.6409999999999999 0.298 0.30599999999999994
7 0.1495 0.8190000000000001 0.299 0.3180000000000001