7 0.08449999999999999 0.0695 0.16899999999999998 0.139
7 0.364 0.091 0.17 0.182
7 0.617 0.051500000000000004 0.23 0.10300000000000001
7 0.9615 0.16699999999999998 0.077 0.204
7 0.6114999999999999 0.3125 0.163 0.193
7 0.8340000000000001 0.3005 0.172 0.157
7 0.8225 0.429 0.201 0.154
7 0.41100000000000003 0.371 0.204 0.156
7 0.0675 0.3795 0.135 0.221
7 0.39549999999999996 0.24600000000000002 0.157 0.14800000000000002
7 0.4975 0.1825 0.149 0.21100000000000002
7 0.6245 0.5335 0.18100000000000002 0.139
7 0.625 0.6745 0.182 0.163
7 0.753 0.6975 0.156 0.215
7 0.8759999999999999 0.6185 0.16399999999999998 0.185
7 0.9255 0.716 0.149 0.146
7 0.909 0.867 0.182 0.196
7 0.589 0.9135 0.17 0.17300000000000001
7 0.7170000000000001 0.9675 0.126 0.065
7 0.395 0.8975 0.152 0.14300000000000002
7 0.37 0.9655 0.182 0.069
7 0.4685 0.7204999999999999 0.177 0.175
7 0.326 0.6409999999999999 0.298 0.306
7 0.1495 0.8190000000000001 0.299 0.318