7 0.085 0.07 0.17 0.14
7 0.365 0.09 0.17 0.18
7 0.615 0.05 0.23 0.1
7 0.96 0.165 0.075 0.205
7 0.61 0.31 0.165 0.195
7 0.835 0.3 0.17 0.155
7 0.82 0.43 0.2 0.155
7 0.41 0.37 0.205 0.155
7 0.07 0.38 0.135 0.22
7 0.395 0.245 0.155 0.15
7 0.5 0.18 0.15 0.21
7 0.625 0.535 0.18 0.14
7 0.625 0.675 0.18 0.165
7 0.755 0.7 0.155 0.215
7 0.875 0.62 0.165 0.185
7 0.925 0.715 0.15 0.145
7 0.91 0.865 0.18 0.195
7 0.585 0.91 0.17 0.18
7 0.71 0.965 0.12 0.07
7 0.395 0.9 0.15 0.145
7 0.37 0.965 0.18 0.07
7 0.47 0.72 0.175 0.175
7 0.325 0.64 0.3 0.305
7 0.15 0.82 0.3 0.32