7 0.040999999999999995 0.193 0.08199999999999999 0.22
7 0.11349999999999999 0.0475 0.17300000000000001 0.095
7 0.1185 0.187 0.13099999999999998 0.19
7 0.23149999999999998 0.0795 0.16299999999999998 0.151
7 0.258 0.20199999999999999 0.15199999999999997 0.13199999999999998
7 0.225 0.307 0.166 0.15199999999999997
7 0.3325 0.361 0.17700000000000002 0.18399999999999994
7 0.2805 0.4915 0.18100000000000002 0.18899999999999992
7 0.547 0.382 0.16799999999999998 0.16799999999999998
7 0.4335 0.24350000000000002 0.18700000000000003 0.15299999999999997
7 0.374 0.1545 0.13799999999999998 0.16699999999999995
7 0.509 0.0645 0.18 0.129
7 0.609 0.07949999999999999 0.22200000000000003 0.145
7 0.619 0.1945 0.17600000000000007 0.131
7 0.409 0.6435 0.1660000000000001 0.16300000000000003
7 0.162 0.685 0.154 0.20199999999999996
7 0.049 0.682 0.098 0.20599999999999993
7 0.058499999999999996 0.8665 0.11699999999999999 0.2169999999999999
7 0.2345 0.9825 0.14100000000000001 0.035
7 0.43450000000000005 0.784 0.16900000000000007 0.20599999999999993
7 0.5735000000000001 0.8170000000000001 0.15100000000000002 0.22
7 0.6415000000000001 0.6855 0.16900000000000007 0.19099999999999995
7 0.654 0.5285 0.15 0.1910000000000001
7 0.7915000000000001 0.285 0.225 0.18799999999999997
7 0.7745000000000001 0.48450000000000004 0.22300000000000011 0.19299999999999998
7 0.75 0.7675 0.12599999999999995 0.1369999999999999
7 0.71 0.9375 0.16599999999999995 0.125
7 0.7034999999999999 0.8640000000000001 0.11099999999999995 0.12199999999999989
7 0.8284999999999999 0.8684999999999999 0.1669999999999999 0.17099999999999993
7 0.9175 0.925 0.165 0.15
7 0.8575 0.752 0.13099999999999995 0.1319999999999999
7 0.8525 0.625 0.14099999999999993 0.15599999999999994
7 0.9575 0.672 0.085 0.25400000000000006