7 0.040999999999999995 0.193 0.08199999999999999 0.22
7 0.11349999999999999 0.0475 0.17300000000000001 0.095
7 0.1185 0.187 0.131 0.19
7 0.23149999999999998 0.0795 0.163 0.151
7 0.258 0.20199999999999999 0.152 0.132
7 0.225 0.307 0.166 0.152
7 0.3325 0.361 0.177 0.184
7 0.2805 0.4915 0.18100000000000002 0.18899999999999997
7 0.547 0.382 0.168 0.168
7 0.4335 0.24350000000000002 0.187 0.153
7 0.374 0.1545 0.138 0.16699999999999998
7 0.509 0.0645 0.18 0.129
7 0.609 0.0795 0.222 0.145
7 0.619 0.1945 0.17600000000000002 0.131
7 0.409 0.6435 0.166 0.163
7 0.162 0.685 0.154 0.20199999999999999
7 0.049 0.682 0.098 0.20600000000000002
7 0.058499999999999996 0.8665 0.11699999999999999 0.217
7 0.2345 0.9825 0.141 0.035
7 0.43450000000000005 0.784 0.16899999999999998 0.20600000000000002
7 0.5735 0.8170000000000001 0.151 0.22
7 0.6415000000000001 0.6855 0.16899999999999998 0.191
7 0.654 0.5285 0.15 0.191
7 0.7915000000000001 0.285 0.225 0.188
7 0.7745000000000001 0.48450000000000004 0.223 0.193
7 0.75 0.7675 0.126 0.13699999999999998
7 0.71 0.9375 0.166 0.125
7 0.7034999999999999 0.8640000000000001 0.111 0.122
7 0.8284999999999999 0.8684999999999999 0.16699999999999998 0.171
7 0.9175 0.925 0.165 0.15
7 0.8575 0.752 0.131 0.132
7 0.8525 0.625 0.141 0.156
7 0.9575 0.672 0.085 0.254