7 0.027999999999999997 0.08800000000000001 0.055999999999999994 0.154
7 0.3195 0.105 0.18500000000000003 0.18200000000000002
7 0.4495 0.183 0.20099999999999996 0.19399999999999998
7 0.6054999999999999 0.1005 0.22699999999999995 0.201
7 0.7275 0.0415 0.17699999999999996 0.083
7 0.9195 0.1705 0.16099999999999995 0.23699999999999996
7 0.8395 0.4105 0.20099999999999996 0.245
7 0.9620000000000001 0.519 0.07599999999999994 0.31799999999999995
7 0.5225 0.7334999999999999 0.19900000000000007 0.21300000000000005
7 0.5265 0.9195 0.15299999999999997 0.16099999999999995
7 0.6679999999999999 0.925 0.19599999999999995 0.15
7 0.1085 0.865 0.147 0.16400000000000006
7 0.039 0.9470000000000001 0.078 0.10599999999999994
7 0.092 0.40549999999999997 0.184 0.21900000000000003
7 0.551 0.49450000000000005 0.19200000000000003 0.175
7 0.063 0.7404999999999999 0.126 0.245
7 0.3215 0.7155 0.19700000000000004 0.17900000000000005
7 0.38049999999999995 0.5875 0.17299999999999996 0.15300000000000005
7 0.294 0.547 0.26799999999999996 0.16
7 0.2875 0.36700000000000005 0.15700000000000003 0.20200000000000004
7 0.466 0.37799999999999995 0.21200000000000002 0.21200000000000002