7 0.027999999999999997 0.08800000000000001 0.055999999999999994 0.154
7 0.3195 0.105 0.185 0.182
7 0.4495 0.183 0.201 0.19399999999999998
7 0.6054999999999999 0.1005 0.22699999999999998 0.201
7 0.7275 0.0415 0.177 0.083
7 0.9195 0.1705 0.161 0.237
7 0.8395 0.4105 0.201 0.245
7 0.9620000000000001 0.519 0.076 0.318
7 0.5225 0.7334999999999999 0.19899999999999998 0.213
7 0.5265 0.9195 0.153 0.161
7 0.6679999999999999 0.925 0.196 0.15
7 0.1085 0.865 0.147 0.16399999999999998
7 0.039 0.9470000000000001 0.078 0.106
7 0.092 0.40549999999999997 0.184 0.21899999999999997
7 0.551 0.49450000000000005 0.192 0.175
7 0.063 0.7404999999999999 0.126 0.245
7 0.3215 0.7155 0.19699999999999998 0.179
7 0.38049999999999995 0.5875 0.17300000000000001 0.153
7 0.294 0.547 0.268 0.16
7 0.2875 0.36700000000000005 0.157 0.20199999999999999
7 0.466 0.37799999999999995 0.212 0.212