7 0.124 0.106 0.248 0.212
7 0.375 0.06 0.23 0.12
7 0.6613 0.1367 0.22129999999999994 0.20929999999999999
7 0.5807 0.016 0.1 0.032
7 0.7287 0.08869999999999999 0.24129999999999996 0.1773
7 0.3593 0.3833 0.29200000000000004 0.29730000000000006
7 0.20199999999999999 0.3873 0.24130000000000001 0.18799999999999997
7 0.1727 0.5493 0.2573 0.21070000000000008
7 0.6513 0.5172999999999999 0.292 0.2799999999999999
7 0.94 0.535 0.12 0.25
7 0.326 0.7447 0.29200000000000004 0.2547
7 0.10800000000000001 0.9279999999999999 0.21600000000000003 0.14400000000000004
7 0.40270000000000006 0.9512999999999999 0.23730000000000004 0.0972999999999999
7 0.6240000000000001 0.86 0.24000000000000007 0.25599999999999995
7 0.7340000000000001 0.9793000000000001 0.1827000000000001 0.041299999999999955
7 0.91 0.97 0.18 0.04
7 0.955 0.9 0.09 0.2