7 0.124 0.106 0.248 0.212
7 0.3787 0.0613 0.2267 0.12269999999999999
7 0.6613 0.1367 0.2213 0.20929999999999999
7 0.5807 0.016 0.1 0.032
7 0.7287 0.08869999999999999 0.2413 0.1773
7 0.3593 0.3833 0.292 0.2973
7 0.20199999999999999 0.3873 0.2413 0.188
7 0.1727 0.5493 0.25730000000000003 0.2107
7 0.6513 0.5173 0.292 0.28
7 0.9407 0.542 0.11869999999999999 0.2547
7 0.326 0.7447 0.292 0.2547
7 0.10800000000000001 0.9279999999999999 0.21600000000000003 0.14400000000000002
7 0.40270000000000006 0.9512999999999999 0.2373 0.0973
7 0.624 0.86 0.24 0.256
7 0.7340000000000001 0.9793000000000001 0.1827 0.041299999999999996
7 0.9107 0.9773000000000001 0.1787 0.0453
7 0.9587 0.9047 0.0827 0.1907