7 0.057 0.5589999999999999 0.114 0.24
7 0.20149999999999998 0.426 0.217 0.20600000000000002
7 0.40399999999999997 0.413 0.19 0.182
7 0.4975 0.564 0.177 0.192
7 0.599 0.42100000000000004 0.20600000000000002 0.19399999999999998
7 0.289 0.556 0.23 0.18600000000000003
7 0.3435 0.2375 0.207 0.203
7 0.226 0.09300000000000001 0.204 0.18600000000000003
7 0.7075 0.0245 0.161 0.049
7 0.8065000000000001 0.10949999999999999 0.18100000000000002 0.171
7 0.8995000000000001 0.0415 0.14300000000000002 0.083
7 0.9754999999999999 0.057999999999999996 0.049 0.11599999999999999
7 0.9465 0.272 0.107 0.16399999999999998
7 0.8434999999999999 0.2705 0.157 0.139
7 0.8565 0.374 0.19899999999999998 0.128
7 0.903 0.5005 0.15 0.155
7 0.7775 0.53 0.165 0.184
7 0.9305 0.74 0.139 0.188
7 0.059000000000000004 0.887 0.11800000000000001 0.14400000000000002
7 0.0665 0.9670000000000001 0.121 0.066
7 0.4205 0.7245 0.147 0.149
7 0.557 0.7505 0.138 0.157
7 0.7875 0.8540000000000001 0.151 0.158
7 0.8604999999999999 0.91 0.203 0.14400000000000002
7 0.835 0.9784999999999999 0.2 0.043
7 0.555 0.8975 0.142 0.147
7 0.414 0.865 0.162 0.154
7 0.2525 0.8755 0.18100000000000002 0.139
7 0.2735 0.9665 0.125 0.067
7 0.371 0.9690000000000001 0.08800000000000001 0.062
7 0.46299999999999997 0.9665 0.126 0.067