7 0.055 0.56 0.11 0.24
7 0.2 0.425 0.215 0.205
7 0.405 0.415 0.19 0.18
7 0.5 0.565 0.175 0.19
7 0.6 0.42 0.205 0.195
7 0.29 0.555 0.23 0.185
7 0.345 0.24 0.205 0.205
7 0.225 0.095 0.205 0.185
7 0.71 0.025 0.16 0.05
7 0.805 0.11 0.18 0.17
7 0.895 0.04 0.15 0.08
7 0.975 0.06 0.05 0.115
7 0.945 0.27 0.105 0.165
7 0.845 0.27 0.155 0.14
7 0.855 0.375 0.2 0.13
7 0.905 0.5 0.15 0.155
7 0.78 0.53 0.165 0.185
7 0.93 0.74 0.14 0.19
7 0.06 0.885 0.12 0.145
7 0.065 0.965 0.12 0.065
7 0.42 0.725 0.145 0.15
7 0.555 0.75 0.14 0.155
7 0.79 0.855 0.15 0.16
7 0.86 0.91 0.205 0.145
7 0.83 0.975 0.2 0.05
7 0.555 0.9 0.14 0.145
7 0.415 0.865 0.16 0.155
7 0.25 0.875 0.18 0.14
7 0.275 0.965 0.125 0.065
7 0.37 0.97 0.09 0.06
7 0.465 0.965 0.125 0.065