7 0.057 0.559 0.114 0.24000000000000007
7 0.20149999999999998 0.426 0.21700000000000003 0.20600000000000007
7 0.40399999999999997 0.413 0.19 0.18200000000000002
7 0.4975 0.564 0.17700000000000002 0.19200000000000003
7 0.599 0.42100000000000004 0.20600000000000007 0.19399999999999992
7 0.289 0.556 0.23 0.18600000000000008
7 0.3435 0.2375 0.20700000000000002 0.20299999999999996
7 0.226 0.09300000000000001 0.20399999999999996 0.18600000000000003
7 0.7075 0.0245 0.16099999999999995 0.049
7 0.8065000000000001 0.10949999999999999 0.18099999999999994 0.171
7 0.8995000000000001 0.0415 0.14300000000000013 0.083
7 0.9754999999999999 0.057999999999999996 0.04900000000000006 0.11599999999999999
7 0.9465 0.272 0.10699999999999989 0.16399999999999998
7 0.8434999999999999 0.2705 0.1569999999999999 0.13899999999999998
7 0.8565 0.374 0.19900000000000007 0.12799999999999997
7 0.903 0.5005 0.15 0.155
7 0.7775 0.53 0.165 0.18400000000000005
7 0.9305 0.74 0.13900000000000007 0.1880000000000001
7 0.059000000000000004 0.887 0.11800000000000001 0.14400000000000004
7 0.0665 0.9670000000000001 0.12099999999999998 0.06599999999999995
7 0.4205 0.7245 0.14700000000000002 0.14900000000000005
7 0.557 0.7505 0.13799999999999998 0.1569999999999999
7 0.7875 0.8540000000000001 0.15099999999999994 0.1580000000000001
7 0.8604999999999999 0.91 0.20300000000000012 0.14400000000000004
7 0.835 0.9784999999999999 0.2 0.043000000000000115
7 0.555 0.8975 0.14200000000000002 0.14699999999999988
7 0.414 0.865 0.16200000000000003 0.15400000000000005
7 0.2525 0.8755 0.18099999999999997 0.13900000000000007
7 0.2735 0.9665 0.125 0.06699999999999989
7 0.371 0.9690000000000001 0.08799999999999997 0.06199999999999989
7 0.46299999999999997 0.9665 0.12599999999999995 0.06699999999999989