7 0.0373 0.16269999999999998 0.0747 0.2133
7 0.054000000000000006 0.6433 0.10800000000000001 0.22
7 0.16 0.6386999999999999 0.16 0.1893
7 0.23199999999999998 0.5 0.2427 0.17329999999999998
7 0.3267 0.6067 0.2213 0.19469999999999998
7 0.5293 0.536 0.22399999999999998 0.2107
7 0.9227 0.214 0.1547 0.1693
7 0.92 0.37070000000000003 0.16 0.1893
7 0.7387 0.1153 0.19469999999999998 0.204
7 0.8653 0.1553 0.1867 0.188
7 0.6547 0.0347 0.1867 0.0693
7 0.4693 0.11470000000000001 0.2107 0.1973
7 0.3187 0.16399999999999998 0.23199999999999998 0.17329999999999998
7 0.364 0.3007 0.3013 0.1533
7 0.38530000000000003 0.38799999999999996 0.256 0.1387
7 0.6253 0.3073 0.2267 0.22
7 0.9373 0.7212999999999999 0.1253 0.2347
7 0.9506999999999999 0.8753 0.0987 0.11599999999999999
7 0.9453 0.9587 0.1093 0.0827
7 0.7387 0.8287 0.184 0.188
7 0.626 0.7232999999999999 0.20129999999999998 0.15869999999999998
7 0.5813 0.7827 0.1893 0.152
7 0.2687 0.9267 0.2253 0.1467
7 0.2327 0.9847 0.2493 0.030699999999999998
7 0.03 0.9520000000000001 0.06 0.096
7 0.42469999999999997 0.8233 0.20129999999999998 0.14800000000000002
7 0.44670000000000004 0.9387000000000001 0.14400000000000002 0.12269999999999999
7 0.5847 0.9207 0.18530000000000002 0.15869999999999998