7 0.035 0.155 0.07 0.21
7 0.054000000000000006 0.6433 0.10800000000000001 0.22
7 0.16 0.6386999999999999 0.16 0.1892999999999999
7 0.23199999999999998 0.5 0.24270000000000003 0.17329999999999998
7 0.3267 0.6067 0.22129999999999994 0.19469999999999998
7 0.5293 0.536 0.22399999999999992 0.21070000000000008
7 0.92 0.205 0.16 0.17
7 0.92 0.37070000000000003 0.16 0.18929999999999997
7 0.7387 0.11529999999999997 0.19469999999999998 0.204
7 0.8653 0.1553 0.18670000000000017 0.188
7 0.6547 0.03470000000000001 0.1867000000000001 0.0693
7 0.4693 0.11470000000000001 0.21070000000000008 0.1973
7 0.3187 0.16399999999999998 0.23199999999999996 0.17329999999999998
7 0.364 0.3007 0.30129999999999996 0.1533
7 0.38530000000000003 0.38799999999999996 0.256 0.13870000000000002
7 0.6253 0.3073 0.2267000000000001 0.22000000000000003
7 0.9373 0.7212999999999999 0.12530000000000002 0.2347
7 0.95 0.87 0.1 0.12
7 0.94 0.955 0.1 0.09
7 0.7387 0.8287 0.18400000000000005 0.1880000000000001
7 0.6260000000000001 0.7232999999999999 0.20130000000000003 0.15870000000000004
7 0.5813 0.7827 0.1892999999999999 0.15199999999999989
7 0.265 0.925 0.23 0.15
7 0.225 0.98 0.25 0.04
7 0.03 0.9520000000000001 0.06 0.09599999999999995
7 0.42469999999999997 0.8233 0.20129999999999995 0.1480000000000001
7 0.44 0.935 0.14 0.13
7 0.58 0.92 0.18 0.16