7 0.035 0.155 0.07 0.21
7 0.055 0.645 0.11 0.22
7 0.16 0.64 0.16 0.19
7 0.23 0.5 0.245 0.175
7 0.325 0.605 0.22 0.195
7 0.53 0.535 0.225 0.21
7 0.92 0.205 0.16 0.17
7 0.92 0.37 0.16 0.19
7 0.74 0.115 0.195 0.205
7 0.865 0.155 0.185 0.19
7 0.655 0.035 0.185 0.07
7 0.47 0.115 0.21 0.195
7 0.32 0.165 0.23 0.175
7 0.365 0.3 0.3 0.155
7 0.385 0.39 0.255 0.14
7 0.625 0.305 0.225 0.22
7 0.935 0.72 0.125 0.235
7 0.95 0.87 0.1 0.12
7 0.94 0.955 0.1 0.09
7 0.74 0.83 0.185 0.19
7 0.625 0.725 0.2 0.16
7 0.58 0.785 0.19 0.15
7 0.265 0.925 0.23 0.15
7 0.225 0.98 0.25 0.04
7 0.03 0.95 0.06 0.095
7 0.425 0.825 0.2 0.15
7 0.44 0.935 0.14 0.13
7 0.58 0.92 0.18 0.16