7 0.0335 0.207 0.067 0.174
7 0.08800000000000001 0.4515 0.17600000000000002 0.185
7 0.0475 0.37549999999999994 0.095 0.17099999999999999
7 0.185 0.3845 0.14600000000000002 0.195
7 0.299 0.2955 0.18600000000000005 0.22899999999999998
7 0.5465000000000001 0.1495 0.23500000000000007 0.251
7 0.7709999999999999 0.0285 0.22 0.057
7 0.905 0.287 0.19 0.29600000000000004
7 0.604 0.41600000000000004 0.2039999999999999 0.23600000000000004
7 0.625 0.6975 0.24800000000000005 0.23699999999999996
7 0.9229999999999999 0.8995000000000001 0.15400000000000005 0.20099999999999996
7 0.40299999999999997 0.508 0.15400000000000005 0.21400000000000005
7 0.259 0.518 0.146 0.19200000000000003
7 0.0925 0.7215 0.18299999999999997 0.215
7 0.3735 0.7859999999999999 0.20100000000000004 0.1580000000000001
7 0.503 0.9229999999999999 0.17 0.15400000000000005
7 0.34299999999999997 0.9315000000000001 0.18599999999999997 0.1369999999999999
7 0.182 0.927 0.17 0.14599999999999994
7 0.049 0.9109999999999999 0.098 0.1780000000000001