7 0.08070000000000001 0.1073 0.1507 0.1693
7 0.0187 0.0867 0.0373 0.1173
7 0.06 0.026699999999999998 0.12 0.0533
7 0.0233 0.2633 0.0467 0.11869999999999999
7 0.0227 0.1913 0.0453 0.0707
7 0.06269999999999999 0.8240000000000001 0.1253 0.184
7 0.0753 0.9447 0.1507 0.1107
7 0.8212999999999999 0.0567 0.2053 0.1133
7 0.732 0.1073 0.1707 0.1773
7 0.9612999999999999 0.0353 0.07730000000000001 0.0707
7 0.93 0.168 0.14 0.1547
7 0.9187000000000001 0.078 0.1173 0.1267
7 0.904 0.28600000000000003 0.192 0.1533
7 0.9187000000000001 0.38 0.16269999999999998 0.152
7 0.7673000000000001 0.38799999999999996 0.20129999999999998 0.168
7 0.846 0.444 0.15869999999999998 0.16269999999999998
7 0.23929999999999998 0.0687 0.1773 0.1373
7 0.4293 0.0487 0.2293 0.0973
7 0.38 0.10800000000000001 0.1467 0.1093
7 0.5473 0.11800000000000001 0.196 0.2147
7 0.44670000000000004 0.14800000000000002 0.1493 0.1067
7 0.4507 0.2347 0.17600000000000002 0.1067
7 0.4533 0.31670000000000004 0.16 0.10800000000000001
7 0.4313 0.4213 0.15869999999999998 0.1467
7 0.2087 0.1727 0.14 0.1133
7 0.2953 0.184 0.13470000000000001 0.16269999999999998
7 0.12 0.2727 0.1653 0.156
7 0.27 0.304 0.196 0.1813
7 0.1553 0.4267 0.14 0.1387
7 0.27 0.4307 0.1213 0.12269999999999999
7 0.26530000000000004 0.5153 0.1387 0.13470000000000001
7 0.17 0.5707 0.1827 0.1707
7 0.36729999999999996 0.5413 0.10800000000000001 0.128
7 0.424 0.61 0.1387 0.20670000000000002
7 0.536 0.5920000000000001 0.136 0.1173
7 0.6033 0.8107 0.252 0.2907
7 0.514 0.6873 0.14529999999999998 0.1107
7 0.6273 0.502 0.156 0.1507
7 0.588 0.5533 0.1467 0.1467
7 0.9732999999999999 0.524 0.0533 0.136
7 0.9 0.544 0.1547 0.14400000000000002
7 0.9427 0.6233 0.11470000000000001 0.14800000000000002
7 0.8053 0.6013000000000001 0.136 0.1067
7 0.8432999999999999 0.6812999999999999 0.10800000000000001 0.096
7 0.7693000000000001 0.7206999999999999 0.14400000000000002 0.172
7 0.2273 0.8733 0.1533 0.1653
7 0.3993 0.8240000000000001 0.1507 0.17600000000000002
7 0.3507 0.8613 0.1413 0.1893
7 0.31129999999999997 0.9687 0.18530000000000002 0.06269999999999999
7 0.7687 0.9706999999999999 0.1773 0.0587
7 0.8420000000000001 0.8212999999999999 0.11869999999999999 0.14400000000000002
7 0.8706999999999999 0.9253 0.1493 0.1173
7 0.9387000000000001 0.8059999999999999 0.12269999999999999 0.284
7 0.4673 0.9540000000000001 0.14800000000000002 0.092
7 0.5992999999999999 0.946 0.1427 0.10800000000000001