7 0.08070000000000001 0.1073 0.1507 0.1693
7 0.0187 0.0867 0.03730000000000001 0.1173
7 0.06 0.026699999999999998 0.12 0.0533
7 0.02 0.26 0.04 0.12
7 0.0227 0.1913 0.0453 0.0707
7 0.06269999999999999 0.8240000000000001 0.12530000000000002 0.18400000000000005
7 0.075 0.94 0.15 0.12
7 0.8212999999999999 0.0567 0.2053 0.11330000000000001
7 0.732 0.1073 0.17069999999999994 0.17729999999999996
7 0.955 0.035 0.07 0.07
7 0.93 0.168 0.14 0.15469999999999998
7 0.9187000000000001 0.078 0.1172999999999999 0.1267
7 0.904 0.28600000000000003 0.1919999999999999 0.1533
7 0.915 0.375 0.17 0.15
7 0.7673000000000001 0.38799999999999996 0.20129999999999995 0.16799999999999998
7 0.846 0.444 0.15870000000000004 0.16269999999999996
7 0.23929999999999998 0.0687 0.17730000000000004 0.1373
7 0.4293 0.04869999999999999 0.22929999999999995 0.0973
7 0.38 0.10800000000000001 0.14670000000000002 0.1093
7 0.5473 0.11800000000000001 0.1960000000000001 0.2147
7 0.44670000000000004 0.14800000000000002 0.14930000000000007 0.10670000000000002
7 0.4507 0.2347 0.17600000000000007 0.10670000000000002
7 0.4533 0.31670000000000004 0.16 0.10799999999999997
7 0.4313 0.4213 0.15870000000000004 0.14670000000000002
7 0.2087 0.1727 0.14 0.11329999999999998
7 0.2953 0.184 0.1347 0.16269999999999996
7 0.12 0.2727 0.1653 0.15600000000000003
7 0.27 0.304 0.19599999999999998 0.18129999999999996
7 0.15530000000000002 0.4267 0.14 0.13870000000000005
7 0.27 0.4307 0.12129999999999999 0.12269999999999996
7 0.26530000000000004 0.5153 0.13870000000000002 0.1347
7 0.17 0.5707 0.18269999999999997 0.17070000000000007
7 0.36729999999999996 0.5413 0.10799999999999997 0.12799999999999997
7 0.424 0.61 0.13870000000000005 0.20670000000000008
7 0.536 0.5920000000000001 0.13599999999999995 0.11729999999999997
7 0.6033 0.8107 0.25199999999999995 0.29069999999999996
7 0.514 0.6873 0.1453 0.11069999999999994
7 0.6273000000000001 0.502 0.15600000000000003 0.15069999999999995
7 0.588 0.5533 0.14669999999999994 0.14670000000000002
7 0.9732999999999999 0.524 0.053300000000000125 0.13599999999999995
7 0.9 0.544 0.15469999999999998 0.14400000000000004
7 0.94 0.615 0.12 0.15
7 0.8053 0.6013000000000001 0.13599999999999995 0.10670000000000002
7 0.8432999999999999 0.6812999999999999 0.10800000000000011 0.09599999999999995
7 0.7693000000000001 0.7206999999999999 0.14400000000000004 0.17199999999999996
7 0.2273 0.8733 0.1533 0.1653
7 0.3993 0.8240000000000001 0.15070000000000008 0.17599999999999993
7 0.3507 0.8613 0.14129999999999998 0.18930000000000008
7 0.305 0.965 0.19 0.07
7 0.765 0.97 0.17 0.06
7 0.8420000000000001 0.8212999999999999 0.11870000000000004 0.14400000000000004
7 0.8706999999999999 0.9253 0.14930000000000007 0.1172999999999999
7 0.935 0.8 0.13 0.28
7 0.4673 0.9540000000000001 0.14799999999999996 0.09199999999999989
7 0.5992999999999999 0.946 0.14269999999999997 0.10800000000000011