7 0.08 0.105 0.15 0.17
7 0.02 0.085 0.035 0.115
7 0.06 0.025 0.12 0.05
7 0.02 0.26 0.04 0.12
7 0.025 0.19 0.045 0.07
7 0.065 0.825 0.125 0.185
7 0.075 0.94 0.15 0.12
7 0.815 0.055 0.21 0.11
7 0.73 0.105 0.17 0.175
7 0.955 0.035 0.07 0.07
7 0.93 0.17 0.14 0.155
7 0.92 0.08 0.115 0.125
7 0.905 0.285 0.19 0.155
7 0.915 0.375 0.17 0.15
7 0.765 0.39 0.2 0.17
7 0.845 0.445 0.16 0.165
7 0.24 0.07 0.175 0.135
7 0.43 0.05 0.23 0.095
7 0.38 0.11 0.145 0.11
7 0.545 0.12 0.195 0.215
7 0.445 0.15 0.15 0.105
7 0.45 0.235 0.175 0.105
7 0.455 0.315 0.16 0.11
7 0.43 0.42 0.16 0.145
7 0.21 0.175 0.14 0.115
7 0.295 0.185 0.135 0.165
7 0.12 0.275 0.165 0.155
7 0.27 0.305 0.195 0.18
7 0.155 0.425 0.14 0.14
7 0.27 0.43 0.12 0.125
7 0.265 0.515 0.14 0.135
7 0.17 0.57 0.185 0.17
7 0.365 0.54 0.11 0.13
7 0.425 0.61 0.14 0.205
7 0.535 0.59 0.135 0.115
7 0.605 0.81 0.25 0.29
7 0.515 0.685 0.145 0.11
7 0.625 0.5 0.155 0.15
7 0.59 0.555 0.145 0.145
7 0.97 0.52 0.06 0.14
7 0.9 0.545 0.155 0.145
7 0.94 0.615 0.12 0.15
7 0.805 0.6 0.135 0.105
7 0.845 0.68 0.11 0.095
7 0.77 0.72 0.145 0.17
7 0.225 0.875 0.155 0.165
7 0.4 0.825 0.15 0.175
7 0.35 0.86 0.14 0.19
7 0.305 0.965 0.19 0.07
7 0.765 0.97 0.17 0.06
7 0.84 0.82 0.12 0.145
7 0.87 0.925 0.15 0.115
7 0.935 0.8 0.13 0.28
7 0.465 0.955 0.15 0.09
7 0.6 0.945 0.145 0.11