7 0.035 0.075 0.07 0.15
7 0.17 0.085 0.22 0.17
7 0.27 0.02 0.12 0.04
7 0.57 0.055 0.245 0.11
7 0.52 0.185 0.175 0.19
7 0.665 0.185 0.2 0.205
7 0.94 0.04 0.12 0.08
7 0.96 0.085 0.075 0.095
7 0.975 0.16 0.05 0.1
7 0.345 0.265 0.23 0.145
7 0.37 0.47 0.225 0.195
7 0.325 0.38 0.225 0.125
7 0.45 0.6 0.225 0.215
7 0.58 0.58 0.055 0.055
7 0.705 0.43 0.23 0.115
7 0.71 0.515 0.25 0.115
7 0.705 0.64 0.24 0.195
7 0.92 0.36 0.16 0.22
7 0.635 0.945 0.19 0.11
7 0.765 0.945 0.13 0.11
7 0.86 0.915 0.18 0.17
7 0.96 0.925 0.06 0.15