7 0.034 0.07400000000000001 0.068 0.14800000000000002
7 0.17 0.085 0.22 0.17
7 0.27 0.02 0.12 0.04
7 0.5693 0.055999999999999994 0.24269999999999997 0.11199999999999999
7 0.5207 0.18469999999999998 0.1747 0.1907
7 0.6659999999999999 0.1833 0.20129999999999995 0.20670000000000002
7 0.9393 0.0407 0.12129999999999995 0.08130000000000003
7 0.9620000000000001 0.0867 0.07599999999999994 0.09599999999999997
7 0.975 0.16 0.05 0.1
7 0.34729999999999994 0.266 0.23070000000000004 0.1453
7 0.3693 0.46869999999999995 0.22399999999999995 0.19329999999999997
7 0.3273 0.38130000000000003 0.2253 0.12530000000000002
7 0.452 0.602 0.22400000000000006 0.21729999999999997
7 0.58 0.58 0.053299999999999986 0.053299999999999986
7 0.7040000000000001 0.4293 0.22930000000000006 0.11469999999999998
7 0.7112999999999999 0.5127 0.24930000000000008 0.11329999999999998
7 0.7027 0.6393 0.24 0.19329999999999997
7 0.92 0.36 0.16 0.22
7 0.635 0.945 0.19 0.11
7 0.7713 0.948 0.12400000000000005 0.10400000000000005
7 0.86 0.915 0.18 0.17
7 0.9673 0.9279999999999999 0.06530000000000001 0.14400000000000004