7 0.034 0.07400000000000001 0.068 0.14800000000000002
7 0.17670000000000002 0.0873 0.22 0.1747
7 0.2733 0.0213 0.12269999999999999 0.042699999999999995
7 0.5693 0.055999999999999994 0.2427 0.11199999999999999
7 0.5207 0.18469999999999998 0.1747 0.1907
7 0.6659999999999999 0.1833 0.20129999999999998 0.20670000000000002
7 0.9393 0.0407 0.1213 0.08130000000000001
7 0.9620000000000001 0.0867 0.076 0.096
7 0.9767 0.162 0.0467 0.1027
7 0.34729999999999994 0.266 0.23070000000000002 0.14529999999999998
7 0.3693 0.46869999999999995 0.22399999999999998 0.19329999999999997
7 0.3273 0.38130000000000003 0.2253 0.1253
7 0.452 0.602 0.22399999999999998 0.2173
7 0.58 0.58 0.0533 0.0533
7 0.7040000000000001 0.4293 0.2293 0.11470000000000001
7 0.7112999999999999 0.5127 0.2493 0.1133
7 0.7027 0.6393 0.24 0.19329999999999997
7 0.9227 0.3653 0.1547 0.2213
7 0.6406999999999999 0.9487000000000001 0.188 0.1027
7 0.7713 0.948 0.124 0.10400000000000001
7 0.8653 0.9187000000000001 0.17329999999999998 0.16269999999999998
7 0.9673 0.9279999999999999 0.0653 0.14400000000000002