7 0.0305 0.36450000000000005 0.061 0.22899999999999998
7 0.415 0.49950000000000006 0.19399999999999998 0.18100000000000002
7 0.4765 0.684 0.251 0.22399999999999998
7 0.185 0.511 0.226 0.188
7 0.1465 0.637 0.215 0.166
7 0.2205 0.8805 0.18899999999999997 0.21100000000000002
7 0.0745 0.9155 0.149 0.16899999999999998
7 0.2685 0.2545 0.157 0.19699999999999998
7 0.4035 0.284 0.171 0.188
7 0.518 0.14800000000000002 0.20800000000000002 0.20199999999999999
7 0.486 0.0275 0.172 0.055
7 0.33299999999999996 0.0105 0.078 0.021
7 0.9335 0.04 0.133 0.076
7 0.9384999999999999 0.7415 0.12300000000000001 0.259
7 0.5870000000000001 0.41100000000000003 0.174 0.20199999999999999
7 0.7240000000000001 0.35100000000000003 0.196 0.244
7 0.907 0.294 0.18600000000000003 0.27
7 0.0825 0.16399999999999998 0.165 0.166
7 0.182 0.064 0.17 0.126
7 0.064 0.0545 0.128 0.109