7 0.0305 0.36450000000000005 0.061 0.229
7 0.415 0.49950000000000006 0.19400000000000003 0.18099999999999994
7 0.4765 0.684 0.2510000000000001 0.22400000000000006
7 0.185 0.511 0.226 0.18799999999999997
7 0.1465 0.637 0.215 0.16599999999999995
7 0.2205 0.8805 0.18899999999999997 0.21099999999999994
7 0.0745 0.9155 0.149 0.16900000000000007
7 0.2685 0.2545 0.15700000000000003 0.19699999999999995
7 0.4035 0.284 0.17100000000000004 0.18799999999999997
7 0.518 0.14800000000000002 0.20799999999999996 0.20199999999999996
7 0.486 0.0275 0.17200000000000004 0.055
7 0.33299999999999996 0.0105 0.07799999999999997 0.021
7 0.9335 0.04 0.13300000000000012 0.076
7 0.9384999999999999 0.7415 0.12300000000000011 0.25900000000000006
7 0.5870000000000001 0.41100000000000003 0.17400000000000004 0.20200000000000004
7 0.7240000000000001 0.35100000000000003 0.19599999999999995 0.24399999999999994
7 0.907 0.294 0.18599999999999994 0.27
7 0.0825 0.16399999999999998 0.165 0.166
7 0.182 0.064 0.17 0.12599999999999997
7 0.064 0.0545 0.128 0.109