7 0.946 0.036000000000000004 0.10800000000000011 0.07200000000000001
7 0.05 0.0467 0.1 0.09330000000000002
7 0.0207 0.2687 0.041299999999999996 0.204
7 0.8506999999999999 0.6573 0.24530000000000002 0.2533000000000001
7 0.044000000000000004 0.7353000000000001 0.08800000000000001 0.27329999999999993
7 0.16 0.732 0.20269999999999996 0.2747
7 0.37729999999999997 0.7120000000000001 0.17329999999999998 0.2613
7 0.4927 0.682 0.12929999999999992 0.24669999999999995
7 0.5932999999999999 0.6793 0.11469999999999998 0.22
7 0.7 0.688 0.14669999999999994 0.22669999999999996
7 0.6667000000000001 0.8747 0.2 0.17870000000000005
7 0.736 0.9333 0.2 0.1333000000000001
7 0.91 0.93 0.18 0.14