7 0.946 0.036000000000000004 0.10800000000000001 0.07200000000000001
7 0.05 0.0467 0.1 0.0933
7 0.0207 0.2687 0.041299999999999996 0.204
7 0.8506999999999999 0.6573 0.24530000000000002 0.25329999999999997
7 0.044000000000000004 0.7353000000000001 0.08800000000000001 0.2733
7 0.16 0.732 0.2027 0.2747
7 0.37729999999999997 0.7120000000000001 0.17329999999999998 0.2613
7 0.4927 0.682 0.1293 0.24670000000000003
7 0.5932999999999999 0.6793 0.11470000000000001 0.22
7 0.7 0.688 0.1467 0.2267
7 0.6667000000000001 0.8747 0.2 0.1787
7 0.736 0.9333 0.2 0.1333
7 0.9147 0.9347 0.1707 0.1307