7 0.10869999999999999 0.6113000000000001 0.2173 0.2173
7 0.17129999999999998 0.7212999999999999 0.2227 0.2213
7 0.1613 0.9107 0.1787 0.1493
7 0.1607 0.9732999999999999 0.20670000000000002 0.0533
7 0.0173 0.9573 0.0347 0.08529999999999999
7 0.368 0.9747 0.2 0.0507
7 0.5872999999999999 0.894 0.16399999999999998 0.212
7 0.7112999999999999 0.9187000000000001 0.18 0.16269999999999998
7 0.8320000000000001 0.9359999999999999 0.17329999999999998 0.128
7 0.2853 0.8726999999999999 0.1547 0.1827
7 0.3713 0.8240000000000001 0.16399999999999998 0.19469999999999998
7 0.4647 0.7613 0.18530000000000002 0.2027
7 0.544 0.7187 0.1333 0.17329999999999998
7 0.6153 0.7267 0.14 0.1867
7 0.7347 0.7440000000000001 0.1813 0.1707
7 0.9732999999999999 0.0667 0.0533 0.1333
7 0.8613 0.0747 0.22399999999999998 0.1493
7 0.8833 0.192 0.23329999999999998 0.168
7 0.5293 0.47869999999999996 0.2293 0.2427
7 0.6687000000000001 0.5513 0.1373 0.18530000000000002
7 0.7913 0.5707 0.172 0.168
7 0.8706999999999999 0.6907 0.192 0.1787
7 0.9527 0.7913 0.0947 0.2173
7 0.9440000000000001 0.5913 0.11199999999999999 0.2413
7 0.9393 0.38270000000000004 0.1213 0.2107
7 0.7613 0.3627 0.21600000000000003 0.22399999999999998