7 0.10869999999999999 0.6113000000000001 0.2173 0.21730000000000005
7 0.17129999999999998 0.7212999999999999 0.22270000000000004 0.22129999999999994
7 0.1613 0.9107 0.17869999999999997 0.14930000000000007
7 0.1607 0.9732999999999999 0.20670000000000002 0.053300000000000125
7 0.015 0.95 0.03 0.08
7 0.36 0.97 0.2 0.06
7 0.5872999999999999 0.894 0.16399999999999992 0.21199999999999988
7 0.71 0.915 0.18 0.17
7 0.8320000000000001 0.9359999999999999 0.17330000000000012 0.1280000000000001
7 0.2853 0.8726999999999999 0.15469999999999998 0.1827000000000001
7 0.3713 0.8240000000000001 0.16399999999999995 0.19469999999999998
7 0.4647 0.7613 0.18530000000000002 0.2027000000000001
7 0.544 0.7187 0.13329999999999997 0.1732999999999999
7 0.6153 0.7267 0.14 0.18669999999999995
7 0.7347 0.7440000000000001 0.18129999999999996 0.17069999999999994
7 0.9732999999999999 0.0667 0.053300000000000125 0.13330000000000003
7 0.8613 0.07469999999999999 0.22400000000000006 0.1493
7 0.8833 0.192 0.23330000000000012 0.16800000000000004
7 0.5293 0.47869999999999996 0.22929999999999992 0.24269999999999997
7 0.6687000000000001 0.5513000000000001 0.13729999999999998 0.18530000000000008
7 0.7913 0.5707 0.17199999999999988 0.16799999999999998
7 0.8706999999999999 0.6907 0.1919999999999999 0.17870000000000005
7 0.95 0.785 0.1 0.21
7 0.9440000000000001 0.5913 0.11199999999999989 0.24130000000000001
7 0.9393 0.38270000000000004 0.12129999999999995 0.21070000000000003
7 0.7613 0.3627 0.21599999999999994 0.22399999999999995