7 0.11 0.61 0.215 0.215
7 0.17 0.72 0.225 0.22
7 0.16 0.91 0.18 0.15
7 0.155 0.97 0.21 0.06
7 0.015 0.95 0.03 0.08
7 0.36 0.97 0.2 0.06
7 0.585 0.895 0.165 0.21
7 0.71 0.915 0.18 0.17
7 0.83 0.935 0.175 0.13
7 0.285 0.875 0.155 0.185
7 0.37 0.825 0.165 0.195
7 0.465 0.76 0.185 0.205
7 0.545 0.72 0.135 0.175
7 0.615 0.725 0.14 0.185
7 0.735 0.745 0.18 0.17
7 0.97 0.065 0.06 0.13
7 0.86 0.075 0.225 0.15
7 0.88 0.185 0.24 0.17
7 0.53 0.48 0.23 0.245
7 0.67 0.55 0.135 0.185
7 0.79 0.57 0.17 0.17
7 0.87 0.69 0.19 0.18
7 0.95 0.785 0.1 0.21
7 0.945 0.59 0.11 0.24
7 0.94 0.385 0.12 0.21
7 0.76 0.365 0.215 0.225