0 0.51 0.545 0.055 0.07
0 0.61 0.6 0.05 0.07
0 0.76 0.66 0.075 0.07
0 0.785 0.735 0.065 0.07
0 0.73 0.75 0.065 0.055
0 0.96 0.695 0.075 0.09
0 0.45 0.46 0.05 0.045
0 0.58 0.355 0.07 0.04
0 0.15 0.77 0.095 0.06
0 0.205 0.82 0.085 0.07
0 0.3 0.885 0.085 0.06
0 0.365 0.925 0.07 0.07
0 0.415 0.955 0.09 0.08
0 0.09 0.725 0.075 0.08
0 0.03 0.7 0.055 0.12
0 0.515 0.96 0.07 0.06
0 0.415 0.85 0.075 0.06
0 0.245 0.685 0.08 0.07
0 0.615 0.99 0.075 0.02
0 0.72 0.98 0.085 0.035
0 0.57 0.915 0.065 0.08
0 0.495 0.875 0.075 0.055
0 0.7 0.91 0.065 0.045
0 0.5 0.8 0.065 0.065
0 0.565 0.8 0.055 0.045
0 0.6 0.84 0.06 0.055
0 0.66 0.89 0.05 0.07
0 0.32 0.735 0.1 0.06
0 0.355 0.705 0.06 0.05
0 0.26 0.78 0.075 0.075
0 0.38 0.785 0.13 0.07