0 0.5075 0.5435 0.055 0.071
0 0.6114999999999999 0.599 0.051 0.068
0 0.762 0.662 0.076 0.07200000000000001
0 0.7859999999999999 0.733 0.066 0.07200000000000001
0 0.7315 0.7484999999999999 0.067 0.055
0 0.9615 0.696 0.077 0.08800000000000001
0 0.45 0.46049999999999996 0.05 0.047
0 0.5785 0.353 0.071 0.038
0 0.1485 0.77 0.09300000000000001 0.062
0 0.20600000000000002 0.8184999999999999 0.086 0.069
0 0.3025 0.8859999999999999 0.083 0.062
0 0.3665 0.925 0.071 0.07
0 0.41450000000000004 0.9555 0.091 0.081
0 0.0875 0.7245 0.073 0.079
0 0.0285 0.698 0.057 0.11800000000000001
0 0.513 0.9575 0.07200000000000001 0.061
0 0.4155 0.8504999999999999 0.073 0.061
0 0.247 0.6855 0.08 0.069
0 0.6154999999999999 0.9890000000000001 0.075 0.022000000000000002
0 0.721 0.9825 0.084 0.035
0 0.569 0.9165000000000001 0.066 0.079
0 0.495 0.8765000000000001 0.07400000000000001 0.055
0 0.698 0.9075 0.064 0.047
0 0.5005 0.8025 0.067 0.065
0 0.565 0.799 0.054000000000000006 0.044000000000000004
0 0.6025 0.8405 0.059000000000000004 0.057
0 0.6579999999999999 0.888 0.048 0.07
0 0.3175 0.737 0.10099999999999999 0.057999999999999996
0 0.354 0.7040000000000001 0.06 0.05
0 0.2625 0.782 0.073 0.076
0 0.38049999999999995 0.7829999999999999 0.131 0.07