0 0.5075 0.5435 0.055 0.07099999999999994
0 0.6114999999999999 0.599 0.05099999999999994 0.06799999999999998
0 0.762 0.662 0.07599999999999994 0.07199999999999995
0 0.7859999999999999 0.733 0.06599999999999995 0.07199999999999988
0 0.7315 0.7484999999999999 0.06699999999999989 0.055
0 0.9615 0.696 0.07699999999999989 0.08800000000000012
0 0.45 0.46049999999999996 0.05 0.04700000000000003
0 0.5785 0.353 0.07099999999999994 0.03799999999999997
0 0.1485 0.77 0.09300000000000001 0.06199999999999989
0 0.20600000000000002 0.8184999999999999 0.08600000000000002 0.06900000000000006
0 0.3025 0.8859999999999999 0.08299999999999998 0.06199999999999989
0 0.3665 0.925 0.07099999999999994 0.07
0 0.41450000000000004 0.9555 0.09099999999999994 0.08099999999999995
0 0.0875 0.7245 0.07300000000000001 0.07900000000000006
0 0.0285 0.698 0.057 0.11800000000000005
0 0.513 0.9575 0.07200000000000002 0.06099999999999994
0 0.4155 0.8504999999999999 0.07299999999999997 0.06099999999999994
0 0.247 0.6855 0.08 0.06900000000000006
0 0.6154999999999999 0.9890000000000001 0.075 0.021999999999999888
0 0.721 0.9825 0.08400000000000006 0.035
0 0.569 0.9165000000000001 0.06599999999999995 0.07900000000000006
0 0.495 0.8765000000000001 0.07400000000000005 0.055
0 0.698 0.9075 0.06400000000000006 0.04699999999999989
0 0.5005 0.8025 0.06700000000000003 0.065
0 0.565 0.799 0.054000000000000055 0.04400000000000006
0 0.6025 0.8405 0.05900000000000006 0.056999999999999884
0 0.6579999999999999 0.888 0.04800000000000004 0.07
0 0.3175 0.737 0.10099999999999998 0.058000000000000114
0 0.354 0.7040000000000001 0.06 0.05
0 0.2625 0.782 0.07299999999999997 0.07599999999999994
0 0.38049999999999995 0.7829999999999999 0.13099999999999998 0.07