0 0.035 0.8 0.07 0.13
0 0.085 0.855 0.12 0.13
0 0.265 0.685 0.115 0.11
0 0.435 0.675 0.11 0.11
0 0.37 0.42 0.115 0.095
0 0.55 0.82 0.095 0.105
0 0.77 0.73 0.075 0.1
0 0.315 0.37 0.125 0.085
0 0.34 0.305 0.14 0.1
0 0.655 0.515 0.115 0.09
0 0.68 0.62 0.105 0.09
0 0.43 0.8 0.1 0.115
0 0.38 0.845 0.115 0.105
0 0.85 0.67 0.075 0.07
0 0.81 0.45 0.08 0.07
0 0.92 0.55 0.075 0.08
0 0.925 0.585 0.055 0.055
0 0.96 0.625 0.08 0.07
0 0.93 0.745 0.08 0.08
0 0.97 0.695 0.06 0.07
0 0.945 0.92 0.085 0.095
0 0.98 0.845 0.04 0.11
0 0.89 0.41 0.085 0.1
0 0.97 0.39 0.06 0.095
0 0.925 0.315 0.1 0.08
0 0.92 0.25 0.07 0.065
0 0.915 0.185 0.065 0.065
0 0.945 0.14 0.055 0.065
0 0.63 0.12 0.075 0.08
0 0.78 0.21 0.09 0.065
0 0.78 0.145 0.055 0.045
0 0.83 0.165 0.05 0.065
0 0.505 0.035 0.1 0.07
0 0.615 0.025 0.065 0.05
0 0.71 0.025 0.06 0.05
0 0.77 0.07 0.08 0.09
0 0.835 0.09 0.08 0.09