0 0.034 0.8025 0.068 0.129
0 0.087 0.8540000000000001 0.12 0.13
0 0.2655 0.6829999999999999 0.115 0.10800000000000001
0 0.434 0.6729999999999999 0.11199999999999999 0.11
0 0.371 0.42200000000000004 0.114 0.094
0 0.5479999999999999 0.8175 0.096 0.10300000000000001
0 0.7675 0.73 0.077 0.1
0 0.313 0.3725 0.126 0.085
0 0.341 0.3055 0.138 0.10099999999999999
0 0.655 0.513 0.114 0.092
0 0.6775 0.6225 0.107 0.08900000000000001
0 0.4285 0.7985 0.10099999999999999 0.115
0 0.382 0.8465 0.11599999999999999 0.10300000000000001
0 0.851 0.6705 0.07400000000000001 0.071
0 0.809 0.4515 0.08199999999999999 0.071
0 0.9205 0.551 0.073 0.08
0 0.9259999999999999 0.5870000000000001 0.054000000000000006 0.055999999999999994
0 0.963 0.6325 0.07400000000000001 0.073
0 0.9279999999999999 0.743 0.08199999999999999 0.08
0 0.9734999999999999 0.7015 0.053 0.071
0 0.9455 0.9225 0.087 0.09300000000000001
0 0.981 0.8440000000000001 0.038 0.10800000000000001
0 0.8875 0.41200000000000003 0.085 0.1
0 0.9690000000000001 0.3895 0.062 0.095
0 0.9265000000000001 0.314 0.099 0.08199999999999999
0 0.922 0.2515 0.068 0.063
0 0.9135 0.18350000000000002 0.067 0.065
0 0.945 0.13949999999999999 0.055999999999999994 0.065
0 0.6285000000000001 0.1195 0.077 0.081
0 0.778 0.20800000000000002 0.08800000000000001 0.066
0 0.7809999999999999 0.146 0.055999999999999994 0.046
0 0.8290000000000001 0.163 0.052000000000000005 0.064
0 0.506 0.034 0.102 0.068
0 0.617 0.024 0.064 0.048
0 0.708 0.027000000000000003 0.062 0.054000000000000006
0 0.7675 0.07200000000000001 0.079 0.08800000000000001
0 0.833 0.0915 0.078 0.08900000000000001