0 0.034 0.8025 0.068 0.12900000000000006
0 0.087 0.8540000000000001 0.12 0.13
0 0.26549999999999996 0.6829999999999999 0.11499999999999996 0.10800000000000004
0 0.434 0.6729999999999999 0.11200000000000003 0.11
0 0.371 0.42200000000000004 0.11400000000000002 0.09400000000000006
0 0.5479999999999999 0.8175 0.09599999999999995 0.10300000000000012
0 0.7675 0.73 0.07699999999999989 0.1
0 0.313 0.3725 0.126 0.085
0 0.341 0.3055 0.13799999999999998 0.10100000000000002
0 0.655 0.513 0.11400000000000006 0.09200000000000003
0 0.6775 0.6225 0.10699999999999996 0.08900000000000005
0 0.4285 0.7985 0.10099999999999994 0.115
0 0.382 0.8465 0.11599999999999994 0.10300000000000012
0 0.851 0.6705 0.07400000000000005 0.07099999999999994
0 0.809 0.4515 0.08199999999999989 0.07099999999999994
0 0.9205 0.551 0.07300000000000012 0.08
0 0.9259999999999999 0.5870000000000001 0.054000000000000055 0.055999999999999946
0 0.963 0.6325 0.07400000000000005 0.07300000000000004
0 0.9279999999999999 0.743 0.08199999999999989 0.08
0 0.9734999999999999 0.7015 0.053000000000000116 0.07099999999999994
0 0.9455 0.9225 0.08699999999999988 0.09300000000000011
0 0.981 0.8440000000000001 0.03800000000000012 0.10800000000000011
0 0.8875 0.41200000000000003 0.085 0.1
0 0.9690000000000001 0.3895 0.06199999999999989 0.095
0 0.9265000000000001 0.314 0.09900000000000006 0.08200000000000003
0 0.922 0.2515 0.06800000000000012 0.06299999999999997
0 0.9135 0.18350000000000002 0.06699999999999989 0.065
0 0.945 0.13949999999999999 0.055999999999999946 0.065
0 0.6285000000000001 0.1195 0.07700000000000003 0.08100000000000002
0 0.778 0.20800000000000002 0.08800000000000012 0.06600000000000002
0 0.7809999999999999 0.146 0.055999999999999946 0.04599999999999998
0 0.8290000000000001 0.163 0.05199999999999989 0.06399999999999999
0 0.506 0.034 0.10200000000000004 0.068
0 0.617 0.024 0.06400000000000006 0.048
0 0.708 0.027000000000000003 0.06199999999999989 0.054000000000000006
0 0.7675 0.07200000000000001 0.07900000000000006 0.08800000000000001
0 0.833 0.0915 0.07800000000000011 0.08900000000000002