0 0.085 0.325 0.08 0.08
0 0.075 0.28 0.085 0.04
0 0.085 0.24 0.075 0.06
0 0.025 0.325 0.05 0.07
0 0.03 0.285 0.055 0.03
0 0.03 0.255 0.045 0.035
0 0.03 0.475 0.06 0.07
0 0.025 0.415 0.05 0.05
0 0.085 0.435 0.09 0.055
0 0.01 0.64 0.02 0.04
0 0.035 0.61 0.065 0.05
0 0.03 0.575 0.06 0.04
0 0.02 0.53 0.04 0.04
0 0.06 0.52 0.055 0.05
0 0.08 0.5 0.07 0.025
0 0.02 0.76 0.04 0.07
0 0.025 0.86 0.05 0.08
0 0.07 0.805 0.08 0.06
0 0.06 0.77 0.055 0.04
0 0.05 0.73 0.08 0.05
0 0.055 0.68 0.07 0.05
0 0.065 0.655 0.08 0.05
0 0.12 0.77 0.085 0.055
0 0.025 0.92 0.05 0.06
0 0.065 0.945 0.085 0.065