0 0.0836 0.3257 0.0803 0.0776
0 0.075 0.2776 0.0868 0.0421
0 0.0842 0.2421 0.0737 0.0579
0 0.027000000000000003 0.3296 0.053899999999999997 0.0724
0 0.028300000000000002 0.2842 0.056600000000000004 0.0316
0 0.028300000000000002 0.2539 0.0461 0.0342
0 0.030899999999999997 0.473 0.061799999999999994 0.0697
0 0.0276 0.4204 0.0553 0.0513
0 0.0868 0.4329 0.09210000000000002 0.0526
0 0.011200000000000002 0.6420999999999999 0.022400000000000003 0.0421
0 0.0329 0.6125 0.0658 0.0487
0 0.0296 0.573 0.0592 0.0408
0 0.0217 0.5362 0.0434 0.0461
0 0.0599 0.5217 0.056600000000000004 0.0513
0 0.08220000000000001 0.5 0.0724 0.0263
0 0.021099999999999997 0.7598999999999999 0.0421 0.0697
0 0.0276 0.8645 0.0553 0.0816
0 0.0717 0.8053 0.0776 0.0605
0 0.058600000000000006 0.7704000000000001 0.056600000000000004 0.0382
0 0.048 0.7283 0.0776 0.0513
0 0.053899999999999997 0.6822 0.0711 0.0487
0 0.0664 0.6533 0.0803 0.0487
0 0.1184 0.7691 0.0868 0.056600000000000004
0 0.0263 0.927 0.0526 0.056600000000000004
0 0.0658 0.9434 0.0842 0.0658