0 0.0836 0.3257 0.08030000000000001 0.07760000000000002
0 0.075 0.2776 0.0868 0.042100000000000005
0 0.0842 0.2421 0.07370000000000002 0.05789999999999999
0 0.027000000000000003 0.3296 0.05389999999999999 0.07239999999999998
0 0.028300000000000002 0.2842 0.056600000000000004 0.03159999999999997
0 0.028300000000000002 0.2539 0.046099999999999995 0.034200000000000015
0 0.030899999999999997 0.473 0.061799999999999994 0.06969999999999998
0 0.025 0.415 0.05 0.05
0 0.0868 0.4329 0.09210000000000002 0.05260000000000005
0 0.011200000000000002 0.6420999999999999 0.022400000000000003 0.042100000000000005
0 0.0329 0.6125 0.0658 0.04870000000000005
0 0.0296 0.573 0.0592 0.04079999999999998
0 0.0217 0.5362 0.0434 0.046099999999999995
0 0.0599 0.5217 0.056600000000000004 0.05129999999999996
0 0.08220000000000001 0.5 0.07239999999999999 0.026299999999999955
0 0.021099999999999997 0.7598999999999999 0.0421 0.06969999999999998
0 0.025 0.86 0.05 0.08
0 0.0717 0.8053 0.0776 0.060500000000000116
0 0.05860000000000001 0.7704000000000001 0.05660000000000001 0.03819999999999993
0 0.048 0.7283 0.0776 0.05129999999999996
0 0.053899999999999997 0.6822 0.07110000000000001 0.04870000000000005
0 0.0664 0.6533 0.0803 0.04870000000000005
0 0.1184 0.7691 0.0868 0.05659999999999996
0 0.0263 0.927 0.0526 0.05659999999999996
0 0.0658 0.9434 0.08419999999999998 0.06580000000000012