0 0.145 0.115 0.125 0.1
0 0.375 0.235 0.075 0.085
0 0.605 0.44 0.105 0.115
0 0.695 0.35 0.12 0.13
0 0.85 0.26 0.085 0.095
0 0.88 0.075 0.125 0.12
0 0.745 0.22 0.11 0.1
0 0.665 0.14 0.1 0.095
0 0.61 0.21 0.105 0.1
0 0.52 0.21 0.095 0.105
0 0.37 0.34 0.09 0.105
0 0.19 0.25 0.13 0.15
0 0.05 0.615 0.1 0.14
0 0.525 0.685 0.105 0.11
0 0.625 0.85 0.115 0.115
0 0.545 0.945 0.14 0.11
0 0.31 0.775 0.13 0.13
0 0.255 0.855 0.125 0.11
0 0.2 0.95 0.155 0.095
0 0.72 0.715 0.13 0.13
0 0.795 0.625 0.13 0.155
0 0.86 0.535 0.125 0.11
0 0.84 0.38 0.1 0.095
0 0.85 0.455 0.085 0.08
0 0.935 0.445 0.13 0.11
0 0.98 0.325 0.04 0.09