0 0.14300000000000002 0.114 0.124 0.102
0 0.3765 0.235 0.077 0.086
0 0.6045 0.4385 0.105 0.11699999999999999
0 0.6965 0.35200000000000004 0.11900000000000001 0.13
0 0.8504999999999999 0.26 0.083 0.096
0 0.882 0.077 0.124 0.11800000000000001
0 0.7454999999999999 0.221 0.111 0.1
0 0.667 0.14150000000000001 0.1 0.095
0 0.6085 0.2125 0.10300000000000001 0.099
0 0.5205 0.20800000000000002 0.09300000000000001 0.106
0 0.3715 0.341 0.091 0.10400000000000001
0 0.192 0.248 0.128 0.152
0 0.0525 0.6164999999999999 0.10099999999999999 0.141
0 0.525 0.684 0.10400000000000001 0.10800000000000001
0 0.625 0.8515 0.11599999999999999 0.11699999999999999
0 0.5429999999999999 0.9440000000000001 0.14 0.11199999999999999
0 0.3105 0.7759999999999999 0.131 0.128
0 0.253 0.8534999999999999 0.126 0.111
0 0.19949999999999998 0.9520000000000001 0.153 0.096
0 0.7215 0.713 0.129 0.132
0 0.7929999999999999 0.6265 0.132 0.155
0 0.8625 0.5329999999999999 0.12300000000000001 0.10800000000000001
0 0.84 0.382 0.102 0.094
0 0.8475 0.45399999999999996 0.083 0.08199999999999999
0 0.938 0.45 0.124 0.11
0 0.981 0.3235 0.038 0.08900000000000001