0 0.0704 0.0401 0.0987 0.0803
0 0.19870000000000002 0.0316 0.1368 0.0632
0 0.1118 0.1283 0.0579 0.0592
0 0.1355 0.0967 0.0816 0.0513
0 0.152 0.0704 0.0987 0.056600000000000004
0 0.0263 0.31579999999999997 0.0526 0.11320000000000001
0 0.042800000000000005 0.2191 0.0855 0.0908
0 0.0724 0.18289999999999998 0.0737 0.07629999999999999
0 0.0862 0.1586 0.0803 0.0776
0 0.4243 0.024300000000000002 0.1092 0.0487
0 0.6446999999999999 0.0507 0.0658 0.06709999999999999
0 0.19870000000000002 0.6296 0.1184 0.11449999999999999
0 0.1197 0.9697 0.1447 0.0605
0 0.35 0.5901 0.1368 0.11710000000000001
0 0.8961 0.0184 0.047400000000000005 0.0368
0 0.9526 0.0388 0.0947 0.0776
0 0.7086 0.1211 0.0987 0.09210000000000002
0 0.7375 0.0796 0.0776 0.06709999999999999
0 0.7553 0.048 0.09210000000000002 0.06709999999999999
0 0.773 0.0184 0.11710000000000001 0.0368
0 0.6507 0.12960000000000002 0.0697 0.0803
0 0.5737 0.1809 0.11320000000000001 0.0855
0 0.5276 0.25329999999999997 0.1079 0.0987
0 0.4974 0.3342 0.1026 0.09210000000000002
0 0.4612 0.3704 0.1039 0.1013
0 0.6151 0.31120000000000003 0.1013 0.0908
0 0.6275999999999999 0.2724 0.1026 0.0789
0 0.5821999999999999 0.3605 0.1118 0.0947
0 0.5336 0.43420000000000003 0.0908 0.0947
0 0.4678 0.46909999999999996 0.1329 0.09609999999999999
0 0.7071999999999999 0.45659999999999995 0.12240000000000001 0.1211
0 0.7717 0.4796 0.11710000000000001 0.08289999999999999
0 0.6487 0.5289 0.1026 0.1026
0 0.6796 0.6132 0.1303 0.07629999999999999
0 0.6493000000000001 0.7434000000000001 0.1303 0.0895
0 0.6065999999999999 0.6868000000000001 0.0974 0.0789
0 0.6881999999999999 0.6789000000000001 0.1079 0.0737