0 0.065 0.04 0.09 0.08
0 0.195 0.03 0.13 0.06
0 0.11 0.13 0.06 0.06
0 0.135 0.095 0.08 0.05
0 0.15 0.07 0.1 0.055
0 0.025 0.31 0.05 0.12
0 0.045 0.22 0.085 0.09
0 0.07 0.185 0.075 0.075
0 0.085 0.16 0.08 0.08
0 0.415 0.02 0.11 0.04
0 0.645 0.05 0.065 0.065
0 0.2 0.63 0.12 0.115
0 0.12 0.97 0.145 0.06
0 0.35 0.59 0.135 0.115
0 0.895 0.02 0.045 0.035
0 0.95 0.04 0.1 0.08
0 0.71 0.12 0.1 0.09
0 0.74 0.08 0.08 0.065
0 0.755 0.05 0.09 0.065
0 0.775 0.02 0.115 0.035
0 0.65 0.13 0.07 0.08
0 0.575 0.18 0.115 0.085
0 0.53 0.255 0.11 0.1
0 0.495 0.335 0.105 0.09
0 0.46 0.37 0.105 0.1
0 0.615 0.31 0.1 0.09
0 0.63 0.27 0.105 0.08
0 0.58 0.36 0.11 0.095
0 0.535 0.435 0.09 0.095
0 0.47 0.47 0.135 0.095
0 0.705 0.455 0.12 0.12
0 0.77 0.48 0.115 0.085
0 0.65 0.53 0.105 0.105
0 0.68 0.615 0.13 0.075
0 0.65 0.745 0.13 0.09
0 0.605 0.685 0.095 0.08
0 0.69 0.68 0.11 0.075