0 0.065 0.04 0.09 0.08
0 0.19870000000000002 0.0316 0.1368 0.0632
0 0.1118 0.1283 0.05789999999999999 0.05919999999999998
0 0.1355 0.0967 0.08160000000000002 0.05129999999999999
0 0.152 0.0704 0.09869999999999997 0.05660000000000001
0 0.0263 0.31579999999999997 0.0526 0.11319999999999997
0 0.04279999999999999 0.2191 0.0855 0.09079999999999998
0 0.0724 0.18289999999999998 0.07370000000000002 0.0763
0 0.0862 0.1586 0.08029999999999998 0.07759999999999997
0 0.415 0.02 0.11 0.04
0 0.6446999999999999 0.0507 0.06580000000000005 0.0671
0 0.19870000000000002 0.6296 0.11839999999999998 0.11450000000000003
0 0.1197 0.9697 0.14470000000000002 0.060500000000000116
0 0.35 0.5901 0.13680000000000003 0.11709999999999994
0 0.8961 0.0184 0.04740000000000009 0.0368
0 0.9526 0.0388 0.09469999999999999 0.0776
0 0.7086 0.1211 0.09870000000000005 0.09210000000000002
0 0.7375 0.0796 0.0775999999999999 0.06709999999999999
0 0.7553 0.048 0.09210000000000008 0.06709999999999999
0 0.773 0.0184 0.11710000000000008 0.0368
0 0.6507 0.12960000000000002 0.06969999999999998 0.08030000000000001
0 0.5737 0.1809 0.11320000000000008 0.08550000000000002
0 0.5276 0.25329999999999997 0.10790000000000007 0.09869999999999997
0 0.4974 0.3342 0.10260000000000005 0.09210000000000004
0 0.4612 0.3704 0.1039 0.10129999999999999
0 0.6151000000000001 0.31120000000000003 0.10130000000000003 0.09080000000000002
0 0.6275999999999999 0.2724 0.10260000000000005 0.07890000000000001
0 0.5821999999999999 0.3605 0.11180000000000007 0.09469999999999999
0 0.5336 0.43420000000000003 0.09079999999999998 0.09469999999999999
0 0.4678 0.46909999999999996 0.1328999999999999 0.09609999999999999
0 0.7071999999999999 0.45659999999999995 0.12240000000000009 0.1211
0 0.7717 0.4796 0.11710000000000008 0.08290000000000006
0 0.6487 0.5289 0.10259999999999998 0.10260000000000005
0 0.6796 0.6132000000000001 0.1303 0.07630000000000002
0 0.6493000000000001 0.7434000000000001 0.1303 0.08949999999999989
0 0.6065999999999999 0.6868000000000001 0.09740000000000001 0.07889999999999986
0 0.6881999999999999 0.6789000000000001 0.10789999999999993 0.07370000000000004