2 0.358 0.5425 0.08599999999999998 0.09099999999999994
2 0.515 0.444 0.1 0.07599999999999994
2 0.18350000000000002 0.8015000000000001 0.065 0.06300000000000011
2 0.41200000000000003 0.6525 0.07200000000000002 0.05900000000000006
2 0.4805 0.688 0.06700000000000003 0.06199999999999989
2 0.6255 0.767 0.06300000000000004 0.06199999999999989
2 0.684 0.78 0.06400000000000006 0.06400000000000006
2 0.5925 0.58 0.07700000000000003 0.06
2 0.556 0.515 0.05799999999999997 0.06
2 0.7475 0.3825 0.095 0.09700000000000003
2 0.9565 0.34450000000000003 0.08699999999999988 0.07700000000000003
2 0.5545 0.847 0.125 0.1
2 0.41850000000000004 0.9775 0.09299999999999997 0.045
2 0.778 0.7905 0.07400000000000005 0.08300000000000012
2 0.8370000000000001 0.769 0.08199999999999989 0.09199999999999989
2 0.9245 0.608 0.12099999999999994 0.12
2 0.809 0.6679999999999999 0.07400000000000005 0.09400000000000006
2 0.7070000000000001 0.652 0.21199999999999997 0.17800000000000005