2 0.358 0.5425 0.086 0.091
2 0.515 0.444 0.1 0.076
2 0.18350000000000002 0.8015000000000001 0.065 0.063
2 0.41200000000000003 0.6525 0.07200000000000001 0.059000000000000004
2 0.4805 0.688 0.067 0.062
2 0.6255 0.767 0.063 0.062
2 0.684 0.78 0.064 0.064
2 0.5925 0.58 0.077 0.06
2 0.556 0.515 0.057999999999999996 0.06
2 0.7475 0.3825 0.095 0.09699999999999999
2 0.9565 0.34450000000000003 0.087 0.077
2 0.5545 0.847 0.125 0.1
2 0.41850000000000004 0.9775 0.09300000000000001 0.045
2 0.778 0.7905 0.07400000000000001 0.083
2 0.8370000000000001 0.769 0.08199999999999999 0.092
2 0.9245 0.608 0.121 0.12
2 0.809 0.6679999999999999 0.07400000000000001 0.094
2 0.7070000000000001 0.652 0.212 0.17800000000000002