2 0.0275 0.337 0.055 0.08200000000000003
2 0.1165 0.5715 0.11699999999999999 0.11700000000000003
2 0.128 0.6655 0.043999999999999984 0.045
2 0.179 0.787 0.06600000000000002 0.06400000000000006
2 0.042 0.894 0.084 0.11599999999999994
2 0.522 0.5675 0.09 0.07700000000000003
2 0.51 0.635 0.08799999999999997 0.07400000000000005
2 0.45 0.7959999999999999 0.21599999999999994 0.2
2 0.53 0.6895 0.06599999999999995 0.065
2 0.815 0.8740000000000001 0.1319999999999999 0.13
2 0.308 0.475 0.11999999999999997 0.10599999999999994
2 0.377 0.5325 0.07799999999999997 0.06700000000000003
2 0.6779999999999999 0.6515000000000001 0.09800000000000005 0.09900000000000006
2 0.179 0.9025 0.06 0.053000000000000116
2 0.322 0.9115000000000001 0.18200000000000002 0.17699999999999988
2 0.212 0.36700000000000005 0.226 0.19799999999999998
2 0.020499999999999997 0.45049999999999996 0.040999999999999995 0.11900000000000005