2 0.0275 0.337 0.055 0.08199999999999999
2 0.1165 0.5715 0.11699999999999999 0.11699999999999999
2 0.128 0.6655 0.044000000000000004 0.045
2 0.179 0.787 0.066 0.064
2 0.042 0.894 0.084 0.11599999999999999
2 0.522 0.5675 0.09 0.077
2 0.51 0.635 0.08800000000000001 0.07400000000000001
2 0.45 0.7959999999999999 0.21600000000000003 0.2
2 0.53 0.6895 0.066 0.065
2 0.815 0.8740000000000001 0.132 0.13
2 0.308 0.475 0.12 0.106
2 0.377 0.5325 0.078 0.067
2 0.6779999999999999 0.6515000000000001 0.098 0.099
2 0.179 0.9025 0.06 0.053
2 0.322 0.9115000000000001 0.182 0.177
2 0.212 0.36700000000000005 0.226 0.198
2 0.020499999999999997 0.45049999999999996 0.040999999999999995 0.11900000000000001