2 0.113 0.111 0.10400000000000001 0.10400000000000001
2 0.3925 0.18899999999999997 0.095 0.098
2 0.426 0.11900000000000001 0.064 0.068
2 0.359 0.044500000000000005 0.08800000000000001 0.085
2 0.42 0.0275 0.086 0.055
2 0.603 0.2115 0.11599999999999999 0.109
2 0.2395 0.43700000000000006 0.10099999999999999 0.1
2 0.5055 0.5455 0.081 0.081
2 0.685 0.5455 0.094 0.091
2 0.836 0.631 0.07200000000000001 0.06
2 0.158 0.2875 0.114 0.095
2 0.149 0.35450000000000004 0.126 0.067
2 0.155 0.4215 0.094 0.073
2 0.0915 0.7655 0.077 0.077
2 0.0175 0.853 0.035 0.106
2 0.066 0.9484999999999999 0.132 0.10300000000000001
2 0.401 0.677 0.19399999999999998 0.222
2 0.5425 0.9475 0.071 0.059000000000000004
2 0.6505 0.9540000000000001 0.13699999999999998 0.092
2 0.779 0.9670000000000001 0.086 0.066
2 0.8775 0.9775 0.063 0.045
2 0.9540000000000001 0.62 0.07 0.044000000000000004
2 0.9825 0.6609999999999999 0.035 0.064
2 0.8925 0.539 0.155 0.122