2 0.113 0.111 0.10399999999999998 0.10400000000000002
2 0.3925 0.18899999999999997 0.095 0.09799999999999999
2 0.426 0.11900000000000001 0.06400000000000006 0.068
2 0.359 0.04449999999999999 0.08799999999999997 0.085
2 0.42 0.0275 0.08599999999999994 0.055
2 0.603 0.2115 0.11599999999999994 0.10899999999999999
2 0.2395 0.43700000000000006 0.10100000000000002 0.1
2 0.5055 0.5455 0.08099999999999995 0.08099999999999995
2 0.685 0.5455 0.09400000000000006 0.09099999999999994
2 0.836 0.6309999999999999 0.07199999999999988 0.05999999999999993
2 0.158 0.2875 0.11399999999999999 0.095
2 0.149 0.35450000000000004 0.12599999999999997 0.06700000000000003
2 0.155 0.4215 0.09399999999999999 0.07299999999999997
2 0.0915 0.7655 0.077 0.07699999999999989
2 0.0175 0.853 0.035 0.10599999999999994
2 0.066 0.9484999999999999 0.132 0.10300000000000012
2 0.401 0.677 0.19399999999999995 0.22199999999999995
2 0.5425 0.9475 0.07099999999999994 0.05900000000000006
2 0.6505 0.9540000000000001 0.13699999999999996 0.09199999999999989
2 0.779 0.9670000000000001 0.08599999999999994 0.06599999999999995
2 0.8775 0.9775 0.06300000000000011 0.045
2 0.9540000000000001 0.62 0.07 0.04400000000000006
2 0.9825 0.6609999999999999 0.035 0.06400000000000006
2 0.8925 0.539 0.155 0.12200000000000003