2 0.115 0.11 0.105 0.105
2 0.39 0.19 0.095 0.1
2 0.425 0.12 0.065 0.07
2 0.36 0.045 0.09 0.085
2 0.42 0.03 0.085 0.055
2 0.605 0.21 0.115 0.11
2 0.24 0.435 0.1 0.1
2 0.505 0.545 0.08 0.08
2 0.685 0.545 0.095 0.09
2 0.835 0.63 0.07 0.06
2 0.16 0.29 0.115 0.095
2 0.15 0.355 0.125 0.065
2 0.155 0.42 0.095 0.075
2 0.09 0.765 0.075 0.075
2 0.02 0.855 0.035 0.105
2 0.065 0.945 0.13 0.11
2 0.4 0.675 0.195 0.22
2 0.54 0.95 0.07 0.06
2 0.65 0.955 0.135 0.09
2 0.78 0.965 0.085 0.065
2 0.875 0.975 0.07 0.05
2 0.955 0.62 0.07 0.045
2 0.98 0.66 0.035 0.065
2 0.89 0.54 0.155 0.12