2 0.435 0.095 0.095 0.07
2 0.595 0.02 0.085 0.035
2 0.725 0.135 0.09 0.09
2 0.8 0.295 0.105 0.09
2 0.74 0.275 0.055 0.05
2 0.675 0.405 0.045 0.04
2 0.695 0.375 0.1 0.095
2 0.825 0.1 0.105 0.115
2 0.92 0.145 0.16 0.15
2 0.58 0.33 0.085 0.08
2 0.64 0.565 0.085 0.065
2 0.755 0.63 0.075 0.06
2 0.395 0.445 0.18 0.11
2 0.295 0.53 0.065 0.06
2 0.255 0.585 0.09 0.095
2 0.04 0.67 0.08 0.135
2 0.14 0.46 0.045 0.045
2 0.19 0.81 0.075 0.065
2 0.195 0.97 0.15 0.06
2 0.09 0.91 0.175 0.16
2 0.37 0.815 0.065 0.065
2 0.26 0.715 0.14 0.12
2 0.495 0.685 0.13 0.1
2 0.825 0.665 0.07 0.05
2 0.875 0.795 0.19 0.185
2 0.94 0.83 0.12 0.19