2 0.4336 0.0967 0.09340000000000004 0.07239999999999999
2 0.5934 0.0184 0.08680000000000007 0.0368
2 0.725 0.1349 0.09210000000000008 0.08819999999999999
2 0.7987000000000001 0.2961 0.1053 0.08950000000000002
2 0.7375 0.2763 0.053899999999999865 0.05
2 0.6737000000000001 0.4046 0.04469999999999999 0.04079999999999998
2 0.6954 0.3757 0.09870000000000005 0.09340000000000004
2 0.8237000000000001 0.1013 0.10259999999999991 0.11320000000000001
2 0.9237000000000001 0.1507 0.1525999999999999 0.1566
2 0.5803 0.3283 0.08420000000000001 0.07760000000000002
2 0.6408 0.5638000000000001 0.08419999999999994 0.06450000000000003
2 0.7553 0.6296 0.07629999999999995 0.061799999999999924
2 0.3947 0.4434 0.1789 0.10789999999999993
2 0.29410000000000003 0.5289 0.0671 0.06049999999999997
2 0.2539 0.5868 0.08950000000000002 0.09469999999999999
2 0.0408 0.6704000000000001 0.0816 0.13550000000000004
2 0.1408 0.4618 0.047399999999999984 0.04469999999999999
2 0.19140000000000001 0.8125 0.075 0.06449999999999989
2 0.195 0.97 0.15 0.06
2 0.0882 0.9105 0.17629999999999996 0.15789999999999993
2 0.37170000000000003 0.8145 0.06709999999999994 0.06580000000000012
2 0.25920000000000004 0.7145 0.13950000000000004 0.12109999999999985
2 0.4954 0.6868000000000001 0.12760000000000005 0.1
2 0.823 0.6631999999999999 0.06969999999999998 0.05
2 0.8743000000000001 0.7974 0.18819999999999992 0.18419999999999986
2 0.9408 0.8309000000000001 0.11840000000000003 0.18819999999999992