2 0.4336 0.0967 0.0934 0.0724
2 0.5934 0.0184 0.0868 0.0368
2 0.725 0.1349 0.09210000000000002 0.0882
2 0.7987000000000001 0.2961 0.10529999999999999 0.0895
2 0.7375 0.2763 0.053899999999999997 0.05
2 0.6737000000000001 0.4046 0.0447 0.0408
2 0.6954 0.3757 0.0987 0.0934
2 0.8237000000000001 0.1013 0.1026 0.11320000000000001
2 0.9237000000000001 0.1507 0.15259999999999999 0.1566
2 0.5803 0.3283 0.0842 0.0776
2 0.6408 0.5638000000000001 0.0842 0.0645
2 0.7553 0.6296 0.07629999999999999 0.061799999999999994
2 0.3947 0.4434 0.1789 0.1079
2 0.29410000000000003 0.5289 0.06709999999999999 0.0605
2 0.2539 0.5868 0.0895 0.0947
2 0.0408 0.6704000000000001 0.0816 0.1355
2 0.1408 0.4618 0.047400000000000005 0.0447
2 0.19140000000000001 0.8125 0.075 0.0645
2 0.2 0.9723999999999999 0.1474 0.0553
2 0.0882 0.9105 0.17629999999999998 0.15789999999999998
2 0.37170000000000003 0.8145 0.06709999999999999 0.0658
2 0.25920000000000004 0.7145 0.13949999999999999 0.1211
2 0.4954 0.6868000000000001 0.1276 0.1
2 0.823 0.6631999999999999 0.0697 0.05
2 0.8743000000000001 0.7974 0.1882 0.18420000000000003
2 0.9408 0.8309000000000001 0.1184 0.1882