2 0.18420000000000003 0.2007 0.1553 0.1355
2 0.0151 0.14800000000000002 0.030299999999999997 0.11449999999999999
2 0.3099 0.021099999999999997 0.19870000000000002 0.0421
2 0.5803 0.1112 0.0895 0.0803
2 0.6638 0.21969999999999998 0.11449999999999999 0.1
2 0.6079 0.2796 0.1184 0.0987
2 0.627 0.4382 0.1618 0.1105
2 0.3428 0.40259999999999996 0.1013 0.0947
2 0.0467 0.5743 0.0934 0.1092
2 0.2664 0.5105 0.12240000000000001 0.1263
2 0.3539 0.5158 0.0842 0.0842
2 0.4921 0.5322 0.0868 0.08289999999999999
2 0.7592 0.8401000000000001 0.0974 0.1039
2 0.052000000000000005 0.8388 0.1039 0.24609999999999999
2 0.2112 0.9487000000000001 0.2224 0.1026
2 0.33030000000000004 0.9658 0.0737 0.0658