2 0.18420000000000003 0.2007 0.15530000000000002 0.13549999999999998
2 0.015 0.145 0.03 0.11
2 0.3099 0.021099999999999997 0.1987 0.0421
2 0.5803 0.1112 0.08950000000000002 0.08029999999999998
2 0.6638 0.21969999999999998 0.11449999999999996 0.1
2 0.6078999999999999 0.2796 0.11839999999999996 0.09870000000000001
2 0.627 0.4382 0.16180000000000005 0.11049999999999997
2 0.3428 0.40259999999999996 0.10129999999999999 0.09469999999999999
2 0.0467 0.5743 0.0934 0.10920000000000002
2 0.2664 0.5105 0.12239999999999998 0.12629999999999997
2 0.3539 0.5158 0.08420000000000001 0.08420000000000001
2 0.4921 0.5322 0.08679999999999993 0.08289999999999992
2 0.7592 0.8401000000000001 0.0974000000000001 0.10390000000000015
2 0.05199999999999999 0.8388 0.1039 0.24610000000000012
2 0.2112 0.9487000000000001 0.22240000000000001 0.10259999999999991
2 0.33030000000000004 0.9658 0.07370000000000002 0.06580000000000012