2 0.537 0.19949999999999998 0.086 0.083
2 0.5935 0.6075 0.091 0.083
2 0.7415 0.583 0.077 0.08199999999999999
2 0.7645000000000001 0.6865000000000001 0.049 0.063
2 0.7585 0.919 0.049 0.042
2 0.441 0.795 0.07400000000000001 0.078
2 0.5685 0.8895000000000001 0.203 0.16899999999999998
2 0.623 0.759 0.158 0.172
2 0.46149999999999997 0.5805 0.08900000000000001 0.085
2 0.43450000000000005 0.4595 0.27699999999999997 0.159
2 0.47350000000000003 0.369 0.057 0.055999999999999994
2 0.23550000000000001 0.9455 0.183 0.109
2 0.0955 0.8165 0.040999999999999995 0.040999999999999995
2 0.40850000000000003 0.081 0.16699999999999998 0.162