2 0.537 0.19949999999999998 0.08599999999999994 0.08300000000000002
2 0.5935 0.6075 0.09099999999999994 0.08300000000000005
2 0.7415 0.583 0.07699999999999989 0.08200000000000003
2 0.7645000000000001 0.6865000000000001 0.04900000000000006 0.06300000000000011
2 0.7585 0.919 0.04900000000000006 0.041999999999999885
2 0.441 0.795 0.07400000000000005 0.07800000000000011
2 0.5685 0.8895000000000001 0.20299999999999996 0.16900000000000007
2 0.623 0.759 0.15800000000000003 0.17199999999999988
2 0.46149999999999997 0.5805 0.08900000000000005 0.085
2 0.43450000000000005 0.4595 0.277 0.15900000000000006
2 0.47350000000000003 0.369 0.05700000000000003 0.055999999999999946
2 0.23550000000000001 0.9455 0.18300000000000005 0.10900000000000006
2 0.0955 0.8165 0.04100000000000001 0.040999999999999946
2 0.40850000000000003 0.081 0.16700000000000004 0.162