2 0.488 0.17149999999999999 0.16400000000000006 0.143
2 0.7284999999999999 0.529 0.06900000000000006 0.07200000000000002
2 0.5625 0.45799999999999996 0.06099999999999994 0.054000000000000055
2 0.701 0.617 0.11400000000000006 0.08400000000000006
2 0.5945 0.5535 0.09900000000000006 0.12099999999999994
2 0.8265 0.34149999999999997 0.10099999999999994 0.08099999999999997
2 0.9005 0.402 0.11300000000000011 0.09
2 0.67 0.3115 0.08599999999999994 0.07099999999999998
2 0.605 0.382 0.13800000000000004 0.12400000000000005
2 0.698 0.763 0.058000000000000114 0.055999999999999946
2 0.6285000000000001 0.787 0.06700000000000003 0.058000000000000114
2 0.6785 0.8895000000000001 0.09099999999999994 0.09099999999999994
2 0.843 0.956 0.15400000000000005 0.08800000000000012
2 0.743 0.953 0.058000000000000114 0.06199999999999989