2 0.488 0.17149999999999999 0.16399999999999998 0.14300000000000002
2 0.7284999999999999 0.529 0.069 0.07200000000000001
2 0.5625 0.45799999999999996 0.061 0.054000000000000006
2 0.701 0.617 0.114 0.084
2 0.5945 0.5535 0.099 0.121
2 0.8265 0.34149999999999997 0.10099999999999999 0.081
2 0.9005 0.402 0.113 0.09
2 0.67 0.3115 0.086 0.071
2 0.605 0.382 0.138 0.124
2 0.698 0.763 0.057999999999999996 0.055999999999999994
2 0.6285000000000001 0.787 0.067 0.057999999999999996
2 0.6785 0.8895000000000001 0.091 0.091
2 0.843 0.956 0.154 0.08800000000000001
2 0.743 0.953 0.057999999999999996 0.062