2 0.1425 0.0605 0.135 0.111
2 0.303 0.083 0.06199999999999999 0.05399999999999999
2 0.511 0.147 0.05799999999999997 0.05200000000000001
2 0.5720000000000001 0.20550000000000002 0.04200000000000003 0.04700000000000003
2 0.9765 0.4865 0.04699999999999989 0.07099999999999994
2 0.1655 0.5225 0.13899999999999998 0.12900000000000006
2 0.7165 0.42950000000000005 0.165 0.11900000000000005
2 0.6425 0.013500000000000002 0.08699999999999995 0.027000000000000003
2 0.8825 0.0165 0.08699999999999988 0.033
2 0.7829999999999999 0.006999999999999999 0.058000000000000114 0.013999999999999999
2 0.24 0.27949999999999997 0.14200000000000002 0.10100000000000002
2 0.878 0.6195 0.24400000000000005 0.18900000000000006
2 0.42450000000000004 0.779 0.293 0.22800000000000012