2 0.1425 0.0605 0.135 0.111
2 0.303 0.083 0.062 0.054000000000000006
2 0.511 0.147 0.057999999999999996 0.052000000000000005
2 0.5720000000000001 0.20550000000000002 0.042 0.047
2 0.9765 0.4865 0.047 0.071
2 0.1655 0.5225 0.139 0.129
2 0.7165 0.42950000000000005 0.165 0.11900000000000001
2 0.6425 0.013500000000000002 0.087 0.027000000000000003
2 0.8825 0.0165 0.087 0.033
2 0.7829999999999999 0.006999999999999999 0.057999999999999996 0.013999999999999999
2 0.24 0.27949999999999997 0.142 0.10099999999999999
2 0.878 0.6195 0.244 0.18899999999999997
2 0.42450000000000004 0.779 0.293 0.228