2 0.02 0.14 0.04 0.16
2 0.2237 0.0441 0.2079 0.0882
2 0.15530000000000002 0.2414 0.05000000000000002 0.05659999999999996
2 0.20920000000000002 0.2776 0.09740000000000001 0.08949999999999995
2 0.6829000000000001 0.177 0.06580000000000012 0.04339999999999998
2 0.3961 0.0875 0.04739999999999995 0.035500000000000004
2 0.6631999999999999 0.3895 0.08159999999999996 0.06049999999999997
2 0.5487 0.2967 0.0711 0.05659999999999996
2 0.9545999999999999 0.2803 0.09080000000000013 0.11840000000000003
2 0.348 0.7315999999999999 0.14340000000000003 0.13159999999999997
2 0.4678 0.7217 0.11969999999999999 0.125
2 0.5099 0.8513 0.06709999999999994 0.05530000000000001
2 0.24280000000000002 0.9375 0.061799999999999994 0.06180000000000007
2 0.8612000000000001 0.9434 0.075 0.06840000000000003
2 0.9309000000000001 0.8822 0.13819999999999993 0.1697