2 0.023 0.1467 0.0461 0.16449999999999998
2 0.2237 0.0441 0.2079 0.0882
2 0.1553 0.2414 0.05 0.056600000000000004
2 0.20920000000000002 0.2776 0.0974 0.0895
2 0.6829000000000001 0.177 0.0658 0.0434
2 0.3961 0.0875 0.047400000000000005 0.0355
2 0.6631999999999999 0.3895 0.0816 0.0605
2 0.5487 0.2967 0.0711 0.056600000000000004
2 0.9545999999999999 0.2803 0.0908 0.1184
2 0.348 0.7315999999999999 0.1434 0.1316
2 0.4678 0.7217 0.1197 0.125
2 0.5099 0.8513 0.06709999999999999 0.0553
2 0.24280000000000002 0.9375 0.061799999999999994 0.061799999999999994
2 0.8612000000000001 0.9434 0.075 0.0684
2 0.9309000000000001 0.8822 0.1382 0.1697