2 0.043 0.2725 0.086 0.139
2 0.301 0.136 0.068 0.055999999999999994
2 0.7215 0.0805 0.083 0.063
2 0.1685 0.171 0.061 0.068
2 0.5245000000000001 0.65 0.303 0.318
2 0.3975 0.5355 0.061 0.071
2 0.029500000000000002 0.8765000000000001 0.059000000000000004 0.19899999999999998
2 0.2455 0.7165 0.11900000000000001 0.113
2 0.2555 0.938 0.18899999999999997 0.124
2 0.6275 0.2075 0.147 0.115
2 0.289 0.374 0.28 0.28
2 0.34850000000000003 0.305 0.115 0.11
2 0.218 0.3155 0.10800000000000001 0.109
2 0.24100000000000002 0.434 0.1 0.086
2 0.28 0.516 0.11199999999999999 0.094
2 0.6255 0.3215 0.11699999999999999 0.107
2 0.537 0.266 0.092 0.086
2 0.2455 0.038 0.163 0.076