2 0.043 0.2725 0.086 0.139
2 0.301 0.136 0.06799999999999998 0.05599999999999998
2 0.7215 0.0805 0.08300000000000012 0.063
2 0.1685 0.171 0.06100000000000001 0.06799999999999999
2 0.5245000000000001 0.65 0.30300000000000005 0.31800000000000006
2 0.3975 0.5355 0.06099999999999994 0.07099999999999994
2 0.029500000000000002 0.8765000000000001 0.059000000000000004 0.19900000000000007
2 0.2455 0.7165 0.11899999999999998 0.11300000000000011
2 0.2555 0.938 0.18899999999999997 0.12400000000000005
2 0.6275 0.2075 0.14699999999999996 0.115
2 0.289 0.374 0.28 0.28
2 0.34850000000000003 0.305 0.115 0.11
2 0.218 0.3155 0.10800000000000004 0.10899999999999999
2 0.24100000000000002 0.434 0.1 0.08599999999999994
2 0.28 0.516 0.11200000000000003 0.09400000000000006
2 0.6255 0.3215 0.11699999999999995 0.10700000000000003
2 0.537 0.266 0.09200000000000003 0.08600000000000002
2 0.2455 0.038 0.16300000000000003 0.076