1 0.0059 0.34009999999999996 0.0118 0.08030000000000001
1 0.0125 0.33030000000000004 0.022400000000000003 0.052600000000000015
1 0.047400000000000005 0.3132 0.0342 0.05790000000000003
1 0.09140000000000001 0.3513 0.030300000000000004 0.05790000000000006
1 0.2086 0.4243 0.03289999999999999 0.06450000000000003
1 0.2487 0.3651 0.042100000000000005 0.06969999999999998
1 0.36119999999999997 0.4592 0.043400000000000036 0.06049999999999997
1 0.4138 0.40259999999999996 0.04079999999999998 0.06840000000000003
1 0.07039999999999999 0.4671 0.03819999999999999 0.05530000000000001
1 0.06970000000000001 0.4224 0.036800000000000006 0.03680000000000007
1 0.1691 0.5053 0.038200000000000005 0.06049999999999997
1 0.2645 0.4664 0.034200000000000015 0.0539
1 0.3079 0.45990000000000003 0.04209999999999997 0.059200000000000016
1 0.38159999999999994 0.498 0.03950000000000003 0.06969999999999998
1 0.4105 0.5025999999999999 0.03950000000000003 0.07629999999999995
1 0.3053 0.7428 0.028900000000000006 0.05919999999999988
1 0.2493 0.8190999999999999 0.03030000000000001 0.05919999999999988
1 0.32299999999999995 0.7704000000000001 0.027600000000000017 0.05129999999999996
1 0.3362 0.7354999999999999 0.02760000000000005 0.05
1 0.3757 0.7026 0.02760000000000005 0.057899999999999924
1 0.3895 0.6651 0.026299999999999955 0.043400000000000036
1 0.4191 0.6191 0.03549999999999997 0.06180000000000007
1 0.49079999999999996 0.6940999999999999 0.034200000000000015 0.05129999999999996
1 0.40130000000000005 0.7408 0.026299999999999955 0.05530000000000001
1 0.41119999999999995 0.6881999999999999 0.02760000000000005 0.04469999999999999
1 0.4849 0.6401 0.022399999999999948 0.05919999999999995
1 0.502 0.6395000000000001 0.022399999999999948 0.05259999999999998
1 0.6211 0.6711 0.03680000000000007 0.07629999999999995
1 0.6809000000000001 0.7059000000000001 0.03819999999999993 0.07240000000000009
1 0.3151 0.5763 0.038200000000000005 0.05260000000000005
1 0.0546 0.5664 0.04610000000000001 0.0539
1 0.0638 0.5447 0.03819999999999999 0.04739999999999995
1 0.061799999999999994 0.6809000000000001 0.03949999999999999 0.05919999999999988
1 0.1211 0.6382 0.028900000000000006 0.05790000000000006
1 0.1217 0.5816 0.03289999999999999 0.05790000000000006
1 0.14669999999999997 0.5829 0.030299999999999994 0.05
1 0.1493 0.6579 0.038200000000000005 0.06319999999999994
1 0.19010000000000002 0.6013000000000001 0.03549999999999997 0.07370000000000004
1 0.0125 0.8184 0.025 0.06840000000000003
1 0.011200000000000002 0.7637999999999999 0.022400000000000003 0.06449999999999989
1 0.0421 0.8336 0.0342 0.06180000000000007
1 0.0421 0.7816 0.03950000000000001 0.060500000000000116
1 0.1099 0.7618 0.038200000000000005 0.08419999999999987
1 0.0862 0.8822 0.0434 0.06969999999999998
1 0.0757 0.8368000000000001 0.02759999999999999 0.06840000000000003
1 0.11449999999999999 0.8565999999999999 0.04469999999999999 0.057899999999999924
1 0.0197 0.9434 0.0368 0.06319999999999994
1 0.0092 0.9072 0.0184 0.06180000000000007
1 0.1934 0.7395 0.023699999999999975 0.05530000000000001
1 0.2053 0.752 0.023699999999999975 0.06449999999999989
1 0.2579 0.9737 0.028900000000000006 0.05259999999999991
1 0.327 0.9262999999999999 0.027600000000000017 0.06319999999999994
1 0.35590000000000005 0.8763 0.03290000000000006 0.05
1 0.4322 0.8079000000000001 0.02760000000000005 0.05530000000000001
1 0.4711 0.8012999999999999 0.021099999999999994 0.05259999999999991
1 0.49340000000000006 0.7974 0.026299999999999955 0.057899999999999924
1 0.7605 0.9151 0.023700000000000044 0.05659999999999996
1 0.6138 0.8901 0.02760000000000005 0.05659999999999996
1 0.4941 0.9105 0.01969999999999999 0.05259999999999991
1 0.5 0.8691 0.023700000000000044 0.053899999999999865
1 0.5789 0.95 0.034200000000000015 0.04469999999999999
1 0.335 0.98 0.03 0.04
1 0.3901 0.9651000000000001 0.025 0.06180000000000007
1 0.425 0.98 0.03 0.04