1 0.0059 0.34009999999999996 0.0118 0.0803
1 0.0125 0.33030000000000004 0.022400000000000003 0.0526
1 0.047400000000000005 0.3132 0.0342 0.0579
1 0.09140000000000001 0.3513 0.030299999999999997 0.0579
1 0.2086 0.4243 0.0329 0.0645
1 0.2487 0.3651 0.0421 0.0697
1 0.36119999999999997 0.4592 0.0434 0.0605
1 0.4138 0.40259999999999996 0.0408 0.0684
1 0.0704 0.4671 0.0382 0.0553
1 0.0697 0.4224 0.0368 0.0368
1 0.1691 0.5053 0.0382 0.0605
1 0.2645 0.4664 0.0342 0.053899999999999997
1 0.3079 0.45990000000000003 0.0421 0.0592
1 0.38159999999999994 0.498 0.0395 0.0697
1 0.4105 0.5025999999999999 0.0395 0.07629999999999999
1 0.3053 0.7428 0.028900000000000002 0.0592
1 0.2493 0.8190999999999999 0.030299999999999997 0.0592
1 0.32299999999999995 0.7704000000000001 0.0276 0.0513
1 0.3362 0.7354999999999999 0.0276 0.05
1 0.3757 0.7026 0.0276 0.0579
1 0.3895 0.6651 0.0263 0.0434
1 0.4191 0.6191 0.0355 0.061799999999999994
1 0.49079999999999996 0.6940999999999999 0.0342 0.0513
1 0.40130000000000005 0.7408 0.0263 0.0553
1 0.41119999999999995 0.6881999999999999 0.0276 0.0447
1 0.4849 0.6401 0.022400000000000003 0.0592
1 0.502 0.6395000000000001 0.022400000000000003 0.0526
1 0.6211 0.6711 0.0368 0.07629999999999999
1 0.6809000000000001 0.7059000000000001 0.0382 0.0724
1 0.3151 0.5763 0.0382 0.0526
1 0.0546 0.5664 0.0461 0.053899999999999997
1 0.0638 0.5447 0.0382 0.047400000000000005
1 0.061799999999999994 0.6809000000000001 0.0395 0.0592
1 0.1211 0.6382 0.028900000000000002 0.0579
1 0.1217 0.5816 0.0329 0.0579
1 0.1467 0.5829 0.030299999999999997 0.05
1 0.1493 0.6579 0.0382 0.0632
1 0.19010000000000002 0.6013000000000001 0.0355 0.0737
1 0.0125 0.8184 0.025 0.0684
1 0.011200000000000002 0.7637999999999999 0.022400000000000003 0.0645
1 0.0421 0.8336 0.0342 0.061799999999999994
1 0.0421 0.7816 0.0395 0.0605
1 0.1099 0.7618 0.0382 0.0842
1 0.0862 0.8822 0.0434 0.0697
1 0.0757 0.8368000000000001 0.0276 0.0684
1 0.11449999999999999 0.8565999999999999 0.0447 0.0579
1 0.0197 0.9434 0.0368 0.0632
1 0.0092 0.9072 0.0184 0.061799999999999994
1 0.1934 0.7395 0.023700000000000002 0.0553
1 0.2053 0.752 0.023700000000000002 0.0645
1 0.2579 0.9737 0.028900000000000002 0.0526
1 0.327 0.9262999999999999 0.0276 0.0632
1 0.35590000000000005 0.8763 0.0329 0.05
1 0.4322 0.8079000000000001 0.0276 0.0553
1 0.4711 0.8012999999999999 0.021099999999999997 0.0526
1 0.49340000000000006 0.7974 0.0263 0.0579
1 0.7605 0.9151 0.023700000000000002 0.056600000000000004
1 0.6138 0.8901 0.0276 0.056600000000000004
1 0.4941 0.9105 0.0197 0.0526
1 0.5 0.8691 0.023700000000000002 0.053899999999999997
1 0.5789 0.95 0.0342 0.0447
1 0.3421 0.9836 0.0342 0.0329
1 0.3901 0.9651000000000001 0.025 0.061799999999999994
1 0.42700000000000005 0.9836 0.030299999999999997 0.0329