1 0.005 0.34 0.01 0.08
1 0.01 0.33 0.02 0.055
1 0.045 0.315 0.035 0.06
1 0.09 0.35 0.03 0.06
1 0.21 0.425 0.035 0.065
1 0.25 0.365 0.04 0.07
1 0.36 0.46 0.045 0.06
1 0.415 0.405 0.04 0.07
1 0.07 0.465 0.04 0.055
1 0.07 0.42 0.035 0.035
1 0.17 0.505 0.04 0.06
1 0.265 0.465 0.035 0.055
1 0.31 0.46 0.04 0.06
1 0.38 0.5 0.04 0.07
1 0.41 0.505 0.04 0.075
1 0.305 0.745 0.03 0.06
1 0.25 0.82 0.03 0.06
1 0.325 0.77 0.03 0.05
1 0.335 0.735 0.03 0.05
1 0.375 0.705 0.03 0.06
1 0.39 0.665 0.025 0.045
1 0.42 0.62 0.035 0.06
1 0.49 0.695 0.035 0.05
1 0.4 0.74 0.025 0.055
1 0.41 0.69 0.03 0.045
1 0.485 0.64 0.02 0.06
1 0.5 0.64 0.02 0.055
1 0.62 0.67 0.035 0.075
1 0.68 0.705 0.04 0.07
1 0.315 0.575 0.04 0.055
1 0.055 0.565 0.045 0.055
1 0.065 0.545 0.04 0.045
1 0.06 0.68 0.04 0.06
1 0.12 0.64 0.03 0.06
1 0.12 0.58 0.035 0.06
1 0.145 0.585 0.03 0.05
1 0.15 0.66 0.04 0.065
1 0.19 0.6 0.035 0.075
1 0.01 0.815 0.02 0.07
1 0.01 0.765 0.02 0.065
1 0.04 0.835 0.035 0.06
1 0.04 0.78 0.04 0.06
1 0.11 0.76 0.04 0.085
1 0.085 0.88 0.045 0.07
1 0.075 0.835 0.03 0.07
1 0.115 0.855 0.045 0.06
1 0.02 0.945 0.035 0.065
1 0.01 0.905 0.02 0.06
1 0.195 0.74 0.025 0.055
1 0.205 0.75 0.025 0.065
1 0.255 0.97 0.03 0.06
1 0.325 0.925 0.03 0.065
1 0.355 0.875 0.035 0.05
1 0.43 0.81 0.03 0.055
1 0.47 0.8 0.02 0.055
1 0.495 0.795 0.025 0.06
1 0.76 0.915 0.025 0.055
1 0.615 0.89 0.03 0.055
1 0.495 0.91 0.02 0.055
1 0.5 0.87 0.025 0.055
1 0.58 0.95 0.035 0.045
1 0.335 0.98 0.03 0.04
1 0.39 0.965 0.025 0.06
1 0.425 0.98 0.03 0.04