1 0.342 0.1825 0.038 0.047
1 0.36700000000000005 0.34 0.038 0.042
1 0.287 0.528 0.03 0.054000000000000006
1 0.2455 0.59 0.037000000000000005 0.064
1 0.3095 0.78 0.039 0.057999999999999996
1 0.4445 0.11900000000000001 0.021 0.038
1 0.47700000000000004 0.08449999999999999 0.038 0.047
1 0.53 0.114 0.034 0.048
1 0.5385 0.18100000000000002 0.039 0.046
1 0.5715 0.023 0.033 0.046
1 0.6970000000000001 0.09449999999999999 0.036000000000000004 0.043
1 0.757 0.0555 0.042 0.040999999999999995
1 0.8545 0.102 0.037000000000000005 0.032
1 0.9125 0.1005 0.039 0.040999999999999995
1 0.858 0.1635 0.032 0.040999999999999995
1 0.868 0.21050000000000002 0.024 0.045
1 0.9055 0.2425 0.045 0.045
1 0.9484999999999999 0.2465 0.033 0.035
1 0.768 0.28 0.036000000000000004 0.048
1 0.8035 0.32799999999999996 0.035 0.046
1 0.4415 0.3195 0.025 0.049
1 0.4725 0.3235 0.031 0.047
1 0.6955 0.207 0.023 0.04
1 0.7075 0.172 0.028999999999999998 0.034
1 0.745 0.14800000000000002 0.024 0.048
1 0.748 0.203 0.026000000000000002 0.048
1 0.795 0.13849999999999998 0.018000000000000002 0.037000000000000005
1 0.6825 0.2645 0.021 0.043
1 0.6545000000000001 0.36200000000000004 0.031 0.064
1 0.7 0.3115 0.032 0.039
1 0.684 0.39 0.04 0.068
1 0.639 0.523 0.038 0.054000000000000006
1 0.581 0.5 0.027999999999999997 0.06
1 0.40149999999999997 0.46549999999999997 0.040999999999999995 0.063
1 0.3945 0.525 0.028999999999999998 0.04
1 0.47100000000000003 0.6075 0.024 0.040999999999999995
1 0.49 0.5615 0.032 0.043
1 0.5575 0.6125 0.028999999999999998 0.040999999999999995
1 0.569 0.5920000000000001 0.026000000000000002 0.046
1 0.624 0.72 0.044000000000000004 0.066
1 0.752 0.6445000000000001 0.034 0.051
1 0.8155 0.5185 0.031 0.055
1 0.8565 0.5489999999999999 0.043 0.054000000000000006
1 0.8935 0.5205 0.033 0.055
1 0.9235 0.4305 0.040999999999999995 0.055
1 0.968 0.4205 0.034 0.055
1 0.96 0.5585 0.032 0.047
1 0.9834999999999999 0.5395 0.027000000000000003 0.055
1 0.9804999999999999 0.61 0.039 0.052000000000000005
1 0.856 0.6385000000000001 0.034 0.053
1 0.831 0.7020000000000001 0.036000000000000004 0.046
1 0.8334999999999999 0.7559999999999999 0.035 0.042
1 0.8740000000000001 0.733 0.034 0.05
1 0.9734999999999999 0.703 0.043 0.048
1 0.9309999999999999 0.6659999999999999 0.044000000000000004 0.066
1 0.937 0.7785 0.04 0.047
1 0.977 0.77 0.036000000000000004 0.044000000000000004
1 0.946 0.7509999999999999 0.032 0.042
1 0.35 0.7334999999999999 0.042 0.043
1 0.3765 0.6625 0.028999999999999998 0.043
1 0.3935 0.5785 0.025 0.039
1 0.40299999999999997 0.6 0.022000000000000002 0.036000000000000004
1 0.4255 0.5954999999999999 0.028999999999999998 0.049
1 0.434 0.6455 0.038 0.043
1 0.457 0.6609999999999999 0.03 0.044000000000000004
1 0.47700000000000004 0.6859999999999999 0.034 0.062
1 0.496 0.6315 0.03 0.049
1 0.361 0.7875 0.034 0.047
1 0.3825 0.804 0.037000000000000005 0.036000000000000004
1 0.40049999999999997 0.78 0.028999999999999998 0.042
1 0.4235 0.7575 0.035 0.040999999999999995
1 0.36950000000000005 0.865 0.037000000000000005 0.042
1 0.39899999999999997 0.8345 0.034 0.045
1 0.43799999999999994 0.8504999999999999 0.034 0.047
1 0.3605 0.9405 0.031 0.040999999999999995
1 0.409 0.945 0.027999999999999997 0.038
1 0.439 0.938 0.034 0.044000000000000004
1 0.6045 0.98 0.040999999999999995 0.04
1 0.6625 0.88 0.023 0.048
1 0.7609999999999999 0.9754999999999999 0.04 0.040999999999999995
1 0.8035 0.9825 0.035 0.033
1 0.7434999999999999 0.868 0.023 0.048
1 0.769 0.867 0.038 0.057999999999999996
1 0.7905 0.9045000000000001 0.023 0.043
1 0.8270000000000001 0.9015000000000001 0.026000000000000002 0.049
1 0.8445 0.858 0.023 0.024
1 0.8654999999999999 0.8465 0.023 0.027000000000000003
1 0.8845000000000001 0.8645 0.023 0.040999999999999995
1 0.912 0.935 0.03 0.034
1 0.915 0.8959999999999999 0.036000000000000004 0.042
1 0.9135 0.878 0.031 0.034