1 0.34 0.18 0.04 0.045
1 0.365 0.34 0.04 0.04
1 0.285 0.53 0.03 0.055
1 0.245 0.59 0.035 0.065
1 0.31 0.78 0.04 0.06
1 0.445 0.12 0.02 0.04
1 0.475 0.085 0.04 0.045
1 0.53 0.115 0.035 0.05
1 0.54 0.18 0.04 0.045
1 0.57 0.025 0.035 0.045
1 0.695 0.095 0.035 0.045
1 0.755 0.055 0.04 0.04
1 0.855 0.1 0.035 0.03
1 0.91 0.1 0.04 0.04
1 0.86 0.165 0.03 0.04
1 0.87 0.21 0.025 0.045
1 0.905 0.24 0.045 0.045
1 0.95 0.245 0.035 0.035
1 0.77 0.28 0.035 0.05
1 0.805 0.33 0.035 0.045
1 0.44 0.32 0.025 0.05
1 0.47 0.325 0.03 0.045
1 0.695 0.205 0.025 0.04
1 0.71 0.17 0.03 0.035
1 0.745 0.15 0.025 0.05
1 0.75 0.205 0.025 0.05
1 0.795 0.14 0.02 0.035
1 0.68 0.265 0.02 0.045
1 0.655 0.36 0.03 0.065
1 0.7 0.31 0.03 0.04
1 0.685 0.39 0.04 0.07
1 0.64 0.525 0.04 0.055
1 0.58 0.5 0.03 0.06
1 0.4 0.465 0.04 0.065
1 0.395 0.525 0.03 0.04
1 0.47 0.61 0.025 0.04
1 0.49 0.56 0.03 0.045
1 0.56 0.61 0.03 0.04
1 0.57 0.59 0.025 0.045
1 0.625 0.72 0.045 0.065
1 0.75 0.645 0.035 0.05
1 0.815 0.52 0.03 0.055
1 0.855 0.55 0.045 0.055
1 0.895 0.52 0.035 0.055
1 0.925 0.43 0.04 0.055
1 0.97 0.42 0.035 0.055
1 0.96 0.56 0.03 0.045
1 0.985 0.54 0.025 0.055
1 0.98 0.61 0.04 0.05
1 0.855 0.64 0.035 0.055
1 0.83 0.7 0.035 0.045
1 0.835 0.755 0.035 0.04
1 0.875 0.735 0.035 0.05
1 0.975 0.705 0.045 0.05
1 0.93 0.665 0.045 0.065
1 0.935 0.78 0.04 0.045
1 0.975 0.77 0.035 0.045
1 0.945 0.75 0.03 0.04
1 0.35 0.735 0.04 0.045
1 0.375 0.66 0.03 0.045
1 0.395 0.58 0.025 0.04
1 0.405 0.6 0.02 0.035
1 0.425 0.595 0.03 0.05
1 0.435 0.645 0.04 0.045
1 0.455 0.66 0.03 0.045
1 0.475 0.685 0.035 0.06
1 0.495 0.63 0.03 0.05
1 0.36 0.79 0.035 0.045
1 0.38 0.805 0.035 0.035
1 0.4 0.78 0.03 0.04
1 0.425 0.76 0.035 0.04
1 0.37 0.865 0.035 0.04
1 0.4 0.835 0.035 0.045
1 0.44 0.85 0.035 0.045
1 0.36 0.94 0.03 0.04
1 0.41 0.945 0.03 0.04
1 0.44 0.94 0.035 0.045
1 0.605 0.98 0.04 0.04
1 0.66 0.88 0.025 0.05
1 0.76 0.975 0.04 0.04
1 0.805 0.98 0.035 0.035
1 0.745 0.87 0.025 0.05
1 0.77 0.865 0.04 0.06
1 0.79 0.905 0.025 0.045
1 0.825 0.9 0.025 0.05
1 0.845 0.86 0.025 0.025
1 0.865 0.845 0.025 0.025
1 0.885 0.865 0.025 0.04
1 0.91 0.935 0.03 0.035
1 0.915 0.895 0.035 0.04
1 0.915 0.88 0.03 0.035