1 0.342 0.1825 0.03799999999999997 0.047000000000000014
1 0.36700000000000005 0.34 0.03799999999999997 0.04200000000000003
1 0.287 0.528 0.03 0.054000000000000055
1 0.2455 0.59 0.037000000000000026 0.06400000000000006
1 0.3095 0.78 0.038999999999999986 0.058000000000000114
1 0.4445 0.11900000000000001 0.020999999999999942 0.038000000000000006
1 0.47700000000000004 0.08449999999999999 0.03799999999999997 0.04699999999999999
1 0.53 0.114 0.03400000000000006 0.04800000000000001
1 0.5385 0.18100000000000002 0.039000000000000055 0.04600000000000001
1 0.5715 0.023 0.032999999999999974 0.046
1 0.6970000000000001 0.09449999999999999 0.03599999999999994 0.04300000000000001
1 0.757 0.0555 0.041999999999999885 0.040999999999999995
1 0.8545 0.102 0.03699999999999989 0.031999999999999994
1 0.9125 0.1005 0.039000000000000055 0.041000000000000016
1 0.858 0.1635 0.03199999999999989 0.041000000000000016
1 0.868 0.21050000000000002 0.024000000000000056 0.045
1 0.9055 0.2425 0.045 0.045
1 0.9484999999999999 0.2465 0.03300000000000011 0.035
1 0.768 0.28 0.03599999999999994 0.04799999999999997
1 0.8035 0.32799999999999996 0.035 0.04599999999999998
1 0.4415 0.3195 0.025 0.04899999999999999
1 0.4725 0.3235 0.030999999999999944 0.04700000000000003
1 0.6955 0.207 0.023000000000000114 0.04
1 0.7075 0.172 0.029000000000000057 0.03399999999999999
1 0.745 0.14800000000000002 0.024000000000000056 0.04799999999999999
1 0.748 0.203 0.025999999999999943 0.04799999999999997
1 0.795 0.13849999999999998 0.018000000000000113 0.03699999999999999
1 0.6825 0.2645 0.020999999999999942 0.04299999999999997
1 0.6545000000000001 0.36200000000000004 0.030999999999999944 0.06400000000000006
1 0.7 0.3115 0.03199999999999989 0.03900000000000002
1 0.684 0.39 0.04 0.06799999999999998
1 0.639 0.523 0.03799999999999997 0.054000000000000055
1 0.581 0.5 0.027999999999999973 0.06
1 0.40149999999999997 0.46549999999999997 0.040999999999999946 0.06299999999999997
1 0.3945 0.525 0.029000000000000057 0.04
1 0.47100000000000003 0.6075 0.024000000000000056 0.040999999999999946
1 0.49 0.5615 0.03200000000000003 0.04299999999999997
1 0.5575 0.6125 0.029000000000000057 0.040999999999999946
1 0.569 0.5920000000000001 0.025999999999999943 0.045999999999999944
1 0.6239999999999999 0.72 0.043999999999999984 0.06599999999999995
1 0.752 0.6445000000000001 0.03400000000000006 0.05099999999999994
1 0.8155 0.5185 0.030999999999999944 0.055
1 0.8565 0.5489999999999999 0.043000000000000115 0.054000000000000055
1 0.8935 0.5205 0.03300000000000011 0.055
1 0.9235 0.4305 0.040999999999999946 0.055
1 0.968 0.4205 0.03400000000000006 0.055
1 0.96 0.5585 0.03199999999999989 0.04700000000000003
1 0.9834999999999999 0.5395 0.026999999999999885 0.055
1 0.9804999999999999 0.61 0.039000000000000055 0.052000000000000025
1 0.856 0.6385000000000001 0.03400000000000006 0.05299999999999997
1 0.831 0.7020000000000001 0.03599999999999994 0.045999999999999944
1 0.8334999999999999 0.7559999999999999 0.035 0.041999999999999885
1 0.8740000000000001 0.733 0.03400000000000006 0.05
1 0.9734999999999999 0.703 0.043000000000000115 0.04800000000000011
1 0.9309999999999999 0.6659999999999999 0.04400000000000006 0.06599999999999995
1 0.937 0.7785 0.04 0.04699999999999989
1 0.977 0.77 0.03599999999999994 0.04400000000000006
1 0.946 0.7509999999999999 0.03199999999999989 0.041999999999999885
1 0.35 0.7334999999999999 0.04200000000000003 0.043000000000000115
1 0.3765 0.6625 0.029000000000000057 0.043000000000000115
1 0.3935 0.5785 0.025 0.039000000000000055
1 0.40299999999999997 0.6 0.02200000000000003 0.03599999999999994
1 0.4255 0.5954999999999999 0.029000000000000057 0.04900000000000006
1 0.434 0.6455 0.03799999999999997 0.043000000000000045
1 0.457 0.6609999999999999 0.03 0.04400000000000006
1 0.47700000000000004 0.6859999999999999 0.03400000000000006 0.06199999999999989
1 0.496 0.6315 0.03 0.04899999999999999
1 0.361 0.7875 0.03400000000000006 0.04699999999999989
1 0.3825 0.804 0.037000000000000026 0.03599999999999994
1 0.40049999999999997 0.78 0.029000000000000057 0.041999999999999885
1 0.4235 0.7575 0.035 0.040999999999999946
1 0.36950000000000005 0.865 0.037000000000000026 0.041999999999999885
1 0.39899999999999997 0.8345 0.03400000000000006 0.045
1 0.43799999999999994 0.8504999999999999 0.03400000000000006 0.04699999999999989
1 0.3605 0.9405 0.030999999999999944 0.040999999999999946
1 0.409 0.945 0.027999999999999973 0.03800000000000012
1 0.439 0.938 0.03400000000000006 0.04400000000000006
1 0.6045 0.98 0.040999999999999946 0.04
1 0.6625 0.88 0.023000000000000114 0.04800000000000011
1 0.7609999999999999 0.9754999999999999 0.04 0.040999999999999946
1 0.8035 0.9825 0.035 0.03300000000000011
1 0.7434999999999999 0.868 0.023000000000000114 0.04800000000000011
1 0.769 0.867 0.03800000000000012 0.058000000000000114
1 0.7905 0.9045000000000001 0.023000000000000114 0.043000000000000115
1 0.8270000000000001 0.9015000000000001 0.025999999999999943 0.04900000000000006
1 0.8445 0.858 0.023000000000000114 0.024000000000000056
1 0.8654999999999999 0.8465 0.023000000000000114 0.026999999999999885
1 0.8845000000000001 0.8645 0.023000000000000114 0.040999999999999946
1 0.912 0.935 0.03 0.03400000000000006
1 0.915 0.8959999999999999 0.03599999999999994 0.041999999999999885
1 0.9135 0.878 0.030999999999999944 0.03400000000000006