1 0.7447 0.0579 0.0395 0.0684
1 0.7401000000000001 0.1204 0.030299999999999997 0.061799999999999994
1 0.7928000000000001 0.0658 0.0329 0.0658
1 0.8086 0.2671 0.0355 0.0711
1 0.727 0.25920000000000004 0.0355 0.0579
1 0.6507 0.2849 0.030299999999999997 0.053899999999999997
1 0.8868 0.45 0.0316 0.0579
1 0.9375 0.39740000000000003 0.0276 0.05
1 0.9342 0.3467 0.0263 0.053899999999999997
1 0.9586 0.37170000000000003 0.0382 0.053899999999999997
1 0.927 0.523 0.025 0.0776
1 0.927 0.4711 0.0329 0.047400000000000005
1 0.9566 0.5033 0.0553 0.0513
1 0.9671 0.5467 0.0316 0.075
1 0.0816 0.1355 0.0368 0.0553
1 0.1257 0.1434 0.0355 0.0553
1 0.1197 0.09609999999999999 0.0342 0.05
1 0.1783 0.0803 0.0329 0.0526
1 0.2336 0.0322 0.030299999999999997 0.0487
1 0.1434 0.1796 0.023700000000000002 0.056600000000000004
1 0.1743 0.19870000000000002 0.0329 0.0447
1 0.0138 0.4092 0.0276 0.0526
1 0.0467 0.4493 0.0382 0.056600000000000004
1 0.0776 0.3987 0.0316 0.0421
1 0.0658 0.3803 0.021099999999999997 0.0421
1 0.10529999999999999 0.34340000000000004 0.023700000000000002 0.0395
1 0.1263 0.3309 0.023700000000000002 0.0355
1 0.1895 0.2789 0.028900000000000002 0.047400000000000005
1 0.1895 0.2434 0.028900000000000002 0.047400000000000005
1 0.2349 0.2704 0.0355 0.0355
1 0.2625 0.2697 0.022400000000000003 0.0447
1 0.302 0.24609999999999999 0.030299999999999997 0.05
1 0.21780000000000002 0.1158 0.030299999999999997 0.047400000000000005
1 0.2493 0.15990000000000001 0.030299999999999997 0.053899999999999997
1 0.2882 0.1625 0.0316 0.0513
1 0.2974 0.0901 0.0316 0.053899999999999997
1 0.2993 0.0184 0.030299999999999997 0.0368
1 0.33549999999999996 0.0072 0.0184 0.014499999999999999
1 0.3375 0.0947 0.0197 0.047400000000000005
1 0.3586 0.13419999999999999 0.022400000000000003 0.0526
1 0.37829999999999997 0.09539999999999998 0.0276 0.0434
1 0.4092 0.06509999999999999 0.021099999999999997 0.0434
1 0.4164 0.0191 0.022400000000000003 0.0355
1 0.4322 0.0138 0.0197 0.0276
1 0.45 0.0487 0.0263 0.05
1 0.33490000000000003 0.2224 0.025 0.047400000000000005
1 0.35590000000000005 0.2401 0.022400000000000003 0.053899999999999997
1 0.3618 0.198 0.023700000000000002 0.0461
1 0.41450000000000004 0.24539999999999998 0.0342 0.061799999999999994
1 0.40659999999999996 0.19870000000000002 0.0184 0.0368
1 0.4454 0.2664 0.025 0.0434
1 0.4645 0.2487 0.028900000000000002 0.0447
1 0.4533 0.2296 0.030299999999999997 0.0434
1 0.46840000000000004 0.1993 0.0342 0.0434
1 0.39799999999999996 0.1757 0.0382 0.0329
1 0.42829999999999996 0.17629999999999998 0.025 0.047400000000000005
1 0.4928 0.19079999999999997 0.030299999999999997 0.0526
1 0.5414 0.15789999999999998 0.025 0.0553
1 0.5625 0.10859999999999999 0.025 0.061799999999999994
1 0.5204 0.25129999999999997 0.0355 0.05
1 0.5507 0.22760000000000002 0.0329 0.05
1 0.5921 0.22699999999999998 0.023700000000000002 0.056600000000000004
1 0.5586 0.1789 0.0276 0.0605
1 0.6007 0.1704 0.0276 0.0513
1 0.6204 0.1441 0.0355 0.0434
1 0.1066 0.3072 0.028900000000000002 0.0408
1 0.0809 0.4618 0.0355 0.0395
1 0.0947 0.4164 0.0263 0.0355
1 0.8270000000000001 0.7020000000000001 0.0329 0.056600000000000004
1 0.8487 0.7717 0.0421 0.0803
1 0.7237 0.4914 0.0316 0.06709999999999999
1 0.3237 0.4336 0.0342 0.0487
1 0.3276 0.3882 0.028900000000000002 0.0553
1 0.3553 0.40259999999999996 0.0342 0.0526
1 0.3836 0.36840000000000006 0.025 0.0553
1 0.4138 0.37829999999999997 0.0276 0.0513
1 0.4092 0.3342 0.0342 0.0447
1 0.4711 0.3105 0.0316 0.0579
1 0.3276 0.3072 0.0263 0.053899999999999997
1 0.4039 0.4487 0.023700000000000002 0.0421
1 0.44799999999999995 0.4763 0.0355 0.0447
1 0.48219999999999996 0.4664 0.0329 0.0461
1 0.473 0.43420000000000003 0.022400000000000003 0.0447
1 0.4954 0.4322 0.0197 0.0461
1 0.5796 0.5257000000000001 0.030299999999999997 0.061799999999999994
1 0.1408 0.377 0.021099999999999997 0.0382
1 0.0993 0.5421 0.030299999999999997 0.05
1 0.1184 0.49670000000000003 0.0263 0.0382
1 0.15789999999999998 0.5007 0.0395 0.061799999999999994
1 0.14279999999999998 0.44409999999999994 0.025 0.0487
1 0.175 0.45130000000000003 0.0263 0.0553
1 0.1671 0.4033 0.0263 0.0461
1 0.1809 0.39409999999999995 0.022400000000000003 0.0461
1 0.2164 0.3454 0.030299999999999997 0.0487
1 0.0349 0.5611999999999999 0.022400000000000003 0.056600000000000004
1 0.0599 0.6184000000000001 0.030299999999999997 0.0553
1 0.11710000000000001 0.5710999999999999 0.028900000000000002 0.0658
1 0.1079 0.6822 0.0368 0.061799999999999994
1 0.1105 0.6446999999999999 0.047400000000000005 0.0447
1 0.1553 0.5934 0.0263 0.0526
1 0.21050000000000002 0.6158 0.0263 0.0579
1 0.2059 0.5704 0.0382 0.056600000000000004
1 0.1875 0.5329 0.025 0.05
1 0.2309 0.5658 0.022400000000000003 0.05
1 0.2336 0.5316 0.022400000000000003 0.0421
1 0.2697 0.4401 0.0368 0.0513
1 0.2645 0.5539000000000001 0.021099999999999997 0.047400000000000005
1 0.3197 0.4921 0.0342 0.0447
1 0.18030000000000002 0.6743000000000001 0.028900000000000002 0.0355
1 0.2243 0.6257 0.022400000000000003 0.0434
1 0.1421 0.6987000000000001 0.0263 0.0579
1 0.1757 0.7414000000000001 0.022400000000000003 0.0487
1 0.2211 0.7414000000000001 0.0316 0.053899999999999997
1 0.2401 0.6987000000000001 0.0329 0.05
1 0.2349 0.7803 0.025 0.0526
1 0.2559 0.7329000000000001 0.0197 0.0605
1 0.30920000000000003 0.7309 0.028900000000000002 0.053899999999999997
1 0.3342 0.6684 0.0184 0.047400000000000005
1 0.3691 0.5611999999999999 0.0276 0.0882
1 0.4086 0.5855 0.053899999999999997 0.0605
1 0.45130000000000003 0.6446999999999999 0.0368 0.05
1 0.4717 0.5974 0.0329 0.0789
1 0.4007 0.6586 0.0487 0.0513
1 0.022400000000000003 0.8401000000000001 0.0342 0.053899999999999997
1 0.0086 0.9815999999999999 0.0171 0.0368
1 0.0217 0.9408 0.025 0.0447
1 0.1013 0.7979999999999999 0.023700000000000002 0.0434
1 0.1368 0.8151 0.0342 0.0592
1 0.1592 0.7631999999999999 0.028900000000000002 0.0526
1 0.1013 0.9795999999999999 0.0605 0.0408
1 0.1151 0.9368000000000001 0.0434 0.05
1 0.1684 0.8776 0.0342 0.0421
1 0.20329999999999998 0.9809 0.053899999999999997 0.0382
1 0.2579 0.9737 0.0316 0.0526
1 0.22699999999999998 0.9112 0.0329 0.0697
1 0.2803 0.8441 0.0421 0.1197
1 0.3513 0.8447 0.0447 0.0421
1 0.375 0.8012999999999999 0.023700000000000002 0.047400000000000005
1 0.4243 0.8131999999999999 0.0355 0.0737
1 0.3507 0.9829000000000001 0.022400000000000003 0.0342
1 0.4105 0.9368000000000001 0.028900000000000002 0.0526
1 0.4263 0.8974 0.028900000000000002 0.047400000000000005
1 0.3197 0.9836 0.028900000000000002 0.0329
1 0.32170000000000004 0.9309000000000001 0.0355 0.0513
1 0.4276 0.9862000000000001 0.0447 0.0276
1 0.47240000000000004 0.7704000000000001 0.028900000000000002 0.0513
1 0.4763 0.7382 0.0316 0.0605
1 0.5454 0.6928 0.0355 0.053899999999999997
1 0.5572 0.6539 0.0382 0.047400000000000005
1 0.5671 0.6158 0.0184 0.0605
1 0.5954 0.7053 0.0408 0.0579
1 0.6257 0.8388 0.0487 0.075
1 0.6645 0.9289000000000001 0.028900000000000002 0.0579
1 0.6664 0.8875 0.0382 0.061799999999999994
1 0.6605 0.8276 0.0316 0.0684
1 0.7012999999999999 0.8033 0.0316 0.061799999999999994
1 0.5033 0.9184 0.022400000000000003 0.0605
1 0.5513 0.8789 0.0342 0.0526
1 0.4658 0.8572 0.021099999999999997 0.0987
1 0.6303 0.9296 0.0263 0.0855
1 0.6789000000000001 0.9605 0.028900000000000002 0.0632