1 0.745 0.06 0.04 0.07
1 0.74 0.12 0.03 0.06
1 0.795 0.065 0.035 0.065
1 0.81 0.265 0.035 0.07
1 0.725 0.26 0.035 0.06
1 0.65 0.285 0.03 0.055
1 0.885 0.45 0.03 0.06
1 0.94 0.395 0.03 0.05
1 0.935 0.345 0.025 0.055
1 0.96 0.37 0.04 0.055
1 0.925 0.525 0.025 0.08
1 0.925 0.47 0.035 0.045
1 0.955 0.505 0.055 0.05
1 0.965 0.545 0.03 0.075
1 0.08 0.135 0.035 0.055
1 0.125 0.145 0.035 0.055
1 0.12 0.095 0.035 0.05
1 0.18 0.08 0.035 0.055
1 0.235 0.03 0.03 0.05
1 0.145 0.18 0.025 0.055
1 0.175 0.2 0.035 0.045
1 0.015 0.41 0.03 0.055
1 0.045 0.45 0.04 0.055
1 0.08 0.4 0.03 0.04
1 0.065 0.38 0.02 0.04
1 0.105 0.345 0.025 0.04
1 0.125 0.33 0.025 0.035
1 0.19 0.28 0.03 0.045
1 0.19 0.245 0.03 0.045
1 0.235 0.27 0.035 0.035
1 0.26 0.27 0.02 0.045
1 0.3 0.245 0.03 0.05
1 0.22 0.115 0.03 0.045
1 0.25 0.16 0.03 0.055
1 0.29 0.16 0.03 0.05
1 0.295 0.09 0.03 0.055
1 0.3 0.02 0.03 0.035
1 0.33 0.005 0.02 0.01
1 0.34 0.095 0.02 0.045
1 0.36 0.135 0.02 0.055
1 0.38 0.095 0.03 0.045
1 0.41 0.065 0.02 0.045
1 0.415 0.02 0.02 0.035
1 0.43 0.015 0.02 0.03
1 0.45 0.05 0.025 0.05
1 0.335 0.22 0.025 0.045
1 0.355 0.24 0.02 0.055
1 0.36 0.2 0.025 0.045
1 0.415 0.245 0.035 0.06
1 0.405 0.2 0.02 0.035
1 0.445 0.265 0.025 0.045
1 0.465 0.25 0.03 0.045
1 0.455 0.23 0.03 0.045
1 0.47 0.2 0.035 0.045
1 0.4 0.175 0.04 0.035
1 0.43 0.175 0.025 0.045
1 0.495 0.19 0.03 0.055
1 0.54 0.16 0.025 0.055
1 0.56 0.11 0.025 0.06
1 0.52 0.25 0.035 0.05
1 0.55 0.23 0.035 0.05
1 0.59 0.225 0.025 0.055
1 0.56 0.18 0.03 0.06
1 0.6 0.17 0.03 0.05
1 0.62 0.145 0.035 0.045
1 0.105 0.305 0.03 0.04
1 0.08 0.46 0.035 0.04
1 0.095 0.415 0.025 0.035
1 0.825 0.7 0.035 0.055
1 0.85 0.77 0.04 0.08
1 0.725 0.49 0.03 0.065
1 0.325 0.435 0.035 0.05
1 0.33 0.39 0.03 0.055
1 0.355 0.405 0.035 0.055
1 0.385 0.37 0.025 0.055
1 0.415 0.38 0.03 0.05
1 0.41 0.335 0.035 0.045
1 0.47 0.31 0.03 0.06
1 0.33 0.305 0.025 0.055
1 0.405 0.45 0.025 0.04
1 0.45 0.475 0.035 0.045
1 0.48 0.465 0.035 0.045
1 0.475 0.435 0.02 0.045
1 0.495 0.43 0.02 0.045
1 0.58 0.525 0.03 0.06
1 0.14 0.375 0.02 0.04
1 0.1 0.54 0.03 0.05
1 0.12 0.495 0.025 0.04
1 0.16 0.5 0.04 0.06
1 0.145 0.445 0.025 0.05
1 0.175 0.45 0.025 0.055
1 0.165 0.405 0.025 0.045
1 0.18 0.395 0.02 0.045
1 0.215 0.345 0.03 0.05
1 0.035 0.56 0.02 0.055
1 0.06 0.62 0.03 0.055
1 0.115 0.57 0.03 0.065
1 0.11 0.68 0.035 0.06
1 0.11 0.645 0.045 0.045
1 0.155 0.595 0.025 0.055
1 0.21 0.615 0.025 0.06
1 0.205 0.57 0.04 0.055
1 0.19 0.535 0.025 0.05
1 0.23 0.565 0.02 0.05
1 0.235 0.53 0.02 0.04
1 0.27 0.44 0.035 0.05
1 0.265 0.555 0.02 0.045
1 0.32 0.49 0.035 0.045
1 0.18 0.675 0.03 0.035
1 0.225 0.625 0.02 0.045
1 0.14 0.7 0.025 0.06
1 0.175 0.74 0.02 0.05
1 0.22 0.74 0.03 0.055
1 0.24 0.7 0.035 0.05
1 0.235 0.78 0.025 0.055
1 0.255 0.735 0.02 0.06
1 0.31 0.73 0.03 0.055
1 0.335 0.67 0.02 0.045
1 0.37 0.56 0.03 0.09
1 0.41 0.585 0.055 0.06
1 0.45 0.645 0.035 0.05
1 0.47 0.595 0.035 0.08
1 0.4 0.66 0.05 0.05
1 0.02 0.84 0.035 0.055
1 0.01 0.98 0.015 0.035
1 0.02 0.94 0.025 0.045
1 0.1 0.8 0.025 0.045
1 0.135 0.815 0.035 0.06
1 0.16 0.765 0.03 0.055
1 0.1 0.98 0.06 0.04
1 0.115 0.935 0.045 0.05
1 0.17 0.88 0.035 0.04
1 0.205 0.98 0.055 0.04
1 0.255 0.97 0.03 0.06
1 0.225 0.91 0.035 0.07
1 0.28 0.845 0.04 0.12
1 0.35 0.845 0.045 0.04
1 0.375 0.8 0.025 0.045
1 0.425 0.815 0.035 0.075
1 0.35 0.98 0.02 0.04
1 0.41 0.935 0.03 0.055
1 0.425 0.895 0.03 0.045
1 0.315 0.98 0.03 0.04
1 0.32 0.93 0.035 0.05
1 0.43 0.985 0.045 0.03
1 0.47 0.77 0.03 0.05
1 0.475 0.74 0.03 0.06
1 0.545 0.695 0.035 0.055
1 0.555 0.655 0.04 0.045
1 0.565 0.615 0.02 0.06
1 0.595 0.705 0.04 0.06
1 0.625 0.84 0.05 0.075
1 0.665 0.93 0.03 0.06
1 0.665 0.89 0.04 0.06
1 0.66 0.83 0.03 0.07
1 0.7 0.805 0.03 0.06
1 0.505 0.92 0.02 0.06
1 0.55 0.88 0.035 0.055
1 0.465 0.855 0.02 0.1
1 0.63 0.93 0.025 0.085
1 0.68 0.96 0.03 0.065