1 0.69 0.13 0.045 0.05
1 0.565 0.03 0.04 0.05
1 0.605 0.01 0.035 0.02
1 0.395 0.025 0.03 0.045
1 0.34 0.055 0.03 0.04
1 0.355 0.015 0.025 0.03
1 0.32 0.13 0.025 0.04
1 0.37 0.095 0.03 0.05
1 0.415 0.1 0.025 0.04
1 0.465 0.195 0.03 0.06
1 0.485 0.14 0.035 0.045
1 0.43 0.125 0.03 0.065
1 0.43 0.195 0.025 0.06
1 0.52 0.29 0.04 0.05
1 0.52 0.365 0.03 0.05
1 0.545 0.415 0.035 0.055
1 0.46 0.455 0.025 0.055
1 0.295 0.47 0.04 0.055
1 0.32 0.315 0.035 0.06
1 0.245 0.32 0.035 0.055
1 0.2 0.26 0.035 0.045
1 0.24 0.255 0.025 0.045
1 0.29 0.215 0.025 0.05
1 0.215 0.17 0.035 0.045
1 0.22 0.08 0.025 0.04
1 0.255 0.14 0.04 0.055
1 0.175 0.065 0.035 0.05
1 0.155 0.195 0.03 0.06
1 0.115 0.095 0.035 0.045
1 0.37 0.295 0.025 0.04
1 0.38 0.345 0.035 0.045
1 0.43 0.385 0.035 0.04
1 0.42 0.345 0.025 0.04
1 0.44 0.57 0.035 0.05
1 0.36 0.62 0.035 0.05
1 0.46 0.675 0.035 0.05
1 0.495 0.745 0.025 0.05
1 0.545 0.73 0.045 0.065
1 0.635 0.545 0.025 0.035
1 0.66 0.51 0.045 0.045
1 0.675 0.58 0.035 0.05
1 0.655 0.675 0.03 0.04
1 0.67 0.715 0.035 0.04
1 0.625 0.34 0.025 0.045
1 0.68 0.305 0.025 0.045
1 0.69 0.365 0.025 0.045
1 0.72 0.355 0.035 0.07
1 0.73 0.485 0.03 0.03
1 0.795 0.495 0.04 0.04
1 0.82 0.515 0.03 0.04
1 0.88 0.56 0.035 0.04
1 0.905 0.54 0.05 0.07
1 0.81 0.46 0.03 0.04
1 0.825 0.405 0.03 0.04
1 0.925 0.38 0.025 0.04
1 0.975 0.25 0.035 0.035
1 0.97 0.355 0.035 0.04
1 0.94 0.235 0.03 0.035
1 0.85 0.29 0.045 0.04
1 0.74 0.285 0.035 0.035
1 0.775 0.23 0.025 0.035
1 0.82 0.215 0.03 0.045
1 0.775 0.155 0.025 0.035
1 0.79 0.12 0.03 0.025
1 0.79 0.19 0.03 0.035
1 0.815 0.15 0.035 0.04
1 0.87 0.14 0.03 0.04
1 0.87 0.205 0.035 0.045
1 0.91 0.16 0.035 0.045
1 0.93 0.02 0.04 0.03
1 0.945 0.06 0.04 0.045
1 0.985 0.085 0.025 0.04
1 0.39 0.805 0.035 0.055
1 0.37 0.92 0.04 0.08
1 0.315 0.935 0.035 0.075
1 0.47 0.88 0.04 0.045
1 0.51 0.96 0.045 0.06
1 0.56 0.9 0.03 0.03
1 0.565 0.86 0.03 0.035
1 0.58 0.925 0.03 0.04
1 0.615 0.93 0.03 0.04
1 0.63 0.8 0.04 0.045
1 0.7 0.805 0.05 0.05
1 0.745 0.75 0.035 0.045
1 0.78 0.71 0.035 0.04
1 0.73 0.685 0.035 0.04
1 0.925 0.665 0.03 0.055
1 0.875 0.73 0.045 0.06
1 0.83 0.79 0.035 0.05
1 0.76 0.8 0.035 0.05
1 0.745 0.86 0.04 0.07
1 0.74 0.925 0.035 0.035
1 0.705 0.975 0.05 0.05
1 0.875 0.94 0.04 0.055
1 0.815 0.875 0.04 0.06
1 0.825 0.84 0.035 0.045
1 0.975 0.855 0.04 0.05
1 0.985 0.81 0.025 0.035