1 0.6905 0.1295 0.043000000000000115 0.05100000000000002
1 0.5635 0.031 0.040999999999999946 0.048
1 0.606 0.0105 0.03599999999999994 0.021
1 0.39299999999999996 0.023 0.027999999999999973 0.046
1 0.33899999999999997 0.0565 0.027999999999999973 0.040999999999999995
1 0.353 0.0155 0.025999999999999943 0.031
1 0.322 0.131 0.025999999999999978 0.04
1 0.368 0.09300000000000001 0.03200000000000003 0.05
1 0.414 0.10099999999999999 0.024000000000000056 0.041999999999999996
1 0.4645 0.1935 0.029000000000000057 0.06100000000000001
1 0.486 0.13949999999999999 0.03400000000000006 0.047000000000000014
1 0.4325 0.1235 0.030999999999999944 0.063
1 0.431 0.1935 0.024000000000000056 0.05899999999999998
1 0.52 0.28850000000000003 0.04 0.05100000000000002
1 0.518 0.3665 0.03 0.05099999999999994
1 0.5445 0.4155 0.035 0.05299999999999997
1 0.4595 0.457 0.025 0.055999999999999946
1 0.29350000000000004 0.4725 0.041000000000000016 0.05299999999999997
1 0.3215 0.3155 0.032999999999999974 0.06100000000000001
1 0.24350000000000002 0.3175 0.035 0.05299999999999997
1 0.19949999999999998 0.2575 0.032999999999999974 0.045
1 0.242 0.257 0.026000000000000013 0.043999999999999984
1 0.2905 0.215 0.027000000000000027 0.04799999999999997
1 0.213 0.171 0.03399999999999999 0.043999999999999984
1 0.221 0.0825 0.026000000000000013 0.03899999999999999
1 0.257 0.1375 0.03799999999999997 0.055
1 0.1765 0.064 0.035 0.04800000000000001
1 0.153 0.196 0.03200000000000001 0.05799999999999997
1 0.11349999999999999 0.096 0.03300000000000001 0.04400000000000001
1 0.36950000000000005 0.2965 0.025 0.038999999999999986
1 0.38049999999999995 0.34700000000000003 0.032999999999999974 0.04400000000000006
1 0.4305 0.3835 0.032999999999999974 0.040999999999999946
1 0.42100000000000004 0.34450000000000003 0.024000000000000056 0.039000000000000055
1 0.4425 0.569 0.032999999999999974 0.04799999999999997
1 0.35950000000000004 0.621 0.032999999999999974 0.052000000000000025
1 0.46149999999999997 0.6759999999999999 0.032999999999999974 0.05199999999999989
1 0.495 0.746 0.024000000000000056 0.05
1 0.545 0.7275 0.04400000000000006 0.06300000000000011
1 0.6345000000000001 0.5429999999999999 0.026999999999999958 0.03599999999999994
1 0.6609999999999999 0.5075 0.04400000000000006 0.045
1 0.675 0.5815 0.03400000000000006 0.05099999999999994
1 0.654 0.6729999999999999 0.03199999999999996 0.03800000000000012
1 0.6715000000000001 0.7155 0.03300000000000011 0.040999999999999946
1 0.626 0.34049999999999997 0.025999999999999943 0.045
1 0.682 0.307 0.025999999999999943 0.043999999999999984
1 0.6875 0.366 0.026999999999999885 0.045999999999999944
1 0.72 0.35700000000000004 0.03400000000000006 0.06799999999999998
1 0.7315 0.484 0.030999999999999944 0.027999999999999973
1 0.795 0.4935 0.041999999999999885 0.040999999999999946
1 0.8205 0.513 0.029000000000000057 0.04
1 0.8775 0.5605 0.03300000000000011 0.040999999999999946
1 0.904 0.5405 0.05 0.06900000000000006
1 0.809 0.46 0.03 0.03799999999999997
1 0.826 0.4035 0.03199999999999989 0.040999999999999946
1 0.924 0.3775 0.025999999999999943 0.039000000000000055
1 0.977 0.252 0.03400000000000006 0.03600000000000001
1 0.9704999999999999 0.3565 0.035 0.040999999999999946
1 0.9384999999999999 0.237 0.029000000000000057 0.03399999999999999
1 0.8525 0.2905 0.043000000000000115 0.041000000000000016
1 0.7375 0.287 0.03300000000000011 0.03399999999999999
1 0.7759999999999999 0.23199999999999998 0.024000000000000056 0.03399999999999999
1 0.8184999999999999 0.2155 0.029000000000000057 0.04299999999999997
1 0.7759999999999999 0.15600000000000003 0.024000000000000056 0.034
1 0.789 0.12050000000000001 0.03199999999999989 0.026999999999999993
1 0.7909999999999999 0.1905 0.028000000000000115 0.035
1 0.8155 0.152 0.03300000000000011 0.04200000000000001
1 0.87 0.138 0.03199999999999989 0.038000000000000006
1 0.8704999999999999 0.20600000000000002 0.03300000000000011 0.04600000000000001
1 0.912 0.161 0.03599999999999994 0.043999999999999984
1 0.9285 0.0195 0.040999999999999946 0.031
1 0.9445 0.059000000000000004 0.040999999999999946 0.04400000000000001
1 0.9854999999999999 0.083 0.025 0.04
1 0.39149999999999996 0.807 0.037000000000000026 0.055999999999999946
1 0.3715 0.9225 0.040999999999999946 0.08099999999999995
1 0.3135 0.9345 0.037000000000000026 0.075
1 0.469 0.8795000000000001 0.04200000000000003 0.04699999999999989
1 0.5125 0.9595 0.04299999999999997 0.06099999999999994
1 0.561 0.8995000000000001 0.027999999999999973 0.029000000000000057
1 0.5660000000000001 0.861 0.03 0.03400000000000006
1 0.5825 0.9259999999999999 0.029000000000000057 0.041999999999999885
1 0.6135 0.9275 0.029000000000000057 0.039000000000000055
1 0.629 0.8015000000000001 0.04000000000000007 0.045
1 0.7020000000000001 0.804 0.04800000000000011 0.04800000000000011
1 0.7434999999999999 0.7484999999999999 0.03699999999999989 0.043000000000000115
1 0.7805 0.711 0.03699999999999989 0.03800000000000012
1 0.7325 0.6845 0.03300000000000011 0.040999999999999946
1 0.9259999999999999 0.667 0.03199999999999989 0.054000000000000055
1 0.8765000000000001 0.7284999999999999 0.043000000000000115 0.06099999999999994
1 0.8305 0.789 0.035 0.05199999999999989
1 0.7615000000000001 0.7995 0.03699999999999989 0.04900000000000006
1 0.7465 0.862 0.039000000000000055 0.07
1 0.7384999999999999 0.9245 0.03300000000000011 0.03300000000000011
1 0.7090000000000001 0.978 0.045999999999999944 0.04400000000000006
1 0.8755 0.9375 0.040999999999999946 0.055
1 0.8145 0.877 0.039000000000000055 0.058000000000000114
1 0.8265 0.8395 0.03699999999999989 0.045
1 0.9745 0.8540000000000001 0.040999999999999946 0.05
1 0.9865 0.8075 0.026999999999999885 0.035