1 0.0967 0.0118 0.0408 0.023700000000000002
1 0.1243 0.028900000000000002 0.0355 0.047400000000000005
1 0.0171 0.1487 0.0342 0.047400000000000005
1 0.0789 0.1789 0.0342 0.05
1 0.0717 0.125 0.0329 0.0421
1 0.0132 0.2796 0.0263 0.053899999999999997
1 0.0697 0.252 0.0342 0.053899999999999997
1 0.0132 0.3447 0.0263 0.0553
1 0.0395 0.3638 0.0263 0.0355
1 0.056600000000000004 0.33549999999999996 0.028900000000000002 0.0421
1 0.11449999999999999 0.3007 0.0316 0.0382
1 0.0197 0.4414 0.0263 0.0434
1 0.0849 0.4296 0.0118 0.0434
1 0.09609999999999999 0.4138 0.0158 0.0487
1 0.1092 0.4803 0.028900000000000002 0.05
1 0.1421 0.4355 0.021099999999999997 0.0447
1 0.1711 0.4 0.0263 0.0395
1 0.2296 0.1007 0.030299999999999997 0.0487
1 0.2289 0.0592 0.028900000000000002 0.0342
1 0.2724 0.061200000000000004 0.0263 0.0434
1 0.27699999999999997 0.0197 0.0329 0.0395
1 0.1875 0.0079 0.025 0.0158
1 0.0105 0.6474 0.021 0.0632
1 0.0454 0.598 0.0276 0.0461
1 0.0796 0.6013000000000001 0.0355 0.0526
1 0.1184 0.5743 0.0263 0.0461
1 0.1059 0.5493 0.025 0.053899999999999997
1 0.1572 0.5440999999999999 0.0276 0.0461
1 0.024300000000000002 0.6829000000000001 0.022400000000000003 0.05
1 0.0342 0.9059 0.0342 0.0592
1 0.1961 0.9783 0.0316 0.0434
1 0.18289999999999998 0.6382 0.0316 0.0605
1 0.2 0.6158 0.023700000000000002 0.0421
1 0.22699999999999998 0.6315999999999999 0.022400000000000003 0.05
1 0.19010000000000002 0.7513 0.022400000000000003 0.05
1 0.23879999999999998 0.7696999999999999 0.022400000000000003 0.05
1 0.2395 0.8493 0.0263 0.061799999999999994
1 0.2796 0.9224 0.0276 0.0632
1 0.3829 0.9381999999999999 0.047400000000000005 0.0605
1 0.3678 0.8993000000000001 0.030299999999999997 0.056600000000000004
1 0.33549999999999996 0.9895 0.028900000000000002 0.021099999999999997
1 0.5487 0.9125 0.0316 0.0513
1 0.5690999999999999 0.9803000000000001 0.0382 0.0394
1 0.4191 0.7868 0.0329 0.0658
1 0.3493 0.5809000000000001 0.0382 0.0697
1 0.4493 0.4711 0.0382 0.0553
1 0.2605 0.1888 0.0263 0.053899999999999997
1 0.2493 0.2901 0.030299999999999997 0.075
1 0.25129999999999997 0.2553 0.0316 0.05
1 0.3184 0.0691 0.0447 0.0408
1 0.3151 0.011200000000000002 0.0276 0.022400000000000003
1 0.3539 0.0684 0.0395 0.0895
1 0.3586 0.0125 0.030299999999999997 0.025
1 0.3493 0.1276 0.0355 0.0553
1 0.3875 0.05 0.053899999999999997 0.1
1 0.5355 0.6132 0.0395 0.0632
1 0.6243 0.6428 0.0382 0.0645
1 0.4586 0.2493 0.030299999999999997 0.0434
1 0.4763 0.2691 0.0263 0.0513
1 0.48950000000000005 0.3382 0.0316 0.047400000000000005
1 0.5079 0.3053 0.0342 0.0447
1 0.5645 0.4164 0.0421 0.053899999999999997
1 0.4993 0.2237 0.0329 0.0447
1 0.5204 0.1789 0.030299999999999997 0.0421
1 0.5072 0.15789999999999998 0.025 0.0447
1 0.5605 0.2132 0.028900000000000002 0.047400000000000005
1 0.5678 0.075 0.025 0.0421
1 0.5987 0.15789999999999998 0.0342 0.0421
1 0.6204 0.14800000000000002 0.030299999999999997 0.0487
1 0.625 0.273 0.0316 0.061799999999999994
1 0.6546 0.2072 0.0329 0.0513
1 0.6704000000000001 0.3414 0.0329 0.053899999999999997
1 0.6420999999999999 0.0934 0.028900000000000002 0.0421
1 0.6428 0.0401 0.0276 0.0434
1 0.6908 0.1605 0.023700000000000002 0.0553
1 0.7401000000000001 0.1059 0.030299999999999997 0.075
1 0.7691 0.0414 0.0329 0.06709999999999999
1 0.7454000000000001 0.1993 0.0382 0.0724
1 0.777 0.3447 0.0276 0.0526
1 0.8289 0.2862 0.0316 0.0513
1 0.9434 0.2691 0.0395 0.0697
1 0.9815999999999999 0.2789 0.0368 0.07629999999999999
1 0.9592 0.4796 0.0421 0.0724
1 0.8007 0.4125 0.0329 0.0487
1 0.8145 0.4388 0.023700000000000002 0.056600000000000004
1 0.7092 0.5039 0.023700000000000002 0.0579
1 0.6987000000000001 0.6651 0.0316 0.0487
1 0.7184 0.6138 0.028900000000000002 0.0434
1 0.7276 0.5632 0.0316 0.047400000000000005
1 0.8243 0.5461 0.022400000000000003 0.05
1 0.8803 0.6275999999999999 0.0342 0.0553
1 0.7836 0.6658 0.030299999999999997 0.047400000000000005
1 0.7961 0.6375 0.0263 0.0408
1 0.7979999999999999 0.748 0.0355 0.053899999999999997
1 0.9381999999999999 0.7855 0.0421 0.0579
1 0.9289000000000001 0.9526 0.0368 0.0684
1 0.9506999999999999 0.9 0.0434 0.0605
1 0.9586 0.848 0.0408 0.0592
1 0.8545999999999999 0.9243000000000001 0.0382 0.06709999999999999
1 0.825 0.8697 0.0342 0.0605
1 0.7914 0.8170999999999999 0.0355 0.0632
1 0.8197 0.7993000000000001 0.0316 0.0592