1 0.09 0.01 0.04 0.02
1 0.1243 0.028899999999999995 0.035500000000000004 0.047400000000000005
1 0.0171 0.1487 0.0342 0.047399999999999984
1 0.0789 0.1789 0.0342 0.05
1 0.0717 0.125 0.03289999999999999 0.042100000000000005
1 0.013199999999999998 0.2796 0.0263 0.0539
1 0.0697 0.252 0.0342 0.0539
1 0.013199999999999998 0.3447 0.0263 0.05530000000000001
1 0.0395 0.3638 0.026300000000000004 0.03549999999999997
1 0.056600000000000004 0.33549999999999996 0.028900000000000006 0.04209999999999997
1 0.11449999999999999 0.3007 0.0316 0.038200000000000005
1 0.019700000000000002 0.4414 0.0263 0.043400000000000036
1 0.0849 0.4296 0.011799999999999998 0.043400000000000036
1 0.09609999999999999 0.4138 0.015799999999999984 0.04870000000000005
1 0.1092 0.4803 0.028900000000000006 0.05
1 0.1421 0.4355 0.021099999999999994 0.04469999999999999
1 0.1711 0.4 0.026300000000000007 0.03950000000000003
1 0.2296 0.1007 0.03030000000000001 0.04870000000000001
1 0.2289 0.0592 0.028900000000000006 0.0342
1 0.2724 0.06119999999999999 0.026300000000000025 0.04339999999999999
1 0.275 0.015 0.03 0.03
1 0.1875 0.0079 0.025 0.0158
1 0.0105 0.6474 0.021 0.06319999999999994
1 0.0454 0.598 0.0276 0.046099999999999995
1 0.0796 0.6013000000000001 0.03549999999999999 0.05260000000000005
1 0.1184 0.5743 0.02629999999999999 0.046099999999999995
1 0.1059 0.5493 0.025 0.0539
1 0.1572 0.5440999999999999 0.027600000000000017 0.046099999999999995
1 0.024300000000000002 0.6829000000000001 0.022400000000000003 0.05
1 0.0342 0.9059 0.0342 0.05919999999999988
1 0.1961 0.9783 0.03159999999999997 0.043400000000000036
1 0.18289999999999998 0.6382 0.03159999999999997 0.06049999999999997
1 0.2 0.6158 0.023699999999999975 0.042099999999999936
1 0.22699999999999998 0.6315999999999999 0.02240000000000002 0.05
1 0.19010000000000002 0.7513 0.02240000000000002 0.05
1 0.23879999999999998 0.7696999999999999 0.02240000000000002 0.05
1 0.2395 0.8493 0.026300000000000025 0.06180000000000007
1 0.2796 0.9224 0.02759999999999998 0.06319999999999994
1 0.3829 0.9381999999999999 0.04739999999999995 0.060500000000000116
1 0.3678 0.8993000000000001 0.03030000000000001 0.05659999999999996
1 0.33 0.985 0.02 0.03
1 0.5487 0.9125 0.03159999999999997 0.05129999999999996
1 0.5690999999999999 0.9803000000000001 0.03819999999999993 0.03939999999999998
1 0.4191 0.7868 0.03290000000000006 0.06580000000000012
1 0.3493 0.5809000000000001 0.03819999999999993 0.06969999999999998
1 0.4493 0.4711 0.03819999999999993 0.05530000000000001
1 0.2605 0.1888 0.026300000000000025 0.0539
1 0.2493 0.2901 0.03030000000000001 0.07500000000000004
1 0.25129999999999997 0.2553 0.03160000000000004 0.05
1 0.3184 0.0691 0.044700000000000024 0.04079999999999999
1 0.3151 0.011200000000000002 0.02759999999999998 0.022400000000000003
1 0.3539 0.0684 0.03950000000000003 0.0895
1 0.3586 0.0125 0.03030000000000001 0.025
1 0.3493 0.1276 0.03549999999999997 0.05530000000000001
1 0.3875 0.05 0.0539 0.1
1 0.5355 0.6132 0.03950000000000003 0.06320000000000008
1 0.6243000000000001 0.6428 0.038200000000000005 0.06449999999999996
1 0.4586 0.2493 0.03030000000000001 0.043400000000000036
1 0.4763 0.2691 0.026299999999999955 0.051300000000000026
1 0.48950000000000005 0.3382 0.03159999999999997 0.047399999999999984
1 0.5079 0.3053 0.034200000000000015 0.04469999999999999
1 0.5645 0.4164 0.042099999999999936 0.0539
1 0.4993 0.2237 0.03290000000000006 0.04469999999999999
1 0.5204 0.1789 0.03030000000000001 0.042100000000000005
1 0.5072 0.15789999999999998 0.025 0.04469999999999999
1 0.5605 0.2132 0.028900000000000006 0.04740000000000002
1 0.5678 0.075 0.025 0.042100000000000005
1 0.5987 0.15789999999999998 0.034200000000000015 0.042100000000000005
1 0.6204 0.14800000000000002 0.03030000000000001 0.04869999999999999
1 0.625 0.273 0.03159999999999997 0.061799999999999994
1 0.6546 0.2072 0.03289999999999999 0.051300000000000026
1 0.6704000000000001 0.3414 0.03289999999999992 0.0539
1 0.6420999999999999 0.0934 0.028899999999999936 0.042100000000000005
1 0.6428 0.0401 0.02759999999999998 0.0434
1 0.6908 0.1605 0.023700000000000044 0.05530000000000001
1 0.7401000000000001 0.1059 0.03030000000000001 0.075
1 0.7691 0.0414 0.03289999999999992 0.06709999999999999
1 0.7454000000000001 0.1993 0.03819999999999993 0.07240000000000002
1 0.777 0.3447 0.02759999999999991 0.052600000000000015
1 0.8289 0.2862 0.03159999999999997 0.051300000000000026
1 0.9434 0.2691 0.03949999999999989 0.06969999999999998
1 0.9815999999999999 0.2789 0.03680000000000007 0.07630000000000002
1 0.9592 0.4796 0.04210000000000008 0.07239999999999995
1 0.8007 0.4125 0.03289999999999992 0.04870000000000005
1 0.8145 0.4388 0.023700000000000044 0.05659999999999996
1 0.7092 0.5039 0.023700000000000044 0.05790000000000006
1 0.6987000000000001 0.6651 0.03159999999999997 0.04870000000000005
1 0.7184 0.6138 0.028899999999999863 0.043400000000000036
1 0.7276 0.5632 0.03159999999999997 0.04739999999999995
1 0.8243 0.5461 0.02240000000000009 0.05
1 0.8803 0.6275999999999999 0.034199999999999876 0.05529999999999994
1 0.7836 0.6658 0.03030000000000001 0.04740000000000009
1 0.7961 0.6375 0.026299999999999955 0.04080000000000005
1 0.7979999999999999 0.748 0.035500000000000115 0.053899999999999865
1 0.9381999999999999 0.7855 0.04210000000000008 0.057899999999999924
1 0.9289000000000001 0.9526 0.03680000000000007 0.06840000000000003
1 0.9506999999999999 0.9 0.043400000000000036 0.060500000000000116
1 0.9586 0.848 0.04080000000000013 0.05919999999999988
1 0.8545999999999999 0.9243000000000001 0.03819999999999993 0.06710000000000008
1 0.825 0.8697 0.034199999999999876 0.060500000000000116
1 0.7914 0.8170999999999999 0.035500000000000115 0.06319999999999994
1 0.8197 0.7993000000000001 0.03159999999999997 0.05919999999999988