1 0.09 0.01 0.04 0.02
1 0.125 0.03 0.035 0.045
1 0.015 0.145 0.03 0.05
1 0.08 0.18 0.035 0.05
1 0.07 0.125 0.035 0.04
1 0.015 0.28 0.025 0.055
1 0.07 0.25 0.035 0.055
1 0.015 0.345 0.025 0.055
1 0.04 0.365 0.025 0.035
1 0.055 0.335 0.03 0.04
1 0.115 0.3 0.03 0.04
1 0.02 0.44 0.025 0.045
1 0.085 0.43 0.01 0.045
1 0.095 0.415 0.015 0.05
1 0.11 0.48 0.03 0.05
1 0.14 0.435 0.02 0.045
1 0.17 0.4 0.025 0.04
1 0.23 0.1 0.03 0.05
1 0.23 0.06 0.03 0.035
1 0.27 0.06 0.025 0.045
1 0.275 0.015 0.03 0.03
1 0.19 0.01 0.025 0.015
1 0.01 0.645 0.02 0.065
1 0.045 0.6 0.03 0.045
1 0.08 0.6 0.035 0.055
1 0.12 0.575 0.025 0.045
1 0.105 0.55 0.025 0.055
1 0.155 0.545 0.03 0.045
1 0.025 0.685 0.02 0.05
1 0.035 0.905 0.035 0.06
1 0.195 0.975 0.03 0.05
1 0.185 0.64 0.03 0.06
1 0.2 0.615 0.025 0.04
1 0.225 0.63 0.02 0.05
1 0.19 0.75 0.02 0.05
1 0.24 0.77 0.02 0.05
1 0.24 0.85 0.025 0.06
1 0.28 0.92 0.03 0.065
1 0.385 0.94 0.045 0.06
1 0.37 0.9 0.03 0.055
1 0.33 0.985 0.02 0.03
1 0.55 0.91 0.03 0.05
1 0.57 0.98 0.04 0.04
1 0.42 0.785 0.035 0.065
1 0.35 0.58 0.04 0.07
1 0.45 0.47 0.04 0.055
1 0.26 0.19 0.025 0.055
1 0.25 0.29 0.03 0.075
1 0.25 0.255 0.03 0.05
1 0.32 0.07 0.045 0.04
1 0.315 0.01 0.03 0.02
1 0.355 0.07 0.04 0.09
1 0.355 0.01 0.03 0.02
1 0.35 0.13 0.035 0.055
1 0.39 0.05 0.055 0.1
1 0.535 0.615 0.04 0.065
1 0.625 0.645 0.04 0.065
1 0.46 0.25 0.03 0.045
1 0.475 0.27 0.025 0.05
1 0.49 0.34 0.03 0.045
1 0.51 0.305 0.035 0.045
1 0.565 0.415 0.04 0.055
1 0.5 0.225 0.035 0.045
1 0.52 0.18 0.03 0.04
1 0.505 0.16 0.025 0.045
1 0.56 0.215 0.03 0.045
1 0.57 0.075 0.025 0.04
1 0.6 0.16 0.035 0.04
1 0.62 0.15 0.03 0.05
1 0.625 0.275 0.03 0.06
1 0.655 0.205 0.035 0.05
1 0.67 0.34 0.035 0.055
1 0.64 0.095 0.03 0.04
1 0.645 0.04 0.03 0.045
1 0.69 0.16 0.025 0.055
1 0.74 0.105 0.03 0.075
1 0.77 0.04 0.035 0.065
1 0.745 0.2 0.04 0.07
1 0.775 0.345 0.03 0.055
1 0.83 0.285 0.03 0.05
1 0.945 0.27 0.04 0.07
1 0.98 0.28 0.035 0.075
1 0.96 0.48 0.04 0.07
1 0.8 0.41 0.035 0.05
1 0.815 0.44 0.025 0.055
1 0.71 0.505 0.025 0.06
1 0.7 0.665 0.03 0.05
1 0.72 0.615 0.03 0.045
1 0.73 0.565 0.03 0.045
1 0.825 0.545 0.02 0.05
1 0.88 0.63 0.035 0.055
1 0.785 0.665 0.03 0.045
1 0.795 0.64 0.025 0.04
1 0.8 0.75 0.035 0.055
1 0.94 0.785 0.04 0.06
1 0.93 0.955 0.035 0.07
1 0.95 0.9 0.045 0.06
1 0.96 0.85 0.04 0.06
1 0.855 0.925 0.04 0.065
1 0.825 0.87 0.035 0.06
1 0.79 0.815 0.035 0.065
1 0.82 0.8 0.03 0.06