1 0.45299999999999996 0.225 0.045999999999999944 0.05
1 0.5245000000000001 0.4175 0.05099999999999994 0.065
1 0.632 0.34950000000000003 0.04800000000000004 0.065
1 0.579 0.2555 0.04 0.05700000000000003
1 0.5045000000000001 0.1025 0.035 0.051000000000000004
1 0.693 0.06699999999999999 0.03 0.04999999999999999
1 0.7434999999999999 0.18100000000000002 0.03300000000000011 0.043999999999999984
1 0.732 0.311 0.04400000000000006 0.06
1 0.7725 0.2945 0.026999999999999885 0.056999999999999995
1 0.821 0.4075 0.03199999999999989 0.05900000000000006
1 0.8809999999999999 0.3885 0.05 0.065
1 0.8615 0.599 0.056999999999999884 0.08799999999999997
1 0.9175 0.24600000000000002 0.035 0.06399999999999999
1 0.9575 0.2075 0.040999999999999946 0.075
1 0.929 0.14300000000000002 0.05 0.07600000000000001
1 0.7675 0.121 0.040999999999999946 0.05599999999999998
1 0.8220000000000001 0.1115 0.03800000000000012 0.04699999999999999
1 0.8195 0.0675 0.03699999999999989 0.04100000000000001
1 0.809 0.02 0.045999999999999944 0.04