1 0.45299999999999996 0.225 0.046 0.05
1 0.5245000000000001 0.4175 0.051 0.065
1 0.632 0.34950000000000003 0.048 0.065
1 0.579 0.2555 0.04 0.057
1 0.5045000000000001 0.1025 0.035 0.051
1 0.693 0.067 0.03 0.05
1 0.7434999999999999 0.18100000000000002 0.033 0.044000000000000004
1 0.732 0.311 0.044000000000000004 0.06
1 0.7725 0.2945 0.027000000000000003 0.057
1 0.821 0.4075 0.032 0.059000000000000004
1 0.8809999999999999 0.3885 0.05 0.065
1 0.8615 0.599 0.057 0.08800000000000001
1 0.9175 0.24600000000000002 0.035 0.064
1 0.9575 0.2075 0.040999999999999995 0.075
1 0.929 0.14300000000000002 0.05 0.076
1 0.7675 0.121 0.040999999999999995 0.055999999999999994
1 0.8220000000000001 0.1115 0.038 0.047
1 0.8195 0.0675 0.037000000000000005 0.040999999999999995
1 0.809 0.02 0.046 0.04