3 0.425 0.373 0.11049999999999997 0.13549999999999998
3 0.6737000000000001 0.41119999999999995 0.10259999999999998 0.1303
3 0.7670999999999999 0.748 0.11580000000000013 0.10919999999999988
3 0.7684000000000001 0.8303 0.11050000000000011 0.1
3 0.6875 0.9039 0.10129999999999996 0.11580000000000013
3 0.5861999999999999 0.9329000000000001 0.10920000000000002 0.13159999999999997
3 0.4125 0.6474 0.125 0.16840000000000002
3 0.2296 0.6572 0.1039 0.14610000000000006
3 0.6461 0.1059 0.12629999999999997 0.11710000000000001
3 0.7572 0.2579 0.10659999999999997 0.14209999999999998
3 0.9375 0.1329 0.11969999999999999 0.1421