3 0.1605 0.1461 0.11050000000000003 0.12890000000000001
3 0.1059 0.2224 0.12240000000000002 0.1342
3 0.1822 0.48219999999999996 0.1276 0.16180000000000005
3 0.498 0.152 0.09870000000000005 0.1303
3 0.49340000000000006 0.27240000000000003 0.09739999999999994 0.12890000000000004
3 0.6178 0.4454 0.09340000000000004 0.125
3 0.8506999999999999 0.10919999999999998 0.14610000000000015 0.1632
3 0.97 0.27 0.06 0.16
3 0.0533 0.7006999999999999 0.1066 0.13819999999999993
3 0.1316 0.8164 0.11839999999999998 0.15390000000000015
3 0.17629999999999998 0.9401 0.13160000000000002 0.11969999999999999
3 0.4625 0.723 0.10659999999999997 0.14340000000000003
3 0.6335999999999999 0.8262999999999999 0.1303 0.15530000000000002
3 0.8829 0.8809 0.11580000000000013 0.14870000000000005
3 0.75 0.9789 0.08159999999999996 0.04210000000000008