3 0.1605 0.1461 0.1105 0.12890000000000001
3 0.1059 0.2224 0.12240000000000001 0.13419999999999999
3 0.1822 0.48219999999999996 0.1276 0.1618
3 0.498 0.152 0.0987 0.1303
3 0.49340000000000006 0.2724 0.0974 0.12890000000000001
3 0.6178 0.4454 0.0934 0.125
3 0.8506999999999999 0.1092 0.1461 0.1632
3 0.9711 0.2704 0.0579 0.1592
3 0.0533 0.7006999999999999 0.1066 0.1382
3 0.1316 0.8164 0.1184 0.1539
3 0.17629999999999998 0.9401 0.1316 0.1197
3 0.4625 0.723 0.1066 0.1434
3 0.6335999999999999 0.8262999999999999 0.1303 0.1553
3 0.8829 0.8809 0.1158 0.1487
3 0.75 0.9789 0.0816 0.0421