2 0.0385 0.2685 0.077 0.135
2 0.0815 0.368 0.087 0.10800000000000001
2 0.133 0.23850000000000002 0.08800000000000001 0.141
2 0.44799999999999995 0.255 0.10800000000000001 0.136
2 0.425 0.045 0.106 0.09
2 0.9159999999999999 0.2165 0.096 0.135
2 0.9845 0.077 0.031 0.12
2 0.9695 0.6535 0.061 0.141
2 0.778 0.733 0.07400000000000001 0.13
2 0.7034999999999999 0.725 0.087 0.132
2 0.365 0.7925 0.10400000000000001 0.135
2 0.508 0.588 0.102 0.142
2 0.3625 0.547 0.08900000000000001 0.124
2 0.209 0.6214999999999999 0.076 0.111