2 0.0385 0.2685 0.077 0.135
2 0.0815 0.368 0.087 0.10799999999999997
2 0.133 0.23850000000000002 0.08800000000000002 0.14100000000000001
2 0.44799999999999995 0.255 0.10799999999999997 0.13599999999999998
2 0.425 0.045 0.10599999999999994 0.09
2 0.9159999999999999 0.2165 0.09599999999999995 0.135
2 0.9845 0.077 0.030999999999999944 0.12
2 0.9695 0.6535 0.06099999999999994 0.14099999999999993
2 0.778 0.733 0.07400000000000005 0.13
2 0.7034999999999999 0.725 0.08699999999999988 0.1319999999999999
2 0.365 0.7925 0.10400000000000002 0.135
2 0.508 0.588 0.10200000000000004 0.14199999999999996
2 0.3625 0.547 0.08900000000000002 0.12400000000000005
2 0.209 0.6215 0.07600000000000001 0.11100000000000002