3 0.3757 0.3862 0.11450000000000003 0.1539
3 0.021099999999999997 0.2888 0.0421 0.14869999999999997
3 0.1743 0.0217 0.1145 0.0434
3 0.645 0.085 0.13 0.17
3 0.75 0.045 0.12 0.09
3 0.15530000000000002 0.6704000000000001 0.12110000000000001 0.15390000000000006
3 0.04279999999999999 0.8651000000000001 0.0855 0.1328999999999999
3 0.1191 0.8875 0.11449999999999998 0.14610000000000015
3 0.35259999999999997 0.9039 0.11579999999999999 0.15
3 0.5125 0.7920999999999999 0.11969999999999999 0.15789999999999993
3 0.502 0.9401 0.11450000000000003 0.11969999999999999