2 0.644 0.3085 0.10400000000000005 0.141
2 0.8325 0.1595 0.10099999999999994 0.13899999999999998
2 0.2375 0.5215 0.10299999999999997 0.11099999999999995
2 0.1035 0.539 0.105 0.13799999999999998
2 0.19149999999999998 0.927 0.10700000000000001 0.13800000000000012
2 0.021 0.9534999999999999 0.042 0.09300000000000011
2 0.583 0.8055 0.11400000000000006 0.13900000000000007
2 0.7795000000000001 0.5379999999999999 0.08300000000000012 0.13
2 0.902 0.5345 0.10199999999999988 0.115
2 0.9279999999999999 0.4265 0.09400000000000006 0.09900000000000006
2 0.937 0.331 0.09199999999999989 0.1