2 0.0815 0.0405 0.085 0.081
2 0.17 0.059500000000000004 0.084 0.11900000000000001
2 0.5895 0.163 0.095 0.134
2 0.757 0.20800000000000002 0.092 0.136
2 0.8885 0.314 0.087 0.124
2 0.8815000000000001 0.0475 0.111 0.095
2 0.3925 0.154 0.08900000000000001 0.122
2 0.3385 0.205 0.099 0.126
2 0.40149999999999997 0.381 0.107 0.14
2 0.44549999999999995 0.5175 0.111 0.141
2 0.6154999999999999 0.586 0.111 0.14400000000000002
2 0.9745 0.406 0.051 0.14400000000000002
2 0.073 0.47600000000000003 0.1 0.126
2 0.042 0.7145 0.084 0.14300000000000002
2 0.271 0.826 0.11199999999999999 0.14800000000000002