2 0.0815 0.0405 0.085 0.081
2 0.17 0.059500000000000004 0.08399999999999999 0.11900000000000001
2 0.5895 0.163 0.095 0.13399999999999998
2 0.757 0.20800000000000002 0.09199999999999989 0.136
2 0.8885 0.314 0.08699999999999988 0.12400000000000003
2 0.8815000000000001 0.0475 0.11099999999999995 0.095
2 0.3925 0.154 0.08900000000000005 0.122
2 0.3385 0.205 0.09900000000000002 0.126
2 0.40149999999999997 0.381 0.10700000000000003 0.14
2 0.44549999999999995 0.5175 0.11099999999999995 0.14099999999999993
2 0.6154999999999999 0.586 0.11099999999999995 0.144
2 0.9745 0.406 0.05099999999999994 0.14400000000000004
2 0.07300000000000001 0.47600000000000003 0.1 0.12599999999999995
2 0.042 0.7145 0.084 0.14300000000000013
2 0.271 0.826 0.11200000000000003 0.1480000000000001