3 0.0875 0.1454 0.11449999999999999 0.1539
3 0.025699999999999997 0.023700000000000002 0.0513 0.047400000000000005
3 0.2855 0.1816 0.13419999999999999 0.14740000000000003
3 0.3711 0.4217 0.1053 0.13549999999999998
3 0.11779999999999997 0.5151 0.11179999999999998 0.10659999999999997
3 0.1 0.6072 0.1 0.1303
3 0.2868 0.7565999999999999 0.1211 0.1421000000000001
3 0.25989999999999996 0.9007 0.10920000000000002 0.1303
3 0.3651 0.9737 0.1039 0.05259999999999991
3 0.6454000000000001 0.37170000000000003 0.10129999999999996 0.11180000000000004
3 0.8046 0.4487 0.10919999999999988 0.13950000000000004
3 0.7289 0.6420999999999999 0.11580000000000013 0.15530000000000002
3 0.85 0.9664 0.10789999999999993 0.06710000000000008