3 0.0875 0.1454 0.11449999999999999 0.1539
3 0.025699999999999997 0.023700000000000002 0.0513 0.047400000000000005
3 0.28550000000000003 0.1816 0.13419999999999999 0.1474
3 0.3711 0.4217 0.10529999999999999 0.1355
3 0.11779999999999999 0.5151 0.1118 0.1066
3 0.1 0.6072 0.1 0.1303
3 0.2868 0.7565999999999999 0.1211 0.1421
3 0.25989999999999996 0.9007 0.1092 0.1303
3 0.3651 0.9737 0.1039 0.0526
3 0.6454000000000001 0.37170000000000003 0.1013 0.1118
3 0.8046 0.4487 0.1092 0.13949999999999999
3 0.7289 0.6420999999999999 0.1158 0.1553
3 0.85 0.9664 0.1079 0.06709999999999999