3 0.1158 0.2579 0.13949999999999999 0.1632
3 0.4204 0.3243 0.1303 0.1303
3 0.4125 0.4217 0.1329 0.1434
3 0.6296 0.5401 0.11710000000000001 0.1487
3 0.5783 0.6065999999999999 0.12240000000000001 0.1684
3 0.8545999999999999 0.7395 0.1276 0.17370000000000002
3 0.8763 0.925 0.0842 0.13949999999999999
3 0.9520000000000001 0.9105 0.096 0.1421
3 0.4158 0.7223999999999999 0.1 0.1211
3 0.5809000000000001 0.7618 0.12240000000000001 0.1447
3 0.8467 0.073 0.1566 0.1461
3 0.19079999999999997 0.6967 0.1632 0.15130000000000002