3 0.1158 0.2579 0.13949999999999999 0.16320000000000004
3 0.4204 0.3243 0.1303 0.1303
3 0.4125 0.4217 0.1328999999999999 0.14340000000000003
3 0.6296 0.5401 0.11709999999999994 0.14870000000000005
3 0.5783 0.6065999999999999 0.12239999999999995 0.16840000000000002
3 0.8545999999999999 0.7395 0.1275999999999999 0.17370000000000005
3 0.8763 0.925 0.08419999999999987 0.13949999999999987
3 0.9520000000000001 0.9105 0.09599999999999995 0.1421000000000001
3 0.4158 0.7223999999999999 0.1 0.12109999999999985
3 0.5809000000000001 0.7618 0.12240000000000002 0.1447
3 0.84 0.07 0.16 0.14
3 0.19079999999999997 0.6967 0.1632 0.15129999999999996