2 0.5905 0.6295000000000001 0.105 0.14099999999999993
2 0.28550000000000003 0.6685 0.12300000000000004 0.16099999999999995
2 0.1335 0.606 0.09300000000000001 0.13200000000000003
2 0.0625 0.634 0.079 0.10799999999999997
2 0.0345 0.7240000000000001 0.069 0.13
2 0.106 0.7395 0.122 0.16099999999999995
2 0.198 0.214 0.09600000000000002 0.132
2 0.5479999999999999 0.0785 0.10599999999999994 0.12099999999999998
2 0.85 0.039 0.11800000000000012 0.078
2 0.363 0.0425 0.10400000000000002 0.085
2 0.0665 0.0805 0.10099999999999998 0.13699999999999998