7 0.605 0.955 0.09 0.09
7 0.365 0.845 0.075 0.065
7 0.31 0.82 0.04 0.045
7 0.36 0.805 0.04 0.04
7 0.49 0.65 0.055 0.03
7 0.575 0.625 0.035 0.035
7 0.61 0.59 0.04 0.035
7 0.68 0.83 0.045 0.06
7 0.715 0.81 0.065 0.075
7 0.535 0.895 0.06 0.06
7 0.255 0.975 0.07 0.045
7 0.54 0.845 0.05 0.05
7 0.71 0.565 0.035 0.04
7 0.745 0.555 0.05 0.04
7 0.78 0.53 0.03 0.035
7 0.8 0.545 0.035 0.05
7 0.63 0.365 0.04 0.04
7 0.505 0.3 0.05 0.05
7 0.65 0.165 0.04 0.055
7 0.7 0.175 0.04 0.06
7 0.705 0.105 0.035 0.05
7 0.86 0.745 0.05 0.07
7 0.9 0.75 0.04 0.075
7 0.935 0.755 0.05 0.085
7 0.985 0.76 0.025 0.07
7 0.985 0.905 0.025 0.105
7 0.99 0.825 0.02 0.055