7 0.6053000000000001 0.9553 0.0895 0.0895
7 0.3664 0.8441 0.075 0.0645
7 0.31120000000000003 0.8217 0.0382 0.0434
7 0.3592 0.8072 0.0395 0.0382
7 0.4882 0.648 0.0553 0.030299999999999997
7 0.5763 0.6236999999999999 0.0342 0.0368
7 0.6118 0.5921 0.0395 0.0342
7 0.6796 0.8283 0.0461 0.061799999999999994
7 0.7138 0.8105 0.0645 0.0737
7 0.5355 0.8954000000000001 0.0579 0.061799999999999994
7 0.2553 0.9763 0.0711 0.047400000000000005
7 0.5388000000000001 0.8467 0.0513 0.0487
7 0.7092 0.5658 0.0342 0.0421
7 0.7474 0.5566 0.05 0.0395
7 0.7816 0.5296 0.0316 0.0329
7 0.7979999999999999 0.5474 0.0355 0.05
7 0.6275999999999999 0.3664 0.0421 0.0408
7 0.5025999999999999 0.298 0.05 0.0487
7 0.648 0.1671 0.0382 0.0553
7 0.6993 0.17300000000000001 0.0382 0.0592
7 0.7059000000000001 0.10460000000000001 0.0329 0.0513
7 0.8592 0.7441 0.05 0.0724
7 0.8987 0.752 0.0395 0.075
7 0.9362 0.7545999999999999 0.0487 0.08289999999999999
7 0.9868000000000001 0.7592 0.0263 0.0684
7 0.9868000000000001 0.9053 0.0263 0.10529999999999999
7 0.9887999999999999 0.825 0.022400000000000003 0.0526