7 0.605 0.955 0.09 0.09
7 0.3664 0.8441 0.075 0.06449999999999989
7 0.31120000000000003 0.8217 0.038200000000000005 0.043400000000000036
7 0.3592 0.8072 0.03950000000000003 0.03819999999999993
7 0.4882 0.648 0.05530000000000001 0.03030000000000001
7 0.5763 0.6236999999999999 0.034200000000000015 0.0368
7 0.6118 0.5921 0.03950000000000003 0.034200000000000015
7 0.6796 0.8283 0.046100000000000134 0.06180000000000007
7 0.7138 0.8105 0.06449999999999989 0.07370000000000004
7 0.5355 0.8954000000000001 0.05790000000000006 0.06180000000000007
7 0.2553 0.9763 0.0711 0.04740000000000009
7 0.5388000000000001 0.8467 0.05129999999999996 0.04870000000000005
7 0.7092 0.5658 0.034199999999999876 0.042099999999999936
7 0.7474 0.5566 0.05 0.03950000000000003
7 0.7816 0.5296 0.03159999999999997 0.03290000000000006
7 0.7979999999999999 0.5474 0.035500000000000115 0.05
7 0.6275999999999999 0.3664 0.042099999999999936 0.04079999999999998
7 0.5025999999999999 0.298 0.05 0.04869999999999997
7 0.648 0.1671 0.03819999999999993 0.05530000000000001
7 0.6993 0.17300000000000001 0.03819999999999993 0.059200000000000016
7 0.7059000000000001 0.10460000000000001 0.03289999999999992 0.05129999999999999
7 0.8592 0.7441 0.05 0.07240000000000009
7 0.8987 0.752 0.03949999999999989 0.075
7 0.9362 0.7545999999999999 0.04870000000000005 0.08289999999999992
7 0.9868000000000001 0.7592 0.026299999999999955 0.06840000000000003
7 0.9868000000000001 0.9053 0.026299999999999955 0.1053
7 0.9887999999999999 0.825 0.02240000000000009 0.05259999999999991