7 0.0625 0.546 0.04300000000000001 0.055999999999999946
7 0.136 0.485 0.04800000000000001 0.045999999999999944
7 0.166 0.5195000000000001 0.05200000000000001 0.04299999999999997
7 0.235 0.5535 0.053999999999999986 0.040999999999999946
7 0.3115 0.531 0.06099999999999998 0.04799999999999997
7 0.3825 0.511 0.06299999999999997 0.045999999999999944
7 0.44799999999999995 0.49200000000000005 0.052000000000000025 0.045999999999999944
7 0.501 0.495 0.05 0.05799999999999997
7 0.473 0.552 0.05 0.04799999999999997
7 0.41600000000000004 0.442 0.06200000000000003 0.04
7 0.469 0.433 0.04200000000000003 0.045999999999999944
7 0.5005 0.39399999999999996 0.027000000000000027 0.04
7 0.534 0.35350000000000004 0.03799999999999997 0.06099999999999994
7 0.556 0.40549999999999997 0.04200000000000003 0.055
7 0.5875 0.3925 0.039000000000000055 0.05299999999999997
7 0.639 0.385 0.052000000000000025 0.08200000000000003
7 0.5925 0.3285 0.04299999999999997 0.04900000000000002
7 0.6225 0.31799999999999995 0.035 0.041999999999999996
7 0.6815000000000001 0.3625 0.026999999999999885 0.040999999999999946
7 0.7020000000000001 0.402 0.04 0.04799999999999997
7 0.733 0.375 0.045999999999999944 0.06400000000000006
7 0.804 0.3665 0.03199999999999989 0.04700000000000003
7 0.8395 0.387 0.043000000000000115 0.06599999999999995
7 0.833 0.33899999999999997 0.03599999999999994 0.04
7 0.883 0.4045 0.054000000000000055 0.06700000000000003
7 0.9384999999999999 0.38049999999999995 0.056999999999999884 0.06099999999999994
7 0.9025 0.321 0.055 0.04599999999999998
7 0.893 0.363 0.025999999999999943 0.03200000000000003
7 0.929 0.4465 0.05199999999999989 0.06099999999999994
7 0.98 0.4225 0.04 0.055
7 0.574 0.5105 0.054000000000000055 0.05900000000000006
7 0.45 0.6709999999999999 0.06 0.06
7 0.5379999999999999 0.6895 0.055999999999999946 0.053000000000000116
7 0.561 0.632 0.08400000000000006 0.055999999999999946
7 0.10400000000000001 0.7945 0.05599999999999999 0.06699999999999989
7 0.10099999999999999 0.879 0.07 0.07
7 0.20149999999999998 0.815 0.06899999999999999 0.07
7 0.248 0.8565 0.053999999999999986 0.07099999999999994
7 0.28600000000000003 0.7959999999999999 0.05799999999999997 0.058000000000000114
7 0.348 0.8565 0.08200000000000003 0.07900000000000006
7 0.3765 0.8029999999999999 0.08700000000000002 0.09
7 0.49 0.9115000000000001 0.07400000000000005 0.06300000000000011
7 0.5575 0.8045 0.08099999999999995 0.08099999999999995
7 0.7415 0.779 0.06699999999999989 0.06599999999999995
7 0.7915000000000001 0.78 0.05900000000000006 0.06400000000000006
7 0.8265 0.6990000000000001 0.07099999999999994 0.08199999999999989
7 0.8859999999999999 0.731 0.07400000000000005 0.06599999999999995
7 0.716 0.8595 0.06 0.08900000000000005
7 0.76 0.9584999999999999 0.08599999999999994 0.08300000000000012
7 0.9740000000000001 0.9455 0.05199999999999989 0.10900000000000006
7 0.24 0.9795 0.09 0.040999999999999946
7 0.785 0.87 0.07199999999999988 0.08800000000000012
7 0.8604999999999999 0.9125 0.08699999999999988 0.10900000000000006
7 0.877 0.8215 0.10800000000000011 0.09900000000000006
7 0.037000000000000005 0.899 0.07400000000000001 0.1
7 0.0315 0.831 0.063 0.06400000000000006
7 0.018500000000000003 0.7565000000000001 0.033 0.056999999999999884
7 0.049499999999999995 0.748 0.06499999999999999 0.07
7 0.02 0.695 0.04 0.06400000000000006
7 0.0525 0.6925 0.040999999999999995 0.055