7 0.06 0.545 0.045 0.055
7 0.135 0.485 0.05 0.045
7 0.165 0.52 0.05 0.045
7 0.235 0.555 0.055 0.04
7 0.31 0.53 0.06 0.05
7 0.38 0.51 0.065 0.045
7 0.45 0.49 0.05 0.045
7 0.5 0.495 0.05 0.06
7 0.475 0.55 0.05 0.05
7 0.415 0.44 0.06 0.04
7 0.47 0.435 0.04 0.045
7 0.5 0.395 0.025 0.04
7 0.535 0.355 0.04 0.06
7 0.555 0.405 0.04 0.055
7 0.59 0.39 0.04 0.055
7 0.64 0.385 0.05 0.08
7 0.59 0.33 0.045 0.05
7 0.62 0.32 0.035 0.04
7 0.68 0.36 0.025 0.04
7 0.7 0.4 0.04 0.05
7 0.735 0.375 0.045 0.065
7 0.805 0.365 0.03 0.045
7 0.84 0.385 0.045 0.065
7 0.835 0.34 0.035 0.04
7 0.885 0.405 0.055 0.065
7 0.94 0.38 0.055 0.06
7 0.9 0.32 0.055 0.045
7 0.895 0.365 0.025 0.03
7 0.93 0.445 0.05 0.06
7 0.98 0.42 0.04 0.055
7 0.575 0.51 0.055 0.06
7 0.45 0.67 0.06 0.06
7 0.54 0.69 0.055 0.055
7 0.56 0.63 0.085 0.055
7 0.105 0.795 0.055 0.065
7 0.1 0.88 0.07 0.07
7 0.2 0.815 0.07 0.07
7 0.25 0.855 0.055 0.07
7 0.285 0.795 0.06 0.06
7 0.35 0.855 0.08 0.08
7 0.375 0.805 0.085 0.09
7 0.49 0.91 0.075 0.065
7 0.56 0.805 0.08 0.08
7 0.74 0.78 0.065 0.065
7 0.79 0.78 0.06 0.065
7 0.825 0.7 0.07 0.08
7 0.885 0.73 0.075 0.065
7 0.715 0.86 0.06 0.09
7 0.755 0.955 0.09 0.09
7 0.975 0.945 0.05 0.11
7 0.24 0.98 0.09 0.04
7 0.785 0.87 0.07 0.09
7 0.86 0.91 0.085 0.11
7 0.875 0.82 0.11 0.1
7 0.035 0.9 0.07 0.1
7 0.03 0.825 0.06 0.07
7 0.02 0.755 0.035 0.055
7 0.05 0.75 0.065 0.07
7 0.02 0.695 0.04 0.065
7 0.05 0.69 0.04 0.055