7 0.025 0.4375 0.05 0.08289999999999992
7 0.0395 0.3757 0.06049999999999999 0.06709999999999994
7 0.1257 0.41119999999999995 0.056600000000000004 0.05659999999999996
7 0.1513 0.35590000000000005 0.055299999999999995 0.06180000000000007
7 0.1855 0.3934 0.06839999999999997 0.05260000000000005
7 0.2112 0.35719999999999996 0.06969999999999998 0.06180000000000007
7 0.3895 0.3566 0.05530000000000001 0.06579999999999998
7 0.675 0.49340000000000006 0.06840000000000003 0.06319999999999994
7 0.6809000000000001 0.4414 0.06969999999999998 0.06450000000000003
7 0.8625 0.5414 0.06180000000000007 0.06450000000000003
7 0.975 0.49 0.05 0.08
7 0.9868000000000001 0.55 0.026299999999999955 0.07629999999999995
7 0.8789 0.4941 0.05259999999999991 0.05659999999999996
7 0.8079000000000001 0.5007 0.11840000000000003 0.10659999999999997
7 0.7295999999999999 0.5440999999999999 0.05919999999999988 0.08289999999999992
7 0.7605 0.5125 0.07110000000000014 0.09609999999999999
7 0.7979999999999999 0.44799999999999995 0.06969999999999998 0.043400000000000036
7 0.8131999999999999 0.6697 0.07370000000000004 0.08949999999999995
7 0.8131999999999999 0.6145 0.08159999999999996 0.07110000000000007
7 0.8625 0.675 0.06180000000000007 0.08680000000000007
7 0.7421 0.6855 0.08680000000000007 0.11319999999999993
7 0.8112 0.7329000000000001 0.09610000000000013 0.06840000000000003
7 0.9460999999999999 0.6446999999999999 0.1053 0.11050000000000004
7 0.945 0.75 0.11 0.12
7 0.9184 0.848 0.1053 0.11710000000000008
7 0.8835999999999999 0.7954000000000001 0.06969999999999998 0.08550000000000012
7 0.8170999999999999 0.8256999999999999 0.08680000000000007 0.11710000000000008
7 0.6539 0.7670999999999999 0.1053 0.1053
7 0.6598999999999999 0.9539 0.10659999999999997 0.09210000000000008
7 0.6526000000000001 0.8848999999999999 0.10789999999999993 0.08819999999999993
7 0.5821999999999999 0.9408 0.06709999999999994 0.11840000000000003
7 0.4572 0.7382 0.08819999999999993 0.08680000000000007
7 0.4901 0.8138 0.09609999999999999 0.11180000000000007
7 0.39740000000000003 0.8053 0.09469999999999999 0.11050000000000011
7 0.3868 0.9151 0.08950000000000002 0.11969999999999999
7 0.42369999999999997 0.9329000000000001 0.06579999999999998 0.12890000000000015
7 0.4888 0.9296 0.08820000000000007 0.10659999999999997
7 0.2868 0.9184 0.10790000000000002 0.1474000000000001
7 0.1697 0.9098999999999999 0.1395 0.11969999999999999
7 0.0263 0.9296 0.0526 0.14080000000000012
7 0.0454 0.6762999999999999 0.0908 0.09469999999999999
7 0.0375 0.7618 0.075 0.10259999999999991
7 0.1421 0.7829 0.1211 0.12890000000000015
7 0.25660000000000005 0.7848999999999999 0.12890000000000004 0.1303
7 0.3961 0.6171 0.09469999999999999 0.11049999999999997
7 0.5322 0.5992999999999999 0.1303 0.09079999999999998
7 0.46909999999999996 0.47700000000000004 0.06969999999999998 0.07760000000000006
7 0.5079 0.4375 0.04739999999999995 0.04079999999999998
7 0.5690999999999999 0.4757 0.10659999999999997 0.08290000000000006
7 0.5447 0.4204 0.05260000000000005 0.043400000000000036
7 0.5908 0.5099 0.05790000000000006 0.05129999999999996
7 0.5329 0.5171 0.06579999999999998 0.05790000000000006
7 0.473 0.5367999999999999 0.06180000000000007 0.06049999999999997
7 0.40990000000000004 0.49340000000000006 0.06969999999999998 0.07370000000000004
7 0.4388 0.4243 0.06450000000000003 0.06450000000000003
7 0.36450000000000005 0.48219999999999996 0.03950000000000003 0.05129999999999996
7 0.3737 0.42700000000000005 0.06840000000000003 0.059200000000000016
7 0.2553 0.3901 0.06049999999999997 0.043400000000000036
7 0.2921 0.3664 0.06049999999999997 0.046099999999999995
7 0.3184 0.39409999999999995 0.05000000000000004 0.046099999999999995
7 0.1461 0.5671 0.05 0.05260000000000005
7 0.2184 0.5092 0.0868 0.07629999999999995
7 0.2993 0.5151 0.06450000000000003 0.06450000000000003
7 0.073 0.45530000000000004 0.06450000000000002 0.06840000000000003