7 0.025 0.44 0.05 0.085
7 0.04 0.375 0.06 0.065
7 0.125 0.41 0.055 0.055
7 0.15 0.355 0.055 0.06
7 0.185 0.395 0.07 0.055
7 0.21 0.355 0.07 0.06
7 0.39 0.355 0.055 0.065
7 0.675 0.495 0.07 0.065
7 0.68 0.44 0.07 0.065
7 0.86 0.54 0.06 0.065
7 0.975 0.49 0.05 0.08
7 0.985 0.55 0.025 0.075
7 0.88 0.495 0.055 0.055
7 0.81 0.5 0.12 0.105
7 0.73 0.545 0.06 0.085
7 0.76 0.51 0.07 0.095
7 0.8 0.45 0.07 0.045
7 0.815 0.67 0.075 0.09
7 0.815 0.615 0.08 0.07
7 0.86 0.675 0.06 0.085
7 0.74 0.685 0.085 0.115
7 0.81 0.735 0.095 0.07
7 0.945 0.645 0.105 0.11
7 0.945 0.75 0.11 0.12
7 0.92 0.85 0.105 0.115
7 0.885 0.795 0.07 0.085
7 0.815 0.825 0.085 0.115
7 0.655 0.765 0.105 0.105
7 0.66 0.955 0.105 0.09
7 0.655 0.885 0.11 0.09
7 0.58 0.94 0.065 0.12
7 0.455 0.74 0.09 0.085
7 0.49 0.815 0.095 0.11
7 0.395 0.805 0.095 0.11
7 0.385 0.915 0.09 0.12
7 0.425 0.935 0.065 0.13
7 0.49 0.93 0.09 0.105
7 0.285 0.92 0.11 0.145
7 0.17 0.91 0.14 0.12
7 0.025 0.93 0.05 0.14
7 0.045 0.675 0.09 0.095
7 0.04 0.76 0.075 0.105
7 0.14 0.785 0.12 0.13
7 0.255 0.785 0.13 0.13
7 0.395 0.615 0.095 0.11
7 0.53 0.6 0.13 0.09
7 0.47 0.475 0.07 0.08
7 0.51 0.44 0.045 0.04
7 0.57 0.475 0.105 0.085
7 0.545 0.42 0.055 0.045
7 0.59 0.51 0.06 0.05
7 0.535 0.515 0.065 0.06
7 0.475 0.535 0.06 0.06
7 0.41 0.495 0.07 0.075
7 0.44 0.425 0.065 0.065
7 0.365 0.48 0.04 0.05
7 0.375 0.425 0.07 0.06
7 0.255 0.39 0.06 0.045
7 0.29 0.365 0.06 0.045
7 0.32 0.395 0.05 0.045
7 0.145 0.565 0.05 0.055
7 0.22 0.51 0.085 0.075
7 0.3 0.515 0.065 0.065
7 0.075 0.455 0.065 0.07