7 0.025 0.4375 0.05 0.08289999999999999
7 0.0395 0.3757 0.0605 0.06709999999999999
7 0.1257 0.41119999999999995 0.056600000000000004 0.056600000000000004
7 0.15130000000000002 0.35590000000000005 0.0553 0.061799999999999994
7 0.1855 0.3934 0.0684 0.0526
7 0.2112 0.35719999999999996 0.0697 0.061799999999999994
7 0.3895 0.3566 0.0553 0.0658
7 0.675 0.49340000000000006 0.0684 0.0632
7 0.6809000000000001 0.4414 0.0697 0.0645
7 0.8625 0.5414 0.061799999999999994 0.0645
7 0.9756999999999999 0.49670000000000003 0.0487 0.075
7 0.9868000000000001 0.55 0.0263 0.07629999999999999
7 0.8789 0.4941 0.0526 0.056600000000000004
7 0.8079000000000001 0.5007 0.1184 0.1066
7 0.7295999999999999 0.5440999999999999 0.0592 0.08289999999999999
7 0.7605 0.5125 0.0711 0.09609999999999999
7 0.7979999999999999 0.44799999999999995 0.0697 0.0434
7 0.8131999999999999 0.6697 0.0737 0.0895
7 0.8131999999999999 0.6145 0.0816 0.0711
7 0.8625 0.675 0.061799999999999994 0.0868
7 0.7421 0.6855 0.0868 0.11320000000000001
7 0.8112 0.7329000000000001 0.09609999999999999 0.0684
7 0.9460999999999999 0.6446999999999999 0.10529999999999999 0.1105
7 0.9460999999999999 0.7526 0.1079 0.1158
7 0.9184 0.848 0.10529999999999999 0.11710000000000001
7 0.8835999999999999 0.7954000000000001 0.0697 0.0855
7 0.8170999999999999 0.8256999999999999 0.0868 0.11710000000000001
7 0.6539 0.7670999999999999 0.10529999999999999 0.10529999999999999
7 0.6598999999999999 0.9539 0.1066 0.09210000000000002
7 0.6526000000000001 0.8848999999999999 0.1079 0.0882
7 0.5821999999999999 0.9408 0.06709999999999999 0.1184
7 0.4572 0.7382 0.0882 0.0868
7 0.4901 0.8138 0.09609999999999999 0.1118
7 0.39740000000000003 0.8053 0.0947 0.1105
7 0.3868 0.9151 0.0895 0.1197
7 0.42369999999999997 0.9329000000000001 0.0658 0.12890000000000001
7 0.4888 0.9296 0.0882 0.1066
7 0.2868 0.9184 0.1079 0.1474
7 0.1697 0.9098999999999999 0.13949999999999999 0.1197
7 0.0263 0.9296 0.0526 0.1408
7 0.0454 0.6762999999999999 0.0908 0.0947
7 0.0375 0.7618 0.075 0.1026
7 0.1421 0.7829 0.1211 0.12890000000000001
7 0.2566 0.7848999999999999 0.12890000000000001 0.1303
7 0.3961 0.6171 0.0947 0.1105
7 0.5322 0.5992999999999999 0.1303 0.0908
7 0.46909999999999996 0.47700000000000004 0.0697 0.0776
7 0.5079 0.4375 0.047400000000000005 0.0408
7 0.5690999999999999 0.4757 0.1066 0.08289999999999999
7 0.5447 0.4204 0.0526 0.0434
7 0.5908 0.5099 0.0579 0.0513
7 0.5329 0.5171 0.0658 0.0579
7 0.473 0.5367999999999999 0.061799999999999994 0.0605
7 0.40990000000000004 0.49340000000000006 0.0697 0.0737
7 0.4388 0.4243 0.0645 0.0645
7 0.36450000000000005 0.48219999999999996 0.0395 0.0513
7 0.3737 0.42700000000000005 0.0684 0.0592
7 0.2553 0.3901 0.0605 0.0434
7 0.2921 0.3664 0.0605 0.0461
7 0.3184 0.39409999999999995 0.05 0.0461
7 0.1461 0.5671 0.05 0.0526
7 0.2184 0.5092 0.0868 0.07629999999999999
7 0.2993 0.5151 0.0645 0.0645
7 0.073 0.45530000000000004 0.0645 0.0684