7 0.617 0.5255 0.122 0.11900000000000001
7 0.7685 0.513 0.109 0.134
7 0.6785 0.23550000000000001 0.10099999999999999 0.099
7 0.6 0.1595 0.11 0.125
7 0.3785 0.298 0.09300000000000001 0.11800000000000001
7 0.21100000000000002 0.3175 0.10400000000000001 0.12300000000000001
7 0.924 0.057 0.1 0.106
7 0.09949999999999999 0.0365 0.10099999999999999 0.073
7 0.1355 0.094 0.077 0.086
7 0.1925 0.0755 0.099 0.115
7 0.311 0.9675 0.10400000000000001 0.065
7 0.42450000000000004 0.9355 0.079 0.087
7 0.48700000000000004 0.9215000000000001 0.06 0.087
7 0.5445 0.907 0.073 0.1
7 0.5925 0.8875 0.051 0.071
7 0.652 0.843 0.068 0.07200000000000001
7 0.7165 0.8340000000000001 0.059000000000000004 0.07
7 0.752 0.882 0.042 0.06
7 0.7165 0.9115000000000001 0.061 0.067
7 0.8315 0.892 0.077 0.106
7 0.9135 0.841 0.11900000000000001 0.122