7 0.617 0.5255 0.12199999999999996 0.11900000000000005
7 0.7685 0.513 0.10900000000000006 0.13400000000000006
7 0.6785 0.23550000000000001 0.10099999999999994 0.09899999999999999
7 0.6 0.1595 0.11 0.125
7 0.3785 0.298 0.09299999999999997 0.11800000000000005
7 0.21100000000000002 0.3175 0.10399999999999998 0.12299999999999997
7 0.924 0.057 0.1 0.106
7 0.09949999999999999 0.0365 0.10100000000000002 0.073
7 0.1355 0.094 0.07700000000000001 0.08599999999999998
7 0.1925 0.07550000000000001 0.09899999999999999 0.115
7 0.311 0.9675 0.10400000000000002 0.065
7 0.42450000000000004 0.9355 0.07900000000000006 0.08699999999999988
7 0.48700000000000004 0.9215000000000001 0.06 0.08699999999999988
7 0.5445 0.907 0.07299999999999997 0.1
7 0.5925 0.8875 0.05099999999999994 0.07099999999999994
7 0.652 0.843 0.06800000000000005 0.07199999999999988
7 0.7165 0.8340000000000001 0.05900000000000006 0.07
7 0.752 0.882 0.041999999999999885 0.06
7 0.7165 0.9115000000000001 0.06099999999999994 0.06699999999999989
7 0.8315 0.892 0.07699999999999989 0.10599999999999994
7 0.9135 0.841 0.11900000000000005 0.12199999999999989