7 0.4115 0.087 0.05099999999999994 0.09600000000000002
7 0.048 0.027000000000000003 0.064 0.054000000000000006
7 0.111 0.17350000000000002 0.222 0.245
7 0.0965 0.4495 0.053000000000000005 0.05700000000000003
7 0.1195 0.503 0.053000000000000005 0.06
7 0.226 0.531 0.06399999999999999 0.05799999999999997
7 0.434 0.5770000000000001 0.05799999999999997 0.06799999999999998
7 0.4875 0.5775 0.05099999999999994 0.08700000000000002
7 0.5585 0.586 0.06299999999999997 0.09
7 0.6164999999999999 0.45549999999999996 0.08700000000000002 0.125
7 0.7034999999999999 0.5195000000000001 0.053000000000000116 0.09099999999999994
7 0.8440000000000001 0.3335 0.15400000000000005 0.22700000000000004
7 0.6829999999999999 0.7709999999999999 0.045999999999999944 0.06400000000000006
7 0.6415000000000001 0.9015000000000001 0.035 0.04900000000000006
7 0.491 0.8165 0.03400000000000006 0.06699999999999989
7 0.3395 0.669 0.065 0.09599999999999995
7 0.1535 0.743 0.04300000000000001 0.04
7 0.16449999999999998 0.8134999999999999 0.05899999999999998 0.06699999999999989
7 0.039 0.738 0.078 0.08
7 0.151 0.9765 0.10599999999999998 0.04699999999999989
7 0.34049999999999997 0.9215000000000001 0.06299999999999997 0.08699999999999988
7 0.5805 0.9690000000000001 0.05299999999999997 0.06199999999999989
7 0.866 0.7005 0.24199999999999988 0.29699999999999993
7 0.853 0.9275 0.06400000000000006 0.08300000000000012
7 0.9570000000000001 0.8885 0.08400000000000006 0.085