7 0.4115 0.087 0.051 0.096
7 0.048 0.027000000000000003 0.064 0.054000000000000006
7 0.111 0.17350000000000002 0.222 0.245
7 0.0965 0.4495 0.053 0.057
7 0.1195 0.503 0.053 0.06
7 0.226 0.531 0.064 0.057999999999999996
7 0.434 0.5770000000000001 0.057999999999999996 0.068
7 0.4875 0.5775 0.051 0.087
7 0.5585 0.586 0.063 0.09
7 0.6164999999999999 0.45549999999999996 0.087 0.125
7 0.7034999999999999 0.5195000000000001 0.053 0.091
7 0.8440000000000001 0.3335 0.154 0.22699999999999998
7 0.6829999999999999 0.7709999999999999 0.046 0.064
7 0.6415000000000001 0.9015000000000001 0.035 0.049
7 0.491 0.8165 0.034 0.067
7 0.3395 0.669 0.065 0.096
7 0.1535 0.743 0.043 0.04
7 0.16449999999999998 0.8134999999999999 0.059000000000000004 0.067
7 0.039 0.738 0.078 0.08
7 0.151 0.9765 0.106 0.047
7 0.34049999999999997 0.9215000000000001 0.063 0.087
7 0.5805 0.9690000000000001 0.053 0.062
7 0.866 0.7005 0.242 0.297
7 0.853 0.9275 0.064 0.083
7 0.9570000000000001 0.8885 0.084 0.085