7 0.41 0.085 0.05 0.095
7 0.045 0.025 0.07 0.05
7 0.11 0.175 0.22 0.245
7 0.095 0.45 0.055 0.055
7 0.12 0.505 0.055 0.06
7 0.225 0.53 0.065 0.06
7 0.435 0.575 0.06 0.07
7 0.49 0.58 0.05 0.085
7 0.56 0.585 0.065 0.09
7 0.615 0.455 0.085 0.125
7 0.705 0.52 0.055 0.09
7 0.845 0.335 0.155 0.225
7 0.685 0.77 0.045 0.065
7 0.64 0.9 0.035 0.05
7 0.49 0.815 0.035 0.065
7 0.34 0.67 0.065 0.095
7 0.155 0.745 0.045 0.04
7 0.165 0.815 0.06 0.065
7 0.04 0.74 0.08 0.08
7 0.15 0.975 0.105 0.045
7 0.34 0.92 0.065 0.085
7 0.58 0.97 0.055 0.06
7 0.865 0.7 0.24 0.295
7 0.855 0.93 0.065 0.085
7 0.955 0.89 0.085 0.085