7 0.2525 0.524 0.19899999999999998 0.268
7 0.292 0.7709999999999999 0.05 0.06
7 0.11199999999999999 0.7609999999999999 0.05 0.07400000000000001
7 0.052000000000000005 0.455 0.044000000000000004 0.05
7 0.1105 0.3675 0.055 0.063
7 0.243 0.3615 0.07 0.075
7 0.1775 0.326 0.059000000000000004 0.048
7 0.20800000000000002 0.298 0.08800000000000001 0.07400000000000001
7 0.20600000000000002 0.21350000000000002 0.08199999999999999 0.069
7 0.5755 0.2545 0.033 0.067
7 0.6625 0.2165 0.069 0.061
7 0.5985 0.40700000000000003 0.025 0.057999999999999996
7 0.7084999999999999 0.41200000000000003 0.10300000000000001 0.13
7 0.5555 0.13849999999999998 0.071 0.09300000000000001
7 0.138 0.0495 0.066 0.095
7 0.8734999999999999 0.748 0.055 0.126
7 0.922 0.4355 0.08 0.067
7 0.977 0.47850000000000004 0.046 0.071
7 0.8590000000000001 0.24850000000000003 0.28 0.36700000000000005