7 0.2525 0.524 0.199 0.26799999999999996
7 0.292 0.7709999999999999 0.05 0.06
7 0.11199999999999999 0.7609999999999999 0.05 0.07400000000000005
7 0.052000000000000005 0.455 0.044000000000000004 0.05
7 0.1105 0.3675 0.055 0.06299999999999997
7 0.243 0.3615 0.07 0.075
7 0.1775 0.326 0.05899999999999998 0.04799999999999997
7 0.20800000000000002 0.298 0.08800000000000004 0.07399999999999998
7 0.20600000000000002 0.21350000000000002 0.08200000000000003 0.06899999999999999
7 0.5755 0.2545 0.032999999999999974 0.06700000000000003
7 0.6625 0.2165 0.06900000000000006 0.06100000000000001
7 0.5985 0.40700000000000003 0.025 0.05799999999999997
7 0.7084999999999999 0.41200000000000003 0.10300000000000012 0.13
7 0.5555 0.13849999999999998 0.07099999999999994 0.09300000000000001
7 0.138 0.049499999999999995 0.06600000000000002 0.095
7 0.8734999999999999 0.748 0.055 0.12599999999999995
7 0.922 0.4355 0.08 0.06700000000000003
7 0.977 0.47850000000000004 0.045999999999999944 0.07099999999999994
7 0.8590000000000001 0.24850000000000003 0.28 0.36700000000000005