7 0.138 0.6 0.11 0.14400000000000004
7 0.4045 0.7315 0.075 0.11699999999999988
7 0.5285 0.945 0.07900000000000006 0.11
7 0.8490000000000001 0.6225 0.1 0.10099999999999994
7 0.9229999999999999 0.7395 0.15400000000000005 0.2909999999999999
7 0.436 0.4525 0.10799999999999997 0.08299999999999998
7 0.483 0.235 0.054000000000000055 0.08600000000000002
7 0.593 0.2175 0.05 0.05899999999999998
7 0.657 0.3135 0.08400000000000006 0.10700000000000003
7 0.2785 0.17300000000000001 0.10099999999999998 0.11600000000000002
7 0.185 0.1675 0.08 0.12100000000000001
7 0.06 0.2475 0.05199999999999999 0.12299999999999997
7 0.672 0.06849999999999999 0.08599999999999994 0.105
7 0.9145 0.09050000000000001 0.07900000000000006 0.08899999999999998
7 0.9684999999999999 0.13699999999999998 0.06300000000000011 0.09399999999999999