7 0.138 0.6 0.11 0.14400000000000002
7 0.4045 0.7315 0.075 0.11699999999999999
7 0.5285 0.945 0.079 0.11
7 0.8490000000000001 0.6225 0.1 0.10099999999999999
7 0.9229999999999999 0.7395 0.154 0.29100000000000004
7 0.436 0.4525 0.10800000000000001 0.083
7 0.483 0.235 0.054000000000000006 0.086
7 0.593 0.2175 0.05 0.059000000000000004
7 0.657 0.3135 0.084 0.107
7 0.2785 0.17300000000000001 0.10099999999999999 0.11599999999999999
7 0.185 0.1675 0.08 0.121
7 0.06 0.2475 0.052000000000000005 0.12300000000000001
7 0.672 0.06849999999999999 0.086 0.105
7 0.9145 0.09050000000000001 0.079 0.08900000000000001
7 0.9684999999999999 0.13699999999999998 0.063 0.094