7 0.145 0.0955 0.17200000000000004 0.191
7 0.2685 0.039 0.09700000000000003 0.078
7 0.295 0.146 0.07 0.07800000000000001
7 0.2535 0.21100000000000002 0.065 0.07799999999999997
7 0.701 0.1825 0.08400000000000006 0.09899999999999999
7 0.986 0.273 0.028000000000000115 0.11199999999999996
7 0.6295000000000001 0.8584999999999999 0.05099999999999994 0.07900000000000006
7 0.8165 0.8625 0.04900000000000006 0.09099999999999994
7 0.7434999999999999 0.9675 0.1269999999999999 0.065
7 0.934 0.966 0.11400000000000006 0.06800000000000012
7 0.9715 0.9065000000000001 0.056999999999999884 0.1530000000000001
7 0.3135 0.7645000000000001 0.07700000000000003 0.08699999999999988
7 0.068 0.649 0.054000000000000006 0.058000000000000045
7 0.22149999999999997 0.546 0.179 0.288
7 0.0385 0.753 0.077 0.24599999999999994
7 0.7190000000000001 0.41700000000000004 0.06199999999999989 0.07400000000000005
7 0.9359999999999999 0.09300000000000001 0.08400000000000006 0.092