7 0.145 0.0955 0.172 0.191
7 0.2685 0.039 0.09699999999999999 0.078
7 0.295 0.146 0.07 0.078
7 0.2535 0.21100000000000002 0.065 0.078
7 0.701 0.1825 0.084 0.099
7 0.986 0.273 0.027999999999999997 0.11199999999999999
7 0.6295000000000001 0.8584999999999999 0.051 0.079
7 0.8165 0.8625 0.049 0.091
7 0.7434999999999999 0.9675 0.127 0.065
7 0.934 0.966 0.114 0.068
7 0.9715 0.9065000000000001 0.057 0.153
7 0.3135 0.7645000000000001 0.077 0.087
7 0.068 0.649 0.054000000000000006 0.057999999999999996
7 0.22149999999999997 0.546 0.179 0.28800000000000003
7 0.0385 0.753 0.077 0.24600000000000002
7 0.7190000000000001 0.41700000000000004 0.062 0.07400000000000001
7 0.9359999999999999 0.09300000000000001 0.084 0.092