7 0.0191 0.0875 0.0382 0.175
7 0.1007 0.0579 0.1671 0.1158
7 0.0336 0.18030000000000002 0.0592 0.0553
7 0.0816 0.1638 0.0447 0.0434
7 0.047400000000000005 0.4296 0.0947 0.3329
7 0.3849 0.18489999999999998 0.0776 0.1066
7 0.5059 0.15130000000000002 0.061799999999999994 0.1026
7 0.575 0.4349 0.0842 0.11710000000000001
7 0.6118 0.5263 0.0579 0.0842
7 0.7138 0.6487 0.075 0.1
7 0.8125 0.2743 0.075 0.1039
7 0.3362 0.6072 0.0882 0.12240000000000001
7 0.9190999999999999 0.6612 0.1618 0.325
7 0.7979999999999999 0.8321999999999999 0.22760000000000002 0.2803
7 0.7033 0.9664 0.0908 0.06709999999999999