7 0.0191 0.0875 0.0382 0.175
7 0.1007 0.0579 0.1671 0.1158
7 0.033600000000000005 0.18030000000000002 0.0592 0.05530000000000001
7 0.0816 0.1638 0.04469999999999999 0.04339999999999998
7 0.047400000000000005 0.4296 0.09470000000000002 0.3329000000000001
7 0.3849 0.18489999999999998 0.07760000000000006 0.10660000000000001
7 0.5059 0.15130000000000002 0.06180000000000007 0.10260000000000001
7 0.575 0.4349 0.08420000000000001 0.11709999999999994
7 0.6118 0.5263 0.05790000000000006 0.08420000000000001
7 0.7138 0.6487 0.075 0.1
7 0.8125 0.2743 0.075 0.1039
7 0.3362 0.6072 0.08820000000000004 0.12240000000000002
7 0.9190999999999999 0.6612 0.16180000000000005 0.325
7 0.7979999999999999 0.8321999999999999 0.2275999999999999 0.2803
7 0.7033 0.9664 0.09080000000000013 0.06710000000000008