7 0.877 0.7368000000000001 0.0697 0.10529999999999999
7 0.8092 0.7474 0.1079 0.1211
7 0.7664 0.8012999999999999 0.1197 0.1368
7 0.7138 0.8421 0.08289999999999999 0.09210000000000002
7 0.6289 0.8408 0.13419999999999999 0.12369999999999999
7 0.6191 0.9612 0.0934 0.0776
7 0.6197 0.9072 0.07629999999999999 0.0724
7 0.5487 0.9072 0.0974 0.1066
7 0.4586 0.9566 0.1355 0.0868
7 0.5440999999999999 0.9868000000000001 0.1013 0.0263
7 0.6960999999999999 0.9420999999999999 0.0974 0.0947
7 0.7855 0.925 0.1105 0.12369999999999999
7 0.7263 0.9842 0.1026 0.0316
7 0.8697 0.8382 0.0974 0.10529999999999999
7 0.9257 0.8724 0.0908 0.12369999999999999
7 0.8434 0.9559000000000001 0.0895 0.06709999999999999
7 0.8441 0.8961 0.06709999999999999 0.0605
7 0.9612 0.9447 0.0776 0.1105
7 0.9571999999999999 0.8170999999999999 0.0855 0.1421