7 0.877 0.7368000000000001 0.06969999999999998 0.1053
7 0.8092 0.7474 0.10789999999999993 0.12109999999999985
7 0.7664 0.8012999999999999 0.11969999999999999 0.13680000000000006
7 0.7138 0.8421 0.08289999999999992 0.09210000000000008
7 0.6289 0.8408 0.13419999999999996 0.12370000000000005
7 0.6191 0.9612 0.09340000000000004 0.0775999999999999
7 0.6197 0.9072 0.07629999999999995 0.07240000000000009
7 0.5487 0.9072 0.09739999999999994 0.10659999999999997
7 0.4586 0.9566 0.13549999999999998 0.08680000000000007
7 0.5440999999999999 0.9868000000000001 0.10129999999999996 0.026299999999999955
7 0.6960999999999999 0.9420999999999999 0.0974000000000001 0.09469999999999999
7 0.7855 0.925 0.11050000000000011 0.12370000000000005
7 0.7263 0.9842 0.10259999999999991 0.03159999999999997
7 0.8697 0.8382 0.0974000000000001 0.1053
7 0.9257 0.8724 0.09080000000000013 0.12370000000000005
7 0.8434 0.9559000000000001 0.08949999999999989 0.06710000000000008
7 0.8441 0.8961 0.06710000000000008 0.060500000000000116
7 0.9612 0.9447 0.0775999999999999 0.11050000000000011
7 0.9571999999999999 0.8170999999999999 0.08550000000000012 0.1421000000000001