7 0.7765000000000001 0.6609999999999999 0.07300000000000012 0.08800000000000004
7 0.843 0.698 0.07199999999999988 0.06199999999999989
7 0.835 0.753 0.07400000000000005 0.06400000000000006
7 0.8345 0.846 0.10099999999999994 0.07800000000000011
7 0.718 0.8859999999999999 0.12599999999999995 0.09400000000000006
7 0.708 0.961 0.09 0.07800000000000011
7 0.7875 0.9515 0.095 0.09699999999999989
7 0.94 0.5815 0.10199999999999988 0.09700000000000003
7 0.875 0.6485 0.07199999999999988 0.07099999999999994
7 0.9665 0.4125 0.06699999999999989 0.14299999999999996
7 0.9684999999999999 0.638 0.06300000000000011 0.07199999999999995
7 0.971 0.7484999999999999 0.058000000000000114 0.1569999999999999
7 0.9640000000000001 0.8765000000000001 0.07199999999999988 0.09099999999999994
7 0.9525 0.963 0.095 0.07400000000000005