7 0.7765000000000001 0.6609999999999999 0.073 0.08800000000000001
7 0.843 0.698 0.07200000000000001 0.062
7 0.835 0.753 0.07400000000000001 0.064
7 0.8345 0.846 0.10099999999999999 0.078
7 0.718 0.8859999999999999 0.126 0.094
7 0.708 0.961 0.09 0.078
7 0.7875 0.9515 0.095 0.09699999999999999
7 0.94 0.5815 0.102 0.09699999999999999
7 0.875 0.6485 0.07200000000000001 0.071
7 0.9665 0.4125 0.067 0.14300000000000002
7 0.9684999999999999 0.638 0.063 0.07200000000000001
7 0.971 0.7484999999999999 0.057999999999999996 0.157
7 0.9640000000000001 0.8765000000000001 0.07200000000000001 0.091
7 0.9525 0.963 0.095 0.07400000000000001