7 0.507 0.805 0.106 0.102
7 0.424 0.47450000000000003 0.10800000000000001 0.11699999999999999
7 0.489 0.424 0.055999999999999994 0.054000000000000006
7 0.5589999999999999 0.391 0.052000000000000005 0.068
7 0.9620000000000001 0.348 0.076 0.07
7 0.9470000000000001 0.597 0.062 0.046
7 0.903 0.6815000000000001 0.094 0.099
7 0.8370000000000001 0.7240000000000001 0.084 0.092
7 0.5920000000000001 0.747 0.08199999999999999 0.09
7 0.6565000000000001 0.7865000000000001 0.113 0.10099999999999999
7 0.7635 0.8895000000000001 0.085 0.095
7 0.8905 0.813 0.063 0.096
7 0.9455 0.8665 0.083 0.079
7 0.9179999999999999 0.9815 0.1 0.037000000000000005
7 0.547 0.904 0.096 0.11800000000000001
7 0.6829999999999999 0.943 0.07 0.07200000000000001
7 0.6485 0.9775 0.081 0.045
7 0.43799999999999994 0.9455 0.092 0.109
7 0.313 0.9355 0.128 0.129
7 0.18350000000000002 0.7265 0.10099999999999999 0.13699999999999998
7 0.102 0.76 0.07200000000000001 0.098
7 0.6509999999999999 0.124 0.07400000000000001 0.08
7 0.759 0.1805 0.09 0.109
7 0.8245 0.1115 0.073 0.09300000000000001
7 0.9109999999999999 0.0725 0.102 0.11900000000000001
7 0.9534999999999999 0.1405 0.09300000000000001 0.131
7 0.4115 0.18899999999999997 0.075 0.08199999999999999
7 0.349 0.0895 0.076 0.085
7 0.4825 0.1275 0.095 0.061
7 0.078 0.6835 0.07400000000000001 0.057
7 0.0195 0.7155 0.039 0.071
7 0.03 0.7759999999999999 0.06 0.07200000000000001
7 0.0325 0.8590000000000001 0.065 0.08800000000000001
7 0.2825 0.457 0.063 0.08800000000000001
7 0.21899999999999997 0.4755 0.06 0.057
7 0.051500000000000004 0.6065 0.073 0.077
7 0.0255 0.6509999999999999 0.051 0.07
7 0.14150000000000001 0.6435 0.08900000000000001 0.077
7 0.0625 0.4815 0.073 0.085
7 0.019 0.418 0.038 0.11800000000000001
7 0.075 0.375 0.076 0.096
7 0.1065 0.302 0.075 0.08199999999999999
7 0.1595 0.2605 0.059000000000000004 0.08900000000000001
7 0.2195 0.24850000000000003 0.055 0.049
7 0.1805 0.27899999999999997 0.063 0.066
7 0.297 0.2625 0.07400000000000001 0.081
7 0.2305 0.3095 0.043 0.051
7 0.27699999999999997 0.3105 0.066 0.071
7 0.27949999999999997 0.38049999999999995 0.069 0.071
7 0.19949999999999998 0.37450000000000006 0.061 0.061
7 0.129 0.40399999999999997 0.06 0.092
7 0.2115 0.43 0.063 0.055999999999999994
7 0.1295 0.4975 0.051 0.073
7 0.1885 0.5305 0.059000000000000004 0.059000000000000004
7 0.1125 0.5605 0.073 0.079
7 0.374 0.27649999999999997 0.062 0.077
7 0.4175 0.3065 0.079 0.083
7 0.45899999999999996 0.2685 0.076 0.079
7 0.501 0.285 0.08 0.098
7 0.5445 0.233 0.099 0.10800000000000001
7 0.8895000000000001 0.449 0.091 0.078
7 0.8759999999999999 0.531 0.096 0.09
7 0.94 0.5095000000000001 0.08199999999999999 0.09699999999999999
7 0.9740000000000001 0.474 0.052000000000000005 0.11199999999999999
7 0.2675 0.1425 0.077 0.077
7 0.27899999999999997 0.050499999999999996 0.07200000000000001 0.073
7 0.41 0.0345 0.092 0.059000000000000004
7 0.46 0.0725 0.064 0.065
7 0.5445 0.063 0.083 0.09
7 0.529 0.018500000000000003 0.1 0.035
7 0.6225 0.036000000000000004 0.091 0.07200000000000001
7 0.7170000000000001 0.0315 0.124 0.063