7 0.507 0.805 0.10599999999999994 0.10199999999999988
7 0.424 0.47450000000000003 0.10799999999999997 0.11700000000000003
7 0.489 0.424 0.055999999999999946 0.054000000000000055
7 0.5589999999999999 0.391 0.052000000000000025 0.06799999999999998
7 0.9620000000000001 0.348 0.07599999999999994 0.07
7 0.9470000000000001 0.597 0.06199999999999989 0.045999999999999944
7 0.903 0.6815000000000001 0.09400000000000006 0.09900000000000006
7 0.8370000000000001 0.7240000000000001 0.08400000000000006 0.09199999999999989
7 0.5920000000000001 0.747 0.08200000000000003 0.09
7 0.6565000000000001 0.7865000000000001 0.11300000000000004 0.10099999999999994
7 0.7635 0.8895000000000001 0.085 0.095
7 0.8905 0.813 0.06300000000000011 0.09599999999999995
7 0.9455 0.8665 0.08300000000000012 0.07900000000000006
7 0.9179999999999999 0.9815 0.1 0.03699999999999989
7 0.547 0.904 0.09599999999999995 0.11800000000000012
7 0.6829999999999999 0.943 0.07 0.07199999999999988
7 0.6485 0.9775 0.08099999999999995 0.045
7 0.43799999999999994 0.9455 0.09200000000000003 0.10900000000000006
7 0.313 0.9355 0.12800000000000003 0.12900000000000006
7 0.18350000000000002 0.7265 0.10100000000000002 0.1369999999999999
7 0.102 0.76 0.072 0.09800000000000011
7 0.6509999999999999 0.12399999999999999 0.07400000000000005 0.07999999999999999
7 0.759 0.1805 0.09 0.10899999999999999
7 0.8245 0.1115 0.07300000000000012 0.09300000000000001
7 0.9109999999999999 0.0725 0.10199999999999988 0.11899999999999998
7 0.9534999999999999 0.1405 0.09300000000000011 0.131
7 0.4115 0.18899999999999997 0.075 0.08200000000000002
7 0.349 0.0895 0.07599999999999998 0.085
7 0.4825 0.1275 0.095 0.06100000000000001
7 0.078 0.6835 0.07400000000000001 0.056999999999999884
7 0.0195 0.7155 0.039 0.07099999999999994
7 0.03 0.7759999999999999 0.06 0.07199999999999988
7 0.0325 0.8590000000000001 0.065 0.08800000000000012
7 0.2825 0.457 0.06299999999999997 0.08799999999999997
7 0.21899999999999997 0.4755 0.06 0.05700000000000003
7 0.051500000000000004 0.6065 0.07300000000000001 0.07700000000000003
7 0.0255 0.6509999999999999 0.051 0.07
7 0.14150000000000001 0.6435 0.08900000000000002 0.07699999999999996
7 0.0625 0.4815 0.07300000000000001 0.085
7 0.019 0.418 0.038 0.11799999999999997
7 0.075 0.375 0.07600000000000001 0.09599999999999995
7 0.1065 0.302 0.075 0.08199999999999996
7 0.1595 0.2605 0.05899999999999998 0.08899999999999998
7 0.2195 0.24850000000000003 0.055 0.04899999999999999
7 0.1805 0.27899999999999997 0.06299999999999999 0.06600000000000002
7 0.297 0.2625 0.07399999999999998 0.08100000000000002
7 0.2305 0.3095 0.04299999999999997 0.05100000000000002
7 0.27699999999999997 0.3105 0.06600000000000002 0.07100000000000001
7 0.27949999999999997 0.38049999999999995 0.06899999999999999 0.07099999999999994
7 0.19949999999999998 0.37450000000000006 0.06100000000000001 0.06099999999999994
7 0.129 0.40399999999999997 0.06 0.09200000000000003
7 0.2115 0.43 0.06299999999999997 0.055999999999999946
7 0.1295 0.4975 0.05100000000000002 0.07299999999999997
7 0.1885 0.5305 0.05899999999999998 0.05900000000000006
7 0.1125 0.5605 0.07300000000000001 0.07900000000000006
7 0.374 0.27649999999999997 0.06200000000000003 0.07700000000000003
7 0.4175 0.3065 0.07900000000000006 0.08299999999999998
7 0.45899999999999996 0.2685 0.07599999999999994 0.07899999999999999
7 0.501 0.285 0.08 0.09799999999999998
7 0.5445 0.233 0.09900000000000006 0.10800000000000004
7 0.8895000000000001 0.449 0.09099999999999994 0.07799999999999997
7 0.8759999999999999 0.531 0.09599999999999995 0.09
7 0.94 0.5095000000000001 0.08199999999999989 0.09700000000000003
7 0.9740000000000001 0.474 0.05199999999999989 0.11200000000000003
7 0.2675 0.1425 0.07700000000000003 0.07700000000000001
7 0.27899999999999997 0.050499999999999996 0.07200000000000002 0.073
7 0.41 0.0345 0.09200000000000003 0.059000000000000004
7 0.46 0.0725 0.06400000000000006 0.065
7 0.5445 0.063 0.08299999999999998 0.09
7 0.529 0.018500000000000003 0.1 0.035
7 0.6225 0.036000000000000004 0.09099999999999994 0.07200000000000001
7 0.7170000000000001 0.0315 0.12400000000000005 0.063