7 0.505 0.805 0.105 0.1
7 0.425 0.475 0.11 0.115
7 0.49 0.425 0.055 0.055
7 0.56 0.39 0.05 0.07
7 0.96 0.35 0.075 0.07
7 0.945 0.595 0.06 0.045
7 0.905 0.68 0.095 0.1
7 0.835 0.725 0.085 0.09
7 0.59 0.745 0.08 0.09
7 0.655 0.785 0.115 0.1
7 0.765 0.89 0.085 0.095
7 0.89 0.815 0.065 0.095
7 0.945 0.865 0.085 0.08
7 0.92 0.98 0.1 0.035
7 0.545 0.905 0.095 0.12
7 0.685 0.945 0.07 0.07
7 0.65 0.975 0.08 0.05
7 0.44 0.945 0.09 0.11
7 0.315 0.935 0.13 0.13
7 0.185 0.725 0.1 0.135
7 0.1 0.76 0.07 0.1
7 0.65 0.125 0.075 0.08
7 0.76 0.18 0.09 0.11
7 0.825 0.11 0.075 0.095
7 0.91 0.07 0.1 0.12
7 0.95 0.135 0.1 0.13
7 0.41 0.19 0.075 0.08
7 0.35 0.09 0.075 0.085
7 0.48 0.13 0.095 0.06
7 0.08 0.685 0.075 0.055
7 0.02 0.715 0.04 0.07
7 0.03 0.775 0.06 0.07
7 0.03 0.855 0.06 0.09
7 0.28 0.455 0.065 0.09
7 0.22 0.475 0.06 0.055
7 0.05 0.605 0.075 0.075
7 0.025 0.65 0.05 0.07
7 0.14 0.645 0.09 0.075
7 0.06 0.48 0.075 0.085
7 0.02 0.42 0.04 0.12
7 0.075 0.375 0.075 0.095
7 0.105 0.3 0.075 0.08
7 0.16 0.26 0.06 0.09
7 0.22 0.25 0.055 0.05
7 0.18 0.28 0.065 0.065
7 0.295 0.26 0.075 0.08
7 0.23 0.31 0.045 0.05
7 0.275 0.31 0.065 0.07
7 0.28 0.38 0.07 0.07
7 0.2 0.375 0.06 0.06
7 0.13 0.405 0.06 0.09
7 0.21 0.43 0.065 0.055
7 0.13 0.5 0.05 0.075
7 0.19 0.53 0.06 0.06
7 0.11 0.56 0.075 0.08
7 0.375 0.275 0.06 0.075
7 0.42 0.305 0.08 0.085
7 0.46 0.27 0.075 0.08
7 0.5 0.285 0.08 0.1
7 0.545 0.235 0.1 0.11
7 0.89 0.45 0.09 0.08
7 0.875 0.53 0.095 0.09
7 0.94 0.51 0.08 0.095
7 0.975 0.475 0.05 0.11
7 0.27 0.14 0.075 0.075
7 0.28 0.05 0.07 0.075
7 0.41 0.035 0.09 0.06
7 0.46 0.07 0.065 0.065
7 0.545 0.065 0.085 0.09
7 0.53 0.02 0.1 0.035
7 0.62 0.035 0.09 0.07
7 0.71 0.03 0.12 0.06