7 0.0171 0.1316 0.0342 0.11839999999999998
7 0.0507 0.0645 0.10130000000000003 0.0947
7 0.04 0.02 0.08 0.04
7 0.1263 0.0401 0.0816 0.0724
7 0.08220000000000001 0.2 0.10129999999999999 0.10259999999999998
7 0.04800000000000001 0.2487 0.08289999999999999 0.09740000000000001
7 0.198 0.127 0.10130000000000003 0.10660000000000001
7 0.2605 0.18289999999999998 0.1 0.11049999999999999
7 0.348 0.18289999999999998 0.06709999999999998 0.06579999999999998
7 0.4191 0.1888 0.06709999999999994 0.06969999999999998
7 0.5243 0.1776 0.10920000000000002 0.08949999999999997
7 0.5882000000000001 0.2053 0.07370000000000004 0.09469999999999999
7 0.6335999999999999 0.2349 0.06969999999999998 0.09339999999999997
7 0.5467 0.248 0.10920000000000002 0.10920000000000002
7 0.7454000000000001 0.21710000000000002 0.11710000000000008 0.1079
7 0.7026 0.2757 0.11580000000000013 0.11450000000000003
7 0.8993000000000001 0.25660000000000005 0.11180000000000007 0.14470000000000002
7 0.97 0.235 0.06 0.13
7 0.152 0.2572 0.0539 0.06450000000000003
7 0.1961 0.2684 0.09210000000000002 0.11580000000000001
7 0.2421 0.3796 0.12890000000000001 0.15659999999999996
7 0.25129999999999997 0.2783 0.05789999999999999 0.0671
7 0.1553 0.3467 0.0816 0.10129999999999999
7 0.08220000000000001 0.3395 0.0855 0.08950000000000002
7 0.11970000000000003 0.423 0.11320000000000002 0.10920000000000002
7 0.028300000000000002 0.4789 0.056600000000000004 0.15789999999999993
7 0.0941 0.5085999999999999 0.125 0.11450000000000003
7 0.4086 0.3289 0.11969999999999999 0.1237
7 0.40590000000000004 0.4539 0.12239999999999995 0.1211
7 0.6079 0.35590000000000005 0.09209999999999993 0.09079999999999998
7 0.5539000000000001 0.4 0.11579999999999999 0.1211
7 0.5164 0.44409999999999994 0.07760000000000006 0.11969999999999999
7 0.6783 0.4421 0.10390000000000008 0.12629999999999997
7 0.8086 0.5336 0.15919999999999987 0.1592
7 0.35590000000000005 0.6099 0.13819999999999996 0.11709999999999994
7 0.29469999999999996 0.6553 0.09210000000000004 0.09210000000000008
7 0.2434 0.6993 0.11839999999999996 0.11710000000000008
7 0.1895 0.6007 0.09740000000000001 0.08549999999999996
7 0.13949999999999999 0.6355 0.10259999999999998 0.1
7 0.042800000000000005 0.7237 0.06709999999999999 0.06840000000000003
7 0.0724 0.852 0.12890000000000001 0.11449999999999988
7 0.047400000000000005 0.8920999999999999 0.09470000000000002 0.11050000000000011
7 0.20989999999999998 0.9545999999999999 0.11710000000000001 0.09080000000000013
7 0.615 0.95 0.13 0.1
7 0.6967 0.9638 0.08550000000000012 0.07240000000000009
7 0.8046 0.8881999999999999 0.16180000000000005 0.16319999999999993
7 0.4007 0.9671 0.075 0.06580000000000012