7 0.015 0.13 0.03 0.12
7 0.05 0.065 0.1 0.095
7 0.04 0.02 0.08 0.04
7 0.125 0.04 0.08 0.07
7 0.08 0.2 0.1 0.105
7 0.05 0.25 0.085 0.095
7 0.2 0.125 0.1 0.105
7 0.26 0.185 0.1 0.11
7 0.35 0.185 0.065 0.065
7 0.42 0.19 0.065 0.07
7 0.525 0.18 0.11 0.09
7 0.59 0.205 0.075 0.095
7 0.635 0.235 0.07 0.095
7 0.545 0.25 0.11 0.11
7 0.745 0.215 0.115 0.11
7 0.705 0.275 0.115 0.115
7 0.9 0.255 0.11 0.145
7 0.97 0.235 0.06 0.13
7 0.15 0.255 0.055 0.065
7 0.195 0.27 0.09 0.115
7 0.24 0.38 0.13 0.155
7 0.25 0.28 0.06 0.065
7 0.155 0.345 0.08 0.1
7 0.08 0.34 0.085 0.09
7 0.12 0.425 0.115 0.11
7 0.03 0.48 0.055 0.16
7 0.095 0.51 0.125 0.115
7 0.41 0.33 0.12 0.125
7 0.405 0.455 0.12 0.12
7 0.61 0.355 0.09 0.09
7 0.555 0.4 0.115 0.12
7 0.515 0.445 0.08 0.12
7 0.68 0.44 0.105 0.125
7 0.81 0.535 0.16 0.16
7 0.355 0.61 0.14 0.115
7 0.295 0.655 0.09 0.09
7 0.245 0.7 0.12 0.115
7 0.19 0.6 0.095 0.085
7 0.14 0.635 0.105 0.1
7 0.045 0.725 0.065 0.07
7 0.07 0.85 0.13 0.115
7 0.045 0.885 0.09 0.11
7 0.21 0.955 0.115 0.09
7 0.615 0.95 0.13 0.1
7 0.695 0.965 0.085 0.07
7 0.805 0.89 0.16 0.165
7 0.4 0.965 0.075 0.065