7 0.6796 0.0217 0.13550000000000004 0.0434
7 0.7112 0.0467 0.0775999999999999 0.06449999999999999
7 0.8559 0.0664 0.10659999999999997 0.0882
7 0.8809 0.1928 0.14340000000000003 0.08289999999999999
7 0.8776 0.1368 0.12109999999999985 0.0763
7 0.9487000000000001 0.0217 0.10259999999999991 0.0434
7 0.7658 0.21780000000000002 0.057899999999999924 0.075
7 0.6914 0.2632 0.11710000000000008 0.1053
7 0.6855 0.35719999999999996 0.1053 0.11180000000000004
7 0.7914 0.3125 0.10129999999999996 0.10129999999999999
7 0.8467 0.4276 0.10919999999999988 0.09739999999999994
7 0.8487 0.3566 0.12370000000000005 0.08420000000000001
7 0.75 0.4257 0.11050000000000011 0.11450000000000003
7 0.7434000000000001 0.5821999999999999 0.16319999999999993 0.16710000000000008
7 0.7803 0.4987 0.1421000000000001 0.09469999999999999
7 0.5638000000000001 0.6217 0.11969999999999999 0.11710000000000008
7 0.6414 0.6322 0.10659999999999997 0.10129999999999996
7 0.6191 0.7625 0.1303 0.125
7 0.7428 0.7487 0.11180000000000007 0.12889999999999988
7 0.8210999999999999 0.8197 0.11050000000000011 0.11319999999999993
7 0.6947 0.9046 0.13680000000000006 0.11969999999999999
7 0.6895 0.9717 0.12370000000000005 0.05659999999999996
7 0.7940999999999999 0.9322 0.10919999999999988 0.10919999999999988
7 0.875 0.935 0.17 0.13