7 0.675 0.02 0.13 0.04
7 0.71 0.045 0.08 0.065
7 0.855 0.065 0.105 0.09
7 0.88 0.195 0.145 0.085
7 0.88 0.135 0.12 0.075
7 0.945 0.02 0.11 0.04
7 0.765 0.22 0.06 0.075
7 0.69 0.265 0.115 0.105
7 0.685 0.355 0.105 0.11
7 0.79 0.31 0.1 0.1
7 0.845 0.43 0.11 0.095
7 0.85 0.355 0.125 0.085
7 0.75 0.425 0.11 0.115
7 0.745 0.58 0.165 0.165
7 0.78 0.5 0.14 0.095
7 0.565 0.62 0.12 0.115
7 0.64 0.63 0.105 0.1
7 0.62 0.76 0.13 0.125
7 0.745 0.75 0.11 0.13
7 0.82 0.82 0.11 0.115
7 0.695 0.905 0.135 0.12
7 0.69 0.97 0.125 0.055
7 0.795 0.93 0.11 0.11
7 0.875 0.935 0.17 0.13