7 0.6796 0.0217 0.1355 0.0434
7 0.7112 0.0467 0.0776 0.0645
7 0.8559 0.0664 0.1066 0.0882
7 0.8809 0.1928 0.1434 0.08289999999999999
7 0.8776 0.1368 0.1211 0.07629999999999999
7 0.9487000000000001 0.0217 0.1026 0.0434
7 0.7658 0.21780000000000002 0.0579 0.075
7 0.6914 0.2632 0.11710000000000001 0.10529999999999999
7 0.6855 0.35719999999999996 0.10529999999999999 0.1118
7 0.7914 0.3125 0.1013 0.1013
7 0.8467 0.4276 0.1092 0.0974
7 0.8487 0.3566 0.12369999999999999 0.0842
7 0.75 0.4257 0.1105 0.11449999999999999
7 0.7434000000000001 0.5821999999999999 0.1632 0.1671
7 0.7803 0.4987 0.1421 0.0947
7 0.5638000000000001 0.6217 0.1197 0.11710000000000001
7 0.6414 0.6322 0.1066 0.1013
7 0.6191 0.7625 0.1303 0.125
7 0.7428 0.7487 0.1118 0.12890000000000001
7 0.8210999999999999 0.8197 0.1105 0.11320000000000001
7 0.6947 0.9046 0.1368 0.1197
7 0.6895 0.9717 0.12369999999999999 0.056600000000000004
7 0.7940999999999999 0.9322 0.1092 0.1092
7 0.8815999999999999 0.9395 0.1711 0.1211