7 0.415 0.045 0.11 0.09
7 0.4559 0.0974 0.08289999999999992 0.0895
7 0.3868 0.16449999999999998 0.11840000000000003 0.11839999999999998
7 0.5336 0.07369999999999999 0.08819999999999993 0.0895
7 0.6670999999999999 0.05 0.1053 0.07370000000000002
7 0.6638 0.0184 0.11710000000000008 0.0368
7 0.9211 0.1013 0.08949999999999989 0.1184
7 0.9211 0.027000000000000003 0.12109999999999985 0.05389999999999999
7 0.9684 0.12170000000000002 0.06319999999999994 0.12500000000000003
7 0.8447 0.08289999999999999 0.1053 0.12630000000000002
7 0.773 0.077 0.10390000000000015 0.1276
7 0.7382 0.18420000000000003 0.10789999999999993 0.1
7 0.7295999999999999 0.1309 0.13819999999999993 0.10130000000000003
7 0.6888 0.23420000000000002 0.08819999999999993 0.1
7 0.6315999999999999 0.2993 0.07629999999999995 0.08030000000000001
7 0.6315999999999999 0.41509999999999997 0.12370000000000005 0.1303
7 0.8092 0.3651 0.13949999999999987 0.11450000000000003
7 0.8026000000000001 0.2882 0.13680000000000006 0.1
7 0.9355 0.2586 0.11319999999999993 0.13819999999999996
7 0.5572 0.24670000000000003 0.09079999999999998 0.09609999999999999
7 0.46909999999999996 0.2625 0.11969999999999999 0.08549999999999996
7 0.4947 0.32299999999999995 0.1 0.09079999999999998
7 0.3934 0.4217 0.1526 0.15129999999999996
7 0.425 0.35590000000000005 0.11840000000000003 0.11710000000000004
7 0.7349 0.5586 0.14609999999999984 0.1328999999999999
7 0.9237000000000001 0.6368 0.13159999999999997 0.14470000000000005
7 0.98 0.7 0.04 0.1
7 0.8138 0.7565999999999999 0.11710000000000008 0.13680000000000006
7 0.8901 0.7855 0.13819999999999993 0.12370000000000005
7 0.9322 0.8454 0.13550000000000012 0.15129999999999996
7 0.8612000000000001 0.8993000000000001 0.10129999999999996 0.09870000000000005
7 0.6934 0.8336 0.13949999999999996 0.15919999999999987
7 0.7717 0.9408 0.1697 0.11840000000000003
7 0.9158 0.9571999999999999 0.16840000000000002 0.08550000000000012
7 0.0342 0.8190999999999999 0.0684 0.15659999999999996