7 0.415 0.045 0.11 0.09
7 0.455 0.095 0.085 0.09
7 0.385 0.165 0.12 0.12
7 0.535 0.075 0.09 0.09
7 0.665 0.05 0.105 0.075
7 0.665 0.02 0.115 0.035
7 0.92 0.1 0.09 0.12
7 0.92 0.025 0.12 0.05
7 0.965 0.115 0.07 0.13
7 0.845 0.085 0.105 0.125
7 0.775 0.075 0.105 0.13
7 0.74 0.185 0.11 0.1
7 0.73 0.13 0.14 0.1
7 0.69 0.235 0.09 0.1
7 0.63 0.3 0.075 0.08
7 0.63 0.415 0.125 0.13
7 0.81 0.365 0.14 0.115
7 0.805 0.29 0.135 0.1
7 0.935 0.26 0.115 0.14
7 0.555 0.245 0.09 0.095
7 0.47 0.26 0.12 0.085
7 0.495 0.325 0.1 0.09
7 0.395 0.42 0.155 0.15
7 0.425 0.355 0.12 0.115
7 0.735 0.56 0.145 0.135
7 0.925 0.635 0.13 0.145
7 0.98 0.7 0.04 0.1
7 0.815 0.755 0.115 0.135
7 0.89 0.785 0.14 0.125
7 0.93 0.845 0.135 0.15
7 0.86 0.9 0.1 0.1
7 0.695 0.835 0.14 0.16
7 0.77 0.94 0.17 0.12
7 0.915 0.955 0.17 0.085
7 0.035 0.82 0.07 0.155