7 0.423 0.048 0.1092 0.09609999999999999
7 0.4559 0.0974 0.08289999999999999 0.0895
7 0.3868 0.16449999999999998 0.1184 0.1184
7 0.5336 0.0737 0.0882 0.0895
7 0.6670999999999999 0.05 0.10529999999999999 0.0737
7 0.6638 0.0184 0.11710000000000001 0.0368
7 0.9211 0.1013 0.0895 0.1184
7 0.9211 0.027000000000000003 0.1211 0.053899999999999997
7 0.9684 0.1217 0.0632 0.125
7 0.8447 0.08289999999999999 0.10529999999999999 0.1263
7 0.773 0.077 0.1039 0.1276
7 0.7382 0.18420000000000003 0.1079 0.1
7 0.7295999999999999 0.1309 0.1382 0.1013
7 0.6888 0.23420000000000002 0.0882 0.1
7 0.6315999999999999 0.2993 0.07629999999999999 0.0803
7 0.6315999999999999 0.41509999999999997 0.12369999999999999 0.1303
7 0.8092 0.3651 0.13949999999999999 0.11449999999999999
7 0.8026000000000001 0.2882 0.1368 0.1
7 0.9355 0.2586 0.11320000000000001 0.1382
7 0.5572 0.24670000000000003 0.0908 0.09609999999999999
7 0.46909999999999996 0.2625 0.1197 0.0855
7 0.4947 0.32299999999999995 0.1 0.0908
7 0.3934 0.4217 0.15259999999999999 0.15130000000000002
7 0.425 0.35590000000000005 0.1184 0.11710000000000001
7 0.7349 0.5586 0.1461 0.1329
7 0.9237000000000001 0.6368 0.1316 0.1447
7 0.9803000000000001 0.7006999999999999 0.0395 0.0987
7 0.8138 0.7565999999999999 0.11710000000000001 0.1368
7 0.8901 0.7855 0.1382 0.12369999999999999
7 0.9322 0.8454 0.1355 0.15130000000000002
7 0.8612000000000001 0.8993000000000001 0.1013 0.0987
7 0.6934 0.8336 0.13949999999999999 0.1592
7 0.7717 0.9408 0.1697 0.1184
7 0.9158 0.9571999999999999 0.1684 0.0855
7 0.0342 0.8190999999999999 0.0684 0.1566