7 0.222 0.465 0.07200000000000002 0.11400000000000006
7 0.0305 0.531 0.061 0.12
7 0.136 0.6859999999999999 0.13599999999999998 0.14
7 0.242 0.778 0.13 0.13599999999999995
7 0.5135000000000001 0.8375 0.12099999999999994 0.1269999999999999
7 0.5710000000000001 0.7195 0.13 0.14099999999999993
7 0.37799999999999995 0.8859999999999999 0.12799999999999997 0.10400000000000005
6 0.973 0.75 0.054000000000000055 0.14199999999999988
6 0.789 0.0235 0.11400000000000006 0.047
6 0.941 0.08 0.11800000000000012 0.1
6 0.9279999999999999 0.014499999999999999 0.1319999999999999 0.028999999999999998
6 0.9670000000000001 0.935 0.06599999999999995 0.13