7 0.3525 0.887 0.085 0.08199999999999999
7 0.44 0.8775 0.07200000000000001 0.065
7 0.502 0.9275 0.078 0.075
7 0.3725 0.9725 0.087 0.055
7 0.599 0.935 0.09 0.08800000000000001
7 0.7065 0.9570000000000001 0.087 0.08199999999999999
7 0.708 0.816 0.086 0.084
7 0.7525 0.865 0.095 0.084
7 0.8059999999999999 0.8029999999999999 0.057999999999999996 0.08
7 0.7915000000000001 0.9135 0.081 0.081
7 0.8875 0.9745 0.107 0.051
7 0.9235 0.937 0.095 0.057999999999999996
7 0.9390000000000001 0.866 0.08800000000000001 0.08
7 0.9440000000000001 0.7879999999999999 0.09 0.068