7 0.3525 0.887 0.085 0.08199999999999989
7 0.44 0.8775 0.07200000000000002 0.065
7 0.502 0.9275 0.07799999999999997 0.075
7 0.3725 0.9725 0.08700000000000002 0.055
7 0.5990000000000001 0.935 0.09000000000000007 0.08800000000000012
7 0.7065 0.9570000000000001 0.08699999999999988 0.08199999999999989
7 0.708 0.816 0.08599999999999994 0.08400000000000006
7 0.7525 0.865 0.095 0.08400000000000006
7 0.8059999999999999 0.8029999999999999 0.058000000000000114 0.08
7 0.7915000000000001 0.9135 0.08099999999999995 0.08099999999999995
7 0.8875 0.9745 0.10699999999999989 0.05099999999999994
7 0.9235 0.937 0.095 0.058000000000000114
7 0.9390000000000001 0.866 0.08800000000000012 0.08
7 0.9440000000000001 0.7879999999999999 0.09 0.06800000000000012