7 0.1435 0.4575 0.087 0.105
7 0.16949999999999998 0.542 0.107 0.094
7 0.075 0.68 0.124 0.102
7 0.034 0.7815000000000001 0.068 0.131
7 0.34950000000000003 0.585 0.059000000000000004 0.06
7 0.3825 0.5165 0.077 0.085
7 0.508 0.5 0.055999999999999994 0.055999999999999994
7 0.509 0.562 0.1 0.066
7 0.28350000000000003 0.489 0.09300000000000001 0.08199999999999999
7 0.36450000000000005 0.4275 0.061 0.065
7 0.4035 0.368 0.045 0.048
7 0.4415 0.40850000000000003 0.073 0.063
7 0.47600000000000003 0.46649999999999997 0.064 0.051
7 0.2225 0.4125 0.083 0.065
7 0.233 0.35200000000000004 0.10400000000000001 0.078
7 0.5165 0.24350000000000002 0.081 0.083
7 0.6125 0.212 0.083 0.07200000000000001
7 0.7170000000000001 0.256 0.084 0.076
7 0.75 0.41 0.084 0.086
7 0.33649999999999997 0.3675 0.063 0.067
7 0.2785 0.2985 0.063 0.055
7 0.3065 0.253 0.047 0.064
7 0.364 0.24100000000000002 0.068 0.078
7 0.39149999999999996 0.27449999999999997 0.057 0.057
7 0.428 0.23800000000000002 0.05 0.054000000000000006
7 0.4775 0.179 0.043 0.052000000000000005
7 0.515 0.1245 0.042 0.047
7 0.19899999999999998 0.217 0.046 0.064
7 0.258 0.1925 0.062 0.071
7 0.2225 0.1425 0.09699999999999999 0.081
7 0.1655 0.0695 0.061 0.069
7 0.09699999999999999 0.131 0.096 0.07400000000000001
7 0.042 0.1955 0.062 0.063
7 0.405 0.124 0.054000000000000006 0.06
7 0.3345 0.08449999999999999 0.083 0.071
7 0.40399999999999997 0.051 0.062 0.064
7 0.5075 0.051500000000000004 0.079 0.069
7 0.6135 0.0925 0.045 0.053
7 0.6835 0.12050000000000001 0.071 0.061
7 0.7725 0.087 0.081 0.068
7 0.759 0.1565 0.07200000000000001 0.059000000000000004
7 0.8079999999999999 0.13699999999999998 0.064 0.07
7 0.8525 0.051500000000000004 0.10300000000000001 0.10300000000000001
7 0.5760000000000001 0.38 0.068 0.08199999999999999
7 0.818 0.5820000000000001 0.038 0.052000000000000005
7 0.8055 0.6779999999999999 0.073 0.066
7 0.84 0.478 0.044000000000000004 0.066
7 0.8805 0.45299999999999996 0.09300000000000001 0.08800000000000001
7 0.9355 0.5295000000000001 0.085 0.10300000000000001
7 0.935 0.6245 0.052000000000000005 0.073
7 0.8640000000000001 0.7245 0.048 0.059000000000000004
7 0.867 0.8045 0.11199999999999999 0.09699999999999999
7 0.9675 0.8265 0.065 0.071
7 0.6609999999999999 0.7829999999999999 0.076 0.106
7 0.65 0.927 0.114 0.102
7 0.8425 0.9665 0.073 0.057
7 0.2415 0.935 0.10300000000000001 0.13
7 0.535 0.6975 0.084 0.09300000000000001
7 0.6015 0.665 0.095 0.128
7 0.645 0.604 0.07 0.1
7 0.639 0.44299999999999995 0.062 0.055999999999999994
7 0.6845 0.512 0.069 0.07200000000000001
7 0.6615000000000001 0.47350000000000003 0.051 0.063