7 0.145 0.46 0.085 0.105
7 0.17 0.54 0.105 0.095
7 0.075 0.68 0.125 0.1
7 0.035 0.78 0.07 0.13
7 0.35 0.585 0.06 0.06
7 0.38 0.515 0.075 0.085
7 0.51 0.5 0.055 0.055
7 0.51 0.56 0.1 0.065
7 0.285 0.49 0.095 0.08
7 0.365 0.43 0.06 0.065
7 0.405 0.37 0.045 0.05
7 0.44 0.41 0.075 0.065
7 0.475 0.465 0.065 0.05
7 0.22 0.41 0.085 0.065
7 0.235 0.35 0.105 0.08
7 0.515 0.245 0.08 0.085
7 0.61 0.21 0.085 0.07
7 0.715 0.255 0.085 0.075
7 0.75 0.41 0.085 0.085
7 0.335 0.37 0.065 0.065
7 0.28 0.3 0.065 0.055
7 0.305 0.255 0.045 0.065
7 0.365 0.24 0.07 0.08
7 0.39 0.275 0.055 0.055
7 0.43 0.24 0.05 0.055
7 0.48 0.18 0.045 0.05
7 0.515 0.125 0.04 0.045
7 0.2 0.215 0.045 0.065
7 0.26 0.19 0.06 0.07
7 0.22 0.14 0.095 0.08
7 0.165 0.07 0.06 0.07
7 0.095 0.13 0.095 0.075
7 0.04 0.195 0.06 0.065
7 0.405 0.125 0.055 0.06
7 0.335 0.085 0.085 0.07
7 0.405 0.05 0.06 0.065
7 0.51 0.05 0.08 0.07
7 0.615 0.09 0.045 0.055
7 0.685 0.12 0.07 0.06
7 0.77 0.085 0.08 0.07
7 0.76 0.155 0.07 0.06
7 0.81 0.135 0.065 0.07
7 0.845 0.05 0.11 0.1
7 0.575 0.38 0.07 0.08
7 0.82 0.58 0.04 0.05
7 0.805 0.68 0.075 0.065
7 0.84 0.48 0.045 0.065
7 0.88 0.455 0.095 0.09
7 0.935 0.53 0.085 0.105
7 0.935 0.625 0.05 0.075
7 0.865 0.725 0.05 0.06
7 0.865 0.805 0.11 0.095
7 0.965 0.825 0.07 0.07
7 0.66 0.785 0.075 0.105
7 0.65 0.925 0.115 0.1
7 0.84 0.965 0.075 0.055
7 0.24 0.935 0.105 0.13
7 0.535 0.7 0.085 0.095
7 0.6 0.665 0.095 0.13
7 0.645 0.605 0.07 0.1
7 0.64 0.445 0.06 0.055
7 0.685 0.51 0.07 0.07
7 0.66 0.475 0.05 0.065