7 0.1435 0.4575 0.087 0.105
7 0.16949999999999998 0.542 0.10699999999999997 0.09400000000000006
7 0.075 0.68 0.12399999999999999 0.10199999999999995
7 0.034 0.7815000000000001 0.068 0.13099999999999995
7 0.34950000000000003 0.585 0.05900000000000006 0.06
7 0.3825 0.5165 0.07700000000000003 0.085
7 0.508 0.5 0.055999999999999946 0.055999999999999946
7 0.509 0.562 0.1 0.06599999999999995
7 0.28350000000000003 0.489 0.09299999999999997 0.08200000000000003
7 0.36450000000000005 0.4275 0.06099999999999994 0.065
7 0.4035 0.368 0.045 0.04799999999999997
7 0.4415 0.40850000000000003 0.07299999999999997 0.06299999999999997
7 0.47600000000000003 0.46649999999999997 0.06400000000000006 0.05099999999999994
7 0.2225 0.4125 0.08299999999999998 0.065
7 0.233 0.35200000000000004 0.10399999999999998 0.07799999999999997
7 0.5165 0.24350000000000002 0.08099999999999995 0.08299999999999998
7 0.6125 0.212 0.08300000000000005 0.07200000000000002
7 0.7170000000000001 0.256 0.08400000000000006 0.07600000000000001
7 0.75 0.41 0.08400000000000006 0.08599999999999994
7 0.33649999999999997 0.3675 0.06299999999999997 0.06700000000000003
7 0.2785 0.2985 0.06299999999999997 0.055
7 0.3065 0.253 0.04700000000000003 0.06399999999999999
7 0.364 0.24100000000000002 0.06799999999999998 0.07799999999999997
7 0.39149999999999996 0.27449999999999997 0.05700000000000003 0.05700000000000003
7 0.428 0.23800000000000002 0.05 0.053999999999999986
7 0.4775 0.179 0.04299999999999997 0.05200000000000001
7 0.515 0.1245 0.04200000000000003 0.04699999999999999
7 0.19899999999999998 0.217 0.04600000000000001 0.06399999999999999
7 0.258 0.1925 0.06200000000000003 0.07100000000000001
7 0.2225 0.1425 0.09700000000000003 0.08100000000000002
7 0.1655 0.0695 0.06100000000000001 0.069
7 0.09699999999999999 0.131 0.09600000000000002 0.07400000000000002
7 0.042 0.1955 0.06200000000000001 0.06299999999999997
7 0.405 0.124 0.054000000000000055 0.06
7 0.3345 0.08449999999999999 0.08299999999999998 0.07100000000000001
7 0.40399999999999997 0.051 0.06200000000000003 0.06400000000000002
7 0.5075 0.051500000000000004 0.07900000000000006 0.069
7 0.6135 0.0925 0.045 0.053000000000000005
7 0.6835 0.12050000000000001 0.07099999999999994 0.06100000000000001
7 0.7725 0.087 0.08099999999999995 0.068
7 0.759 0.1565 0.07199999999999988 0.059000000000000025
7 0.8079999999999999 0.13699999999999998 0.06400000000000006 0.07
7 0.8525 0.051500000000000004 0.10300000000000012 0.10300000000000001
7 0.5760000000000001 0.38 0.06799999999999998 0.08200000000000003
7 0.818 0.5820000000000001 0.03800000000000012 0.052000000000000025
7 0.8055 0.6779999999999999 0.07300000000000012 0.06599999999999995
7 0.84 0.478 0.04400000000000006 0.06599999999999995
7 0.8805 0.45299999999999996 0.09300000000000011 0.08799999999999997
7 0.9355 0.5295000000000001 0.085 0.10299999999999997
7 0.935 0.6245 0.05199999999999989 0.07300000000000004
7 0.8640000000000001 0.7245 0.04800000000000011 0.05900000000000006
7 0.867 0.8045 0.11199999999999989 0.09699999999999989
7 0.9675 0.8265 0.065 0.07099999999999994
7 0.6609999999999999 0.7829999999999999 0.07599999999999994 0.10599999999999994
7 0.65 0.927 0.11400000000000006 0.10199999999999988
7 0.8425 0.9665 0.07300000000000012 0.056999999999999884
7 0.2415 0.935 0.10299999999999997 0.13
7 0.535 0.6975 0.08400000000000006 0.09300000000000011
7 0.6015 0.665 0.09500000000000007 0.12800000000000003
7 0.645 0.6040000000000001 0.07 0.10000000000000007
7 0.639 0.44299999999999995 0.06200000000000003 0.055999999999999946
7 0.6845 0.512 0.06900000000000006 0.07200000000000002
7 0.6615000000000001 0.47350000000000003 0.05099999999999994 0.06299999999999997