7 0.654 0.1795 0.06 0.055
7 0.8284999999999999 0.1575 0.053 0.055
7 0.9484999999999999 0.496 0.057 0.07200000000000001
7 0.875 0.5335 0.13 0.129
7 0.7885 0.5055 0.065 0.079
7 0.6505 0.494 0.045 0.046
7 0.7055 0.47950000000000004 0.059000000000000004 0.063
7 0.687 0.392 0.086 0.132
7 0.7685 0.6175 0.057 0.069
7 0.7825 0.7715000000000001 0.065 0.071
7 0.6275 0.754 0.069 0.124
7 0.6185 0.6325 0.095 0.091
7 0.5935 0.8734999999999999 0.107 0.09300000000000001
7 0.9555 0.867 0.08900000000000001 0.057999999999999996
7 0.953 0.9329999999999999 0.07200000000000001 0.048
7 0.9754999999999999 0.976 0.049 0.048
7 0.9145 0.9775 0.079 0.045
7 0.8515 0.96 0.081 0.08
7 0.6775 0.938 0.087 0.114
7 0.7515000000000001 0.9345 0.105 0.125
7 0.3875 0.528 0.069 0.066
7 0.48950000000000005 0.84 0.065 0.064
7 0.304 0.8445 0.086 0.099
7 0.1405 0.8065000000000001 0.067 0.077
7 0.1635 0.929 0.099 0.11800000000000001
7 0.2635 0.9009999999999999 0.073 0.054000000000000006
7 0.2955 0.971 0.057 0.052000000000000005
7 0.057999999999999996 0.91 0.1 0.09
7 0.196 0.7175 0.05 0.040999999999999995
7 0.292 0.7565000000000001 0.114 0.09699999999999999
7 0.34149999999999997 0.684 0.073 0.068
7 0.408 0.7334999999999999 0.16399999999999998 0.09699999999999999
7 0.539 0.602 0.054000000000000006 0.06
7 0.5225 0.4915 0.141 0.131
7 0.392 0.39649999999999996 0.057999999999999996 0.055
7 0.3065 0.5710000000000001 0.08900000000000001 0.08
7 0.15 0.6204999999999999 0.078 0.077
7 0.06 0.6635 0.08 0.047
7 0.1955 0.55 0.065 0.076
7 0.3045 0.1325 0.067 0.073
7 0.5005 0.051500000000000004 0.085 0.075
7 0.568 0.1375 0.076 0.071
7 0.579 0.2365 0.046 0.043
7 0.498 0.26899999999999996 0.07200000000000001 0.08199999999999999
7 0.555 0.35200000000000004 0.078 0.07200000000000001
7 0.57 0.2845 0.02 0.015
7 0.3625 0.34299999999999997 0.08900000000000001 0.094
7 0.3795 0.1975 0.099 0.107
7 0.37450000000000006 0.07 0.09699999999999999 0.086
7 0.425 0.121 0.094 0.09
7 0.493 0.14550000000000002 0.076 0.059000000000000004
7 0.20550000000000002 0.053 0.09699999999999999 0.076
7 0.205 0.13 0.094 0.07200000000000001
7 0.029500000000000002 0.22399999999999998 0.057 0.124
7 0.09949999999999999 0.273 0.073 0.07400000000000001
7 0.09300000000000001 0.41850000000000004 0.086 0.075
7 0.22399999999999998 0.42700000000000005 0.064 0.052000000000000005
7 0.23149999999999998 0.4775 0.031 0.047
7 0.225 0.34049999999999997 0.062 0.049
7 0.6035 0.3035 0.043 0.053
7 0.511 0.375 0.06 0.07
7 0.2235 0.28600000000000003 0.081 0.055999999999999994
7 0.18899999999999997 0.233 0.084 0.046
7 0.9815 0.366 0.037000000000000005 0.11