7 0.654 0.1795 0.06 0.055
7 0.8284999999999999 0.1575 0.053000000000000116 0.055
7 0.9484999999999999 0.496 0.056999999999999884 0.07200000000000002
7 0.875 0.5335 0.13 0.12900000000000006
7 0.7885 0.5055 0.065 0.07900000000000006
7 0.6505 0.494 0.045 0.045999999999999944
7 0.7055 0.47950000000000004 0.05900000000000006 0.06299999999999997
7 0.687 0.392 0.08599999999999994 0.13200000000000003
7 0.7685 0.6175 0.056999999999999884 0.06900000000000006
7 0.7825 0.7715000000000001 0.065 0.07099999999999994
7 0.6275 0.754 0.06900000000000006 0.12400000000000005
7 0.6184999999999999 0.6325 0.09499999999999993 0.09099999999999994
7 0.5935 0.8734999999999999 0.10700000000000003 0.09300000000000011
7 0.9555 0.867 0.08900000000000005 0.058000000000000114
7 0.953 0.9329999999999999 0.07199999999999988 0.04800000000000011
7 0.9754999999999999 0.976 0.04900000000000006 0.04800000000000011
7 0.9145 0.9775 0.07900000000000006 0.045
7 0.8515 0.96 0.08099999999999995 0.08
7 0.6775 0.938 0.08699999999999995 0.11400000000000006
7 0.7515000000000001 0.9345 0.105 0.125
7 0.3875 0.528 0.06900000000000006 0.06599999999999995
7 0.48950000000000005 0.84 0.065 0.06400000000000006
7 0.304 0.8445 0.08599999999999998 0.09900000000000006
7 0.1405 0.8065000000000001 0.067 0.07699999999999989
7 0.1635 0.929 0.09899999999999999 0.11800000000000012
7 0.2635 0.9009999999999999 0.07299999999999997 0.054000000000000055
7 0.2955 0.971 0.056999999999999995 0.05199999999999989
7 0.05800000000000001 0.91 0.1 0.09
7 0.196 0.7175 0.05 0.040999999999999946
7 0.292 0.7565000000000001 0.11399999999999999 0.09699999999999989
7 0.34149999999999997 0.684 0.07299999999999997 0.06800000000000012
7 0.408 0.7334999999999999 0.16400000000000006 0.09699999999999989
7 0.539 0.602 0.054000000000000055 0.06
7 0.5225 0.4915 0.14099999999999993 0.13099999999999995
7 0.392 0.39649999999999996 0.05799999999999997 0.055
7 0.3065 0.5710000000000001 0.08900000000000002 0.08
7 0.15 0.6204999999999999 0.07799999999999999 0.07699999999999996
7 0.06 0.6635 0.08 0.04699999999999996
7 0.1955 0.55 0.065 0.07599999999999994
7 0.30449999999999994 0.1325 0.06699999999999999 0.073
7 0.5005 0.051500000000000004 0.085 0.075
7 0.568 0.1375 0.07599999999999994 0.07100000000000001
7 0.579 0.2365 0.045999999999999944 0.04299999999999997
7 0.498 0.26899999999999996 0.07200000000000002 0.08200000000000003
7 0.555 0.35200000000000004 0.07799999999999997 0.07200000000000002
7 0.57 0.2845 0.02 0.015
7 0.3625 0.34299999999999997 0.08900000000000002 0.09400000000000003
7 0.3795 0.1975 0.09900000000000006 0.10700000000000001
7 0.37450000000000006 0.07 0.09700000000000003 0.08600000000000002
7 0.425 0.12100000000000001 0.09400000000000006 0.09000000000000002
7 0.493 0.14550000000000002 0.07599999999999994 0.05899999999999998
7 0.20550000000000002 0.053 0.09699999999999998 0.076
7 0.205 0.13 0.09399999999999999 0.07200000000000001
7 0.029500000000000002 0.22399999999999998 0.05700000000000001 0.12399999999999999
7 0.09949999999999999 0.273 0.07300000000000001 0.07399999999999998
7 0.09300000000000001 0.41850000000000004 0.08600000000000002 0.075
7 0.22399999999999998 0.42700000000000005 0.06399999999999999 0.052000000000000025
7 0.23149999999999998 0.4775 0.031000000000000014 0.04700000000000003
7 0.225 0.34049999999999997 0.06200000000000003 0.04900000000000002
7 0.6035 0.3035 0.04299999999999997 0.05299999999999997
7 0.511 0.375 0.06 0.07
7 0.2235 0.28600000000000003 0.08100000000000002 0.056000000000000015
7 0.18899999999999997 0.233 0.08399999999999999 0.04600000000000001
7 0.9815 0.366 0.03699999999999989 0.11