7 0.655 0.18 0.06 0.055
7 0.83 0.16 0.055 0.055
7 0.95 0.495 0.055 0.07
7 0.875 0.535 0.13 0.13
7 0.79 0.505 0.065 0.08
7 0.65 0.495 0.045 0.045
7 0.705 0.48 0.06 0.065
7 0.685 0.39 0.085 0.13
7 0.77 0.62 0.055 0.07
7 0.78 0.77 0.065 0.07
7 0.63 0.755 0.07 0.125
7 0.62 0.63 0.095 0.09
7 0.595 0.875 0.105 0.095
7 0.955 0.865 0.09 0.06
7 0.955 0.935 0.07 0.05
7 0.975 0.975 0.05 0.05
7 0.91 0.975 0.08 0.05
7 0.85 0.96 0.08 0.08
7 0.68 0.94 0.085 0.115
7 0.75 0.935 0.105 0.125
7 0.39 0.53 0.07 0.065
7 0.49 0.84 0.065 0.065
7 0.305 0.845 0.085 0.1
7 0.14 0.805 0.065 0.075
7 0.165 0.93 0.1 0.12
7 0.265 0.9 0.075 0.055
7 0.295 0.97 0.055 0.05
7 0.06 0.91 0.1 0.09
7 0.195 0.72 0.05 0.04
7 0.29 0.755 0.115 0.095
7 0.34 0.685 0.075 0.07
7 0.41 0.735 0.165 0.095
7 0.54 0.6 0.055 0.06
7 0.52 0.49 0.14 0.13
7 0.39 0.395 0.06 0.055
7 0.305 0.57 0.09 0.08
7 0.15 0.62 0.08 0.075
7 0.06 0.665 0.08 0.045
7 0.195 0.55 0.065 0.075
7 0.305 0.13 0.065 0.075
7 0.5 0.05 0.085 0.075
7 0.57 0.14 0.075 0.07
7 0.58 0.235 0.045 0.045
7 0.5 0.27 0.07 0.08
7 0.555 0.35 0.08 0.07
7 0.57 0.285 0.02 0.015
7 0.36 0.345 0.09 0.095
7 0.38 0.2 0.1 0.105
7 0.375 0.07 0.095 0.085
7 0.425 0.12 0.095 0.09
7 0.495 0.145 0.075 0.06
7 0.205 0.055 0.095 0.075
7 0.205 0.13 0.095 0.07
7 0.03 0.225 0.055 0.125
7 0.1 0.275 0.075 0.075
7 0.095 0.42 0.085 0.075
7 0.225 0.425 0.065 0.05
7 0.23 0.48 0.03 0.045
7 0.225 0.34 0.06 0.05
7 0.605 0.305 0.045 0.055
7 0.51 0.375 0.06 0.07
7 0.225 0.285 0.08 0.055
7 0.19 0.235 0.085 0.045
7 0.98 0.365 0.035 0.11