7 0.18 0.065 0.06 0.065
7 0.27 0.18 0.115 0.105
7 0.235 0.29 0.1 0.09
7 0.14 0.3 0.075 0.095
7 0.14 0.35 0.095 0.07
7 0.2 0.48 0.09 0.12
7 0.185 0.375 0.08 0.08
7 0.405 0.43 0.09 0.08
7 0.435 0.325 0.065 0.095
7 0.325 0.51 0.055 0.065
7 0.415 0.53 0.075 0.07
7 0.065 0.465 0.075 0.08
7 0.675 0.04 0.09 0.08
7 0.955 0.065 0.09 0.09
7 0.93 0.3 0.07 0.09
7 0.77 0.475 0.06 0.09
7 0.9 0.535 0.075 0.065
7 0.84 0.625 0.095 0.11
7 0.605 0.495 0.085 0.09
7 0.54 0.5 0.075 0.06
7 0.54 0.56 0.08 0.065
7 0.485 0.62 0.08 0.08
7 0.38 0.685 0.06 0.055
7 0.32 0.7 0.08 0.07
7 0.29 0.655 0.075 0.075
7 0.25 0.6 0.11 0.1
7 0.15 0.675 0.09 0.085
7 0.12 0.805 0.105 0.065
7 0.09 0.785 0.015 0.01
7 0.085 0.86 0.04 0.045
7 0.115 0.845 0.005 0.01
7 0.6 0.93 0.105 0.105
7 0.66 0.65 0.055 0.07
7 0.725 0.65 0.07 0.075
7 0.88 0.73 0.075 0.065
7 0.885 0.88 0.065 0.07
7 0.975 0.91 0.05 0.07
7 0.865 0.955 0.065 0.085
7 0.795 0.975 0.09 0.05
7 0.75 0.89 0.095 0.065
7 0.795 0.82 0.105 0.085
7 0.685 0.82 0.135 0.075
7 0.62 0.765 0.075 0.065
7 0.525 0.77 0.095 0.165
7 0.34 0.865 0.04 0.03
7 0.36 0.935 0.065 0.055
7 0.955 0.815 0.09 0.05
7 0.97 0.725 0.06 0.09
7 0.665 0.41 0.115 0.14
7 0.03 0.315 0.06 0.11
7 0.125 0.975 0.095 0.05
7 0.03 0.935 0.05 0.125
7 0.405 0.915 0.045 0.07
7 0.46 0.885 0.045 0.055
7 0.415 0.64 0.06 0.07