7 0.179 0.0665 0.06 0.067
7 0.268 0.1775 0.11599999999999999 0.105
7 0.237 0.28800000000000003 0.098 0.08800000000000001
7 0.1425 0.2975 0.075 0.095
7 0.142 0.35200000000000004 0.094 0.07200000000000001
7 0.201 0.478 0.092 0.122
7 0.1865 0.376 0.081 0.08199999999999999
7 0.406 0.429 0.08800000000000001 0.08199999999999999
7 0.4365 0.3245 0.067 0.09300000000000001
7 0.3235 0.51 0.053 0.064
7 0.41600000000000004 0.5325 0.076 0.071
7 0.067 0.467 0.07400000000000001 0.078
7 0.6775 0.0415 0.083 0.083
7 0.9584999999999999 0.0665 0.083 0.091
7 0.9309999999999999 0.2975 0.07200000000000001 0.08900000000000001
7 0.7675 0.4755 0.061 0.08900000000000001
7 0.8995000000000001 0.5335 0.077 0.063
7 0.8375 0.624 0.095 0.10800000000000001
7 0.604 0.4955 0.086 0.091
7 0.5415 0.499 0.077 0.062
7 0.542 0.5595 0.08199999999999999 0.065
7 0.485 0.62 0.078 0.08199999999999999
7 0.379 0.6835 0.06 0.055
7 0.3195 0.7005 0.081 0.071
7 0.2875 0.6535 0.073 0.073
7 0.25 0.5985 0.11 0.099
7 0.1515 0.6735 0.091 0.085
7 0.1225 0.8059999999999999 0.10300000000000001 0.066
7 0.0895 0.7845 0.017 0.011000000000000001
7 0.085 0.8584999999999999 0.042 0.043
7 0.11599999999999999 0.846 0.006 0.008
7 0.6015 0.9295 0.10300000000000001 0.107
7 0.6585 0.65 0.053 0.07
7 0.727 0.649 0.07200000000000001 0.07400000000000001
7 0.8825 0.7284999999999999 0.077 0.065
7 0.8835 0.8775 0.065 0.069
7 0.976 0.9095 0.048 0.069
7 0.865 0.9534999999999999 0.064 0.083
7 0.797 0.975 0.08800000000000001 0.05
7 0.7475 0.8905 0.095 0.065
7 0.7959999999999999 0.8205 0.10400000000000001 0.083
7 0.685 0.8225 0.134 0.077
7 0.6195 0.764 0.075 0.064
7 0.5235 0.768 0.09300000000000001 0.166
7 0.3395 0.8640000000000001 0.039 0.032
7 0.36200000000000004 0.9329999999999999 0.066 0.054000000000000006
7 0.958 0.8215 0.084 0.049
7 0.971 0.7265 0.057999999999999996 0.08900000000000001
7 0.6645 0.4115 0.115 0.141
7 0.029500000000000002 0.316 0.059000000000000004 0.11
7 0.1245 0.975 0.09300000000000001 0.05
7 0.03 0.937 0.052000000000000005 0.126
7 0.40700000000000003 0.915 0.046 0.07200000000000001
7 0.46 0.8855 0.044000000000000004 0.053
7 0.415 0.6385000000000001 0.057999999999999996 0.069