7 0.179 0.0665 0.06 0.06699999999999999
7 0.268 0.1775 0.11600000000000002 0.105
7 0.237 0.28800000000000003 0.09800000000000005 0.08800000000000004
7 0.1425 0.2975 0.075 0.095
7 0.142 0.35200000000000004 0.09399999999999999 0.07200000000000002
7 0.201 0.478 0.09200000000000001 0.12200000000000003
7 0.1865 0.376 0.08100000000000002 0.08200000000000003
7 0.406 0.429 0.08799999999999997 0.08200000000000003
7 0.4365 0.3245 0.06700000000000003 0.09299999999999997
7 0.3235 0.51 0.05299999999999997 0.06400000000000006
7 0.41600000000000004 0.5325 0.07599999999999994 0.07099999999999994
7 0.067 0.467 0.07400000000000001 0.07799999999999997
7 0.6775 0.0415 0.08300000000000005 0.083
7 0.9584999999999999 0.0665 0.08300000000000012 0.09099999999999998
7 0.9309999999999999 0.2975 0.07199999999999988 0.08900000000000002
7 0.7675 0.4755 0.06099999999999994 0.08900000000000005
7 0.8995000000000001 0.5335 0.07699999999999989 0.06299999999999997
7 0.8375 0.624 0.095 0.10799999999999997
7 0.6040000000000001 0.4955 0.08600000000000002 0.09099999999999994
7 0.5415 0.499 0.07700000000000003 0.06200000000000003
7 0.542 0.5595 0.08200000000000003 0.065
7 0.485 0.62 0.07799999999999997 0.08199999999999996
7 0.379 0.6835 0.06 0.055
7 0.3195 0.7005 0.08100000000000002 0.07099999999999994
7 0.2875 0.6535 0.07299999999999997 0.07300000000000004
7 0.25 0.5984999999999999 0.11 0.09899999999999999
7 0.1515 0.6735 0.09099999999999998 0.085
7 0.1225 0.8059999999999999 0.103 0.06599999999999995
7 0.0895 0.7845 0.016999999999999994 0.010999999999999944
7 0.085 0.8584999999999999 0.041999999999999996 0.043000000000000115
7 0.11599999999999999 0.846 0.006000000000000014 0.008000000000000113
7 0.6015 0.9295 0.10299999999999997 0.10699999999999989
7 0.6585 0.65 0.05300000000000004 0.07
7 0.727 0.649 0.07199999999999988 0.07400000000000005
7 0.8825 0.7284999999999999 0.07699999999999989 0.065
7 0.8835 0.8775 0.065 0.06900000000000006
7 0.976 0.9095 0.04800000000000011 0.06900000000000006
7 0.865 0.9534999999999999 0.06400000000000006 0.08300000000000012
7 0.797 0.975 0.08800000000000012 0.05
7 0.7475 0.8905 0.095 0.065
7 0.7959999999999999 0.8205 0.10400000000000005 0.08300000000000012
7 0.685 0.8225 0.13400000000000006 0.07699999999999989
7 0.6195 0.764 0.075 0.06400000000000006
7 0.5235 0.768 0.09299999999999997 0.16599999999999995
7 0.3395 0.8640000000000001 0.039000000000000055 0.03199999999999989
7 0.36200000000000004 0.9329999999999999 0.06599999999999995 0.054000000000000055
7 0.958 0.8215 0.08400000000000006 0.04900000000000006
7 0.971 0.7265 0.058000000000000114 0.08900000000000005
7 0.6645 0.4115 0.115 0.14099999999999993
7 0.029500000000000002 0.316 0.059000000000000004 0.11
7 0.1245 0.975 0.09300000000000003 0.05
7 0.03 0.937 0.05199999999999999 0.12599999999999995
7 0.40700000000000003 0.915 0.045999999999999944 0.07199999999999988
7 0.46 0.8855 0.04400000000000006 0.053000000000000116
7 0.415 0.6385 0.05799999999999997 0.06899999999999999