7 0.27 0.06 0.09 0.075
7 0.335 0.135 0.095 0.1
7 0.345 0.065 0.07 0.06
7 0.4 0.09 0.065 0.07
7 0.43 0.055 0.07 0.07
7 0.46 0.14 0.075 0.09
7 0.475 0.08 0.08 0.07
7 0.53 0.215 0.05 0.075
7 0.535 0.16 0.055 0.07
7 0.52 0.105 0.055 0.06
7 0.15 0.205 0.09 0.085
7 0.55 0.04 0.065 0.075
7 0.63 0.06 0.09 0.095
7 0.59 0.205 0.07 0.075
7 0.65 0.21 0.065 0.08
7 0.73 0.14 0.075 0.07
7 0.755 0.16 0.075 0.07
7 0.795 0.095 0.065 0.09
7 0.835 0.03 0.09 0.06
7 0.755 0.08 0.095 0.075
7 0.7 0.075 0.07 0.065
7 0.95 0.135 0.085 0.08
7 0.96 0.075 0.08 0.07
7 0.955 0.04 0.09 0.08
7 0.855 0.305 0.08 0.06
7 0.845 0.24 0.075 0.06
7 0.86 0.195 0.085 0.065
7 0.87 0.135 0.08 0.07
7 0.74 0.27 0.065 0.065
7 0.78 0.245 0.08 0.055
7 0.795 0.28 0.065 0.06
7 0.91 0.265 0.07 0.08
7 0.94 0.355 0.06 0.075
7 0.935 0.29 0.045 0.06
7 0.975 0.36 0.045 0.085
7 0.89 0.365 0.07 0.095
7 0.845 0.42 0.06 0.085
7 0.92 0.445 0.075 0.095
7 0.97 0.52 0.055 0.095
7 0.8 0.465 0.09 0.1
7 0.175 0.525 0.055 0.085
7 0.215 0.555 0.07 0.085
7 0.195 0.62 0.085 0.065
7 0.175 0.745 0.11 0.065
7 0.165 0.7 0.09 0.055
7 0.11 0.78 0.075 0.065
7 0.265 0.665 0.07 0.075
7 0.325 0.705 0.075 0.08
7 0.34 0.665 0.095 0.06
7 0.28 0.78 0.1 0.085
7 0.195 0.825 0.09 0.06
7 0.35 0.865 0.07 0.055
7 0.345 0.825 0.05 0.085
7 0.41 0.83 0.055 0.05
7 0.44 0.81 0.055 0.055
7 0.45 0.91 0.07 0.075
7 0.44 0.69 0.08 0.075
7 0.475 0.735 0.07 0.075
7 0.52 0.785 0.065 0.065
7 0.555 0.81 0.055 0.07
7 0.58 0.845 0.06 0.085
7 0.6 0.89 0.05 0.105
7 0.66 0.895 0.07 0.065
7 0.045 0.955 0.09 0.09
7 0.02 0.83 0.04 0.09
7 0.59 0.965 0.08 0.065
7 0.535 0.98 0.07 0.04
7 0.55 0.7 0.06 0.065
7 0.61 0.705 0.065 0.06
7 0.68 0.725 0.075 0.07
7 0.605 0.785 0.045 0.065
7 0.635 0.785 0.07 0.1
7 0.73 0.76 0.07 0.11
7 0.76 0.83 0.07 0.065
7 0.76 0.77 0.085 0.07
7 0.815 0.76 0.08 0.085
7 0.52 0.62 0.14 0.1
7 0.62 0.595 0.085 0.08
7 0.75 0.575 0.085 0.105
7 0.725 0.51 0.065 0.055
7 0.865 0.595 0.07 0.095
7 0.885 0.56 0.05 0.085
7 0.915 0.535 0.05 0.08
7 0.965 0.665 0.07 0.095
7 0.8 0.625 0.1 0.075
7 0.69 0.595 0.08 0.09
7 0.92 0.75 0.09 0.08
7 0.88 0.67 0.09 0.09
7 0.715 0.66 0.08 0.08