7 0.26780000000000004 0.0579 0.0908 0.07629999999999999
7 0.3342 0.1329 0.0974 0.1
7 0.34740000000000004 0.0632 0.0684 0.0605
7 0.4 0.0875 0.0658 0.0724
7 0.4322 0.0559 0.0724 0.0697
7 0.46049999999999996 0.1421 0.07629999999999999 0.0895
7 0.4743 0.0809 0.0803 0.0724
7 0.5322 0.2145 0.0513 0.0737
7 0.5355 0.15789999999999998 0.0526 0.0684
7 0.5204 0.1039 0.053899999999999997 0.0579
7 0.15 0.2046 0.0895 0.0855
7 0.5507 0.0382 0.0645 0.07629999999999999
7 0.6322 0.0599 0.0882 0.09609999999999999
7 0.5882000000000001 0.2053 0.0711 0.07629999999999999
7 0.6493000000000001 0.20989999999999998 0.0645 0.0776
7 0.7276 0.13949999999999999 0.0737 0.0711
7 0.7559 0.1592 0.075 0.0711
7 0.7954000000000001 0.09609999999999999 0.06709999999999999 0.09210000000000002
7 0.8395 0.0316 0.0868 0.0632
7 0.7545999999999999 0.0776 0.0934 0.07629999999999999
7 0.7012999999999999 0.077 0.0711 0.06709999999999999
7 0.9506999999999999 0.1336 0.08289999999999999 0.0776
7 0.9645 0.0816 0.0711 0.0658
7 0.9579000000000001 0.042800000000000005 0.0842 0.0803
7 0.8559 0.30329999999999996 0.0803 0.0592
7 0.8447 0.2421 0.07629999999999999 0.0605
7 0.8579000000000001 0.1934 0.0842 0.0632
7 0.8678 0.13419999999999999 0.0803 0.0684
7 0.7401000000000001 0.2704 0.0645 0.0645
7 0.7776000000000001 0.24670000000000003 0.0816 0.056600000000000004
7 0.7934 0.2783 0.0632 0.0592
7 0.9118 0.2671 0.0711 0.0816
7 0.9381999999999999 0.3539 0.0579 0.0737
7 0.9329000000000001 0.2888 0.047400000000000005 0.0592
7 0.9763 0.3592 0.047400000000000005 0.0842
7 0.8875 0.3651 0.0697 0.09609999999999999
7 0.8467 0.4224 0.061799999999999994 0.0842
7 0.9204000000000001 0.4474 0.075 0.0947
7 0.9717 0.5191 0.056600000000000004 0.09609999999999999
7 0.8007 0.4658 0.0882 0.1
7 0.17629999999999998 0.523 0.0553 0.0855
7 0.2158 0.5539000000000001 0.0711 0.0868
7 0.1974 0.6178 0.0868 0.06709999999999999
7 0.17629999999999998 0.7467 0.1079 0.06709999999999999
7 0.1664 0.6987000000000001 0.0882 0.0526
7 0.1118 0.7803 0.07629999999999999 0.0658
7 0.2651 0.6638 0.0697 0.075
7 0.3237 0.7033 0.0737 0.0803
7 0.3408 0.6664 0.0947 0.061799999999999994
7 0.2789 0.7789 0.1 0.0842
7 0.1941 0.8237000000000001 0.0908 0.0605
7 0.3493 0.8651000000000001 0.0724 0.053899999999999997
7 0.34409999999999996 0.8237000000000001 0.0513 0.0842
7 0.4079 0.8276 0.0553 0.05
7 0.4382 0.8086 0.0526 0.053899999999999997
7 0.4507 0.9118 0.0724 0.07629999999999999
7 0.4395 0.6895 0.0816 0.07629999999999999
7 0.47700000000000004 0.7354999999999999 0.0697 0.0737
7 0.5191 0.7848999999999999 0.06709999999999999 0.06709999999999999
7 0.5539000000000001 0.8086 0.0553 0.0724
7 0.5776 0.8441 0.0579 0.0855
7 0.5992999999999999 0.8908 0.0513 0.1026
7 0.6579 0.8941 0.0684 0.0645
7 0.0487 0.9599 0.09210000000000002 0.0803
7 0.0191 0.8276 0.0382 0.09210000000000002
7 0.5888 0.9664 0.0803 0.06709999999999999
7 0.5408 0.9803000000000001 0.0658 0.0395
7 0.55 0.698 0.0579 0.06709999999999999
7 0.6125 0.7039 0.06709999999999999 0.0605
7 0.6822 0.7243 0.075 0.0697
7 0.6065999999999999 0.7862 0.047400000000000005 0.0645
7 0.6355 0.7848999999999999 0.0684 0.0987
7 0.7309 0.7592 0.0697 0.1105
7 0.7625 0.8276 0.0697 0.0658
7 0.7625 0.7724 0.0855 0.0684
7 0.8145 0.7598999999999999 0.0789 0.0855
7 0.5196999999999999 0.6191 0.13949999999999999 0.0987
7 0.6211 0.5934 0.0868 0.0816
7 0.7513 0.5737 0.0868 0.1026
7 0.723 0.5099 0.0645 0.056600000000000004
7 0.8632 0.5928 0.0684 0.0934
7 0.8842 0.5592 0.05 0.0842
7 0.9164 0.5362 0.0513 0.0776
7 0.9638 0.6631999999999999 0.0724 0.0974
7 0.8012999999999999 0.6236999999999999 0.1 0.07629999999999999
7 0.6908 0.5954 0.0816 0.0882
7 0.9184 0.7487 0.09210000000000002 0.0789
7 0.8815999999999999 0.6684 0.09210000000000002 0.09210000000000002
7 0.7145 0.6605 0.0816 0.0789