7 0.26780000000000004 0.0579 0.09079999999999998 0.0763
7 0.3342 0.1329 0.09739999999999999 0.1
7 0.34740000000000004 0.0632 0.06840000000000003 0.060500000000000005
7 0.4 0.0875 0.06579999999999998 0.0724
7 0.4322 0.0559 0.07239999999999995 0.06969999999999998
7 0.46049999999999996 0.1421 0.07629999999999995 0.08950000000000001
7 0.4743 0.0809 0.08030000000000001 0.0724
7 0.5322 0.2145 0.05129999999999996 0.07369999999999997
7 0.5355 0.15789999999999998 0.05260000000000005 0.06840000000000002
7 0.5204 0.1039 0.0539 0.05789999999999999
7 0.15 0.2046 0.08950000000000001 0.08549999999999996
7 0.5507 0.0382 0.06450000000000003 0.07629999999999999
7 0.6322 0.0599 0.08819999999999993 0.09609999999999999
7 0.5882000000000001 0.2053 0.0711 0.07630000000000002
7 0.6493000000000001 0.20989999999999998 0.06449999999999996 0.07759999999999997
7 0.7276 0.13949999999999999 0.07370000000000004 0.0711
7 0.7559 0.1592 0.075 0.07110000000000001
7 0.7954000000000001 0.09609999999999999 0.06710000000000008 0.09210000000000002
7 0.8395 0.0316 0.08680000000000007 0.0632
7 0.7545999999999999 0.0776 0.09340000000000004 0.07629999999999999
7 0.7012999999999999 0.077 0.07110000000000014 0.06709999999999999
7 0.9506999999999999 0.1336 0.08289999999999992 0.07759999999999997
7 0.96 0.075 0.08 0.07
7 0.9579000000000001 0.042800000000000005 0.08419999999999987 0.0803
7 0.8559 0.30329999999999996 0.08030000000000001 0.059200000000000016
7 0.8447 0.2421 0.07629999999999995 0.06049999999999997
7 0.8579000000000001 0.1934 0.08419999999999987 0.0632
7 0.8678 0.13419999999999999 0.08030000000000001 0.0684
7 0.7401000000000001 0.2704 0.06449999999999989 0.06450000000000003
7 0.7776000000000001 0.24670000000000003 0.08159999999999996 0.05659999999999996
7 0.7934 0.2783 0.06319999999999994 0.059200000000000016
7 0.9118 0.2671 0.07110000000000014 0.08159999999999996
7 0.9381999999999999 0.3539 0.057899999999999924 0.07370000000000002
7 0.9329000000000001 0.2888 0.04740000000000009 0.059200000000000016
7 0.9763 0.3592 0.04740000000000009 0.08420000000000001
7 0.8875 0.3651 0.06969999999999998 0.09609999999999999
7 0.8467 0.4224 0.06180000000000007 0.08420000000000001
7 0.9204000000000001 0.4474 0.075 0.09469999999999999
7 0.9717 0.5191 0.05659999999999996 0.09609999999999999
7 0.8007 0.4658 0.08819999999999993 0.1
7 0.17629999999999998 0.523 0.05530000000000001 0.08549999999999996
7 0.2158 0.5539000000000001 0.0711 0.08680000000000007
7 0.1974 0.6178 0.0868 0.0671
7 0.17629999999999998 0.7467 0.1079 0.06710000000000008
7 0.1664 0.6987000000000001 0.0882 0.05259999999999991
7 0.1118 0.7803 0.07629999999999999 0.06580000000000012
7 0.2651 0.6638 0.06969999999999998 0.075
7 0.3237 0.7033 0.07370000000000002 0.08030000000000001
7 0.3408 0.6664 0.09469999999999999 0.06180000000000007
7 0.2789 0.7789 0.1 0.08419999999999987
7 0.1941 0.8237000000000001 0.09079999999999998 0.060500000000000116
7 0.3493 0.8651000000000001 0.07239999999999998 0.053899999999999865
7 0.34409999999999996 0.8237000000000001 0.05129999999999999 0.08419999999999987
7 0.4079 0.8276 0.05530000000000001 0.05
7 0.4382 0.8086 0.05260000000000005 0.053899999999999865
7 0.4507 0.9118 0.07239999999999995 0.07629999999999995
7 0.4395 0.6895 0.08159999999999996 0.07629999999999995
7 0.47700000000000004 0.7354999999999999 0.06969999999999998 0.07370000000000004
7 0.5191 0.7848999999999999 0.06709999999999994 0.06710000000000008
7 0.5539000000000001 0.8086 0.05530000000000001 0.07240000000000009
7 0.5776 0.8441 0.05790000000000006 0.08550000000000012
7 0.5992999999999999 0.8908 0.05129999999999996 0.10259999999999991
7 0.6579 0.8941 0.06840000000000003 0.06449999999999989
7 0.045 0.955 0.09 0.09
7 0.0191 0.8276 0.0382 0.09210000000000008
7 0.5888 0.9664 0.08030000000000001 0.06710000000000008
7 0.535 0.98 0.07 0.04
7 0.55 0.698 0.05790000000000006 0.06710000000000008
7 0.6125 0.7039 0.0671 0.060500000000000116
7 0.6822 0.7243 0.075 0.06969999999999998
7 0.6065999999999999 0.7862 0.04739999999999995 0.06449999999999989
7 0.6355 0.7848999999999999 0.06840000000000003 0.09870000000000005
7 0.7309 0.7592 0.06969999999999998 0.11050000000000011
7 0.7625 0.8276 0.06969999999999998 0.06580000000000012
7 0.7625 0.7724 0.08550000000000012 0.06840000000000003
7 0.8145 0.7598999999999999 0.07889999999999986 0.08550000000000012
7 0.5196999999999999 0.6191 0.13950000000000004 0.09870000000000005
7 0.6211 0.5934 0.08680000000000007 0.08159999999999996
7 0.7513 0.5737 0.08680000000000007 0.10260000000000005
7 0.723 0.5099 0.06449999999999989 0.05659999999999996
7 0.8632 0.5928 0.06840000000000003 0.09340000000000004
7 0.8842 0.5592 0.05 0.08420000000000001
7 0.9164 0.5362 0.05129999999999996 0.07760000000000006
7 0.9638 0.6631999999999999 0.07240000000000009 0.09740000000000001
7 0.8012999999999999 0.6237 0.1 0.07630000000000002
7 0.6908 0.5954 0.08159999999999996 0.08820000000000007
7 0.9184 0.7487 0.09210000000000008 0.07889999999999986
7 0.8815999999999999 0.6684 0.09210000000000008 0.09210000000000008
7 0.7145 0.6605 0.08159999999999996 0.07889999999999993