7 0.9440999999999999 0.9408 0.11180000000000007 0.11050000000000011
7 0.848 0.9303 0.10659999999999997 0.0974000000000001
7 0.7263 0.9131999999999999 0.12629999999999997 0.11840000000000003
7 0.545 0.96 0.13 0.08
7 0.8822 0.5645 0.10129999999999996 0.12629999999999997
7 0.9414 0.6651 0.06710000000000008 0.08550000000000005
7 0.8342 0.6586 0.08680000000000007 0.075
7 0.8112 0.6112000000000001 0.06969999999999998 0.06970000000000005
7 0.8237000000000001 0.748 0.0974000000000001 0.11710000000000008
7 0.748 0.6776000000000001 0.09870000000000005 0.11319999999999993
7 0.9414 0.348 0.08030000000000001 0.075
7 0.8829 0.4191 0.05530000000000001 0.059200000000000016
7 0.9454 0.4901 0.10919999999999988 0.11179999999999993
7 0.9283 0.4211 0.07240000000000009 0.0711
7 0.975 0.423 0.05 0.05659999999999996
7 0.97 0.58 0.06 0.1
7 0.9605 0.2572 0.07889999999999986 0.12760000000000002
7 0.9414 0.2316 0.06710000000000008 0.06049999999999997
7 0.9571999999999999 0.1066 0.08550000000000012 0.1421
7 0.9145 0.025 0.07370000000000004 0.05
7 0.9671 0.030899999999999997 0.06580000000000012 0.061799999999999994
7 0.7625 0.0454 0.09870000000000005 0.0908
7 0.8447 0.0217 0.06840000000000003 0.0434
7 0.7618 0.12960000000000002 0.12110000000000014 0.09869999999999997
7 0.8355 0.1967 0.0974000000000001 0.1039
7 0.8395 0.24280000000000002 0.06580000000000012 0.059200000000000016
7 0.7809 0.24280000000000002 0.08550000000000012 0.07759999999999997
7 0.8190999999999999 0.38159999999999994 0.08819999999999993 0.09210000000000008
7 0.7237 0.4664 0.08419999999999987 0.09340000000000004
7 0.7256999999999999 0.39740000000000003 0.10129999999999996 0.08159999999999996
7 0.7151000000000001 0.2928 0.10659999999999997 0.08549999999999996
7 0.7454000000000001 0.3428 0.10129999999999996 0.09609999999999999
7 0.7533 0.5421 0.08289999999999992 0.09469999999999999
7 0.6618 0.5783 0.09740000000000001 0.09870000000000005
7 0.6690999999999999 0.6690999999999999 0.07240000000000002 0.10919999999999995
7 0.6151 0.7513 0.07239999999999995 0.08419999999999987
7 0.6046 0.8316 0.11970000000000006 0.08949999999999989
7 0.5355 0.6822 0.06049999999999997 0.09870000000000005
7 0.5908 0.1007 0.0711 0.0724
7 0.6 0.03 0.08 0.06
7 0.6395000000000001 0.0533 0.07370000000000004 0.0776
7 0.6920999999999999 0.0204 0.08419999999999987 0.0408
7 0.6099 0.3283 0.09609999999999999 0.11450000000000003
7 0.4138 0.04469999999999999 0.075 0.0868
7 0.44409999999999994 0.1408 0.075 0.10260000000000001
7 0.4447 0.2803 0.09210000000000008 0.09469999999999999
7 0.4763 0.26780000000000004 0.07890000000000001 0.075
7 0.34009999999999996 0.4474 0.0539 0.06049999999999997
7 0.3921 0.4105 0.05530000000000001 0.05
7 0.4316 0.4612 0.06319999999999994 0.06709999999999994
7 0.43090000000000006 0.40659999999999996 0.07760000000000006 0.07370000000000004
7 0.2987 0.5257000000000001 0.08949999999999995 0.09340000000000004
7 0.3184 0.5789 0.06839999999999996 0.0711
7 0.3776 0.6507 0.07370000000000004 0.07759999999999997
7 0.40130000000000005 0.7763 0.08420000000000001 0.08680000000000007
7 0.4395 0.8151 0.09739999999999994 0.12240000000000009
7 0.4579 0.9329000000000001 0.0711 0.07110000000000014
7 0.41840000000000005 0.9632 0.07629999999999995 0.06840000000000003
7 0.3724 0.9842 0.07629999999999995 0.03159999999999997
7 0.3428 0.8362 0.0539 0.0775999999999999
7 0.3993 0.8887999999999999 0.07760000000000006 0.05129999999999996
7 0.3461 0.9138 0.08159999999999996 0.075
7 0.2132 0.9586 0.07369999999999997 0.07240000000000009
7 0.2158 0.8961 0.05789999999999999 0.06840000000000003
7 0.2816 0.7428 0.08949999999999995 0.0775999999999999
7 0.24609999999999999 0.8072 0.11320000000000001 0.09080000000000013
7 0.2842 0.9217 0.11579999999999999 0.15659999999999996
7 0.025 0.56 0.05 0.08
7 0.1 0.6322 0.1421 0.11180000000000007
7 0.1928 0.6348999999999999 0.0882 0.09869999999999997
7 0.22829999999999998 0.4914 0.08030000000000001 0.07239999999999995
7 0.15460000000000002 0.5474 0.08289999999999999 0.0711
7 0.2401 0.5829 0.09079999999999998 0.09739999999999994
7 0.225 0.40990000000000004 0.0868 0.08290000000000006
7 0.1586 0.4586 0.0882 0.08289999999999992
7 0.053899999999999997 0.4086 0.0947 0.08289999999999992
7 0.13419999999999999 0.3882 0.09739999999999999 0.08159999999999996
7 0.04610000000000001 0.47369999999999995 0.0684 0.06840000000000003
7 0.10859999999999999 0.3211 0.0671 0.06049999999999997
7 0.02 0.27 0.04 0.12
7 0.1461 0.2 0.0763 0.07630000000000002
7 0.11710000000000001 0.2651 0.07629999999999999 0.08550000000000005
7 0.0947 0.21969999999999998 0.06580000000000001 0.05
7 0.2112 0.198 0.075 0.07759999999999997
7 0.298 0.20329999999999998 0.07240000000000002 0.07240000000000002
7 0.2697 0.1678 0.042100000000000005 0.03289999999999999
7 0.3197 0.047400000000000005 0.0711 0.060500000000000005
7 0.2763 0.0941 0.08949999999999995 0.075
7 0.18489999999999998 0.12240000000000001 0.075 0.06580000000000003
7 0.18489999999999998 0.0816 0.08030000000000001 0.0632
7 0.1079 0.0908 0.0711 0.10260000000000001
7 0.04800000000000001 0.1243 0.0882 0.09609999999999999