7 0.945 0.94 0.11 0.11
7 0.85 0.93 0.105 0.095
7 0.725 0.915 0.125 0.12
7 0.545 0.96 0.13 0.08
7 0.88 0.565 0.1 0.125
7 0.94 0.665 0.065 0.085
7 0.835 0.66 0.085 0.075
7 0.81 0.61 0.07 0.07
7 0.825 0.75 0.095 0.115
7 0.75 0.68 0.1 0.115
7 0.94 0.35 0.08 0.075
7 0.885 0.42 0.055 0.06
7 0.945 0.49 0.11 0.11
7 0.93 0.42 0.07 0.07
7 0.975 0.425 0.05 0.055
7 0.97 0.58 0.06 0.1
7 0.96 0.255 0.08 0.13
7 0.94 0.23 0.065 0.06
7 0.955 0.105 0.085 0.14
7 0.915 0.025 0.075 0.05
7 0.965 0.03 0.065 0.06
7 0.76 0.045 0.1 0.09
7 0.845 0.02 0.07 0.04
7 0.76 0.13 0.12 0.1
7 0.835 0.195 0.095 0.105
7 0.84 0.245 0.065 0.06
7 0.78 0.245 0.085 0.08
7 0.82 0.38 0.09 0.09
7 0.725 0.465 0.085 0.095
7 0.725 0.395 0.1 0.08
7 0.715 0.295 0.105 0.085
7 0.745 0.345 0.1 0.095
7 0.755 0.54 0.085 0.095
7 0.66 0.58 0.095 0.1
7 0.67 0.67 0.07 0.11
7 0.615 0.75 0.07 0.085
7 0.605 0.83 0.12 0.09
7 0.535 0.68 0.06 0.1
7 0.59 0.1 0.07 0.07
7 0.6 0.03 0.08 0.06
7 0.64 0.055 0.075 0.08
7 0.69 0.02 0.085 0.04
7 0.61 0.33 0.095 0.115
7 0.415 0.045 0.075 0.085
7 0.445 0.14 0.075 0.105
7 0.445 0.28 0.09 0.095
7 0.475 0.27 0.08 0.075
7 0.34 0.445 0.055 0.06
7 0.39 0.41 0.055 0.05
7 0.43 0.46 0.065 0.065
7 0.43 0.405 0.08 0.075
7 0.3 0.525 0.09 0.095
7 0.32 0.58 0.07 0.07
7 0.38 0.65 0.075 0.08
7 0.4 0.775 0.085 0.085
7 0.44 0.815 0.095 0.12
7 0.46 0.935 0.07 0.07
7 0.42 0.965 0.075 0.07
7 0.37 0.985 0.075 0.03
7 0.345 0.835 0.055 0.08
7 0.4 0.89 0.08 0.05
7 0.345 0.915 0.08 0.075
7 0.215 0.96 0.075 0.07
7 0.215 0.895 0.06 0.07
7 0.28 0.745 0.09 0.08
7 0.245 0.805 0.115 0.09
7 0.285 0.92 0.115 0.155
7 0.025 0.56 0.05 0.08
7 0.1 0.63 0.14 0.11
7 0.195 0.635 0.09 0.1
7 0.23 0.49 0.08 0.07
7 0.155 0.545 0.085 0.07
7 0.24 0.585 0.09 0.095
7 0.225 0.41 0.085 0.085
7 0.16 0.46 0.09 0.085
7 0.055 0.41 0.095 0.085
7 0.135 0.39 0.095 0.08
7 0.045 0.475 0.07 0.07
7 0.11 0.32 0.065 0.06
7 0.02 0.27 0.04 0.12
7 0.145 0.2 0.075 0.075
7 0.115 0.265 0.075 0.085
7 0.095 0.22 0.065 0.05
7 0.21 0.2 0.075 0.08
7 0.3 0.205 0.07 0.07
7 0.27 0.17 0.04 0.035
7 0.32 0.045 0.07 0.06
7 0.275 0.095 0.09 0.075
7 0.185 0.12 0.075 0.065
7 0.185 0.08 0.08 0.065
7 0.11 0.09 0.07 0.105
7 0.05 0.125 0.09 0.095