7 0.9440999999999999 0.9408 0.1118 0.1105
7 0.848 0.9303 0.1066 0.0974
7 0.7263 0.9131999999999999 0.1263 0.1184
7 0.5513 0.9645 0.1263 0.0711
7 0.8822 0.5645 0.1013 0.1263
7 0.9414 0.6651 0.06709999999999999 0.0855
7 0.8342 0.6586 0.0868 0.075
7 0.8112 0.6112 0.0697 0.0697
7 0.8237000000000001 0.748 0.0974 0.11710000000000001
7 0.748 0.6776000000000001 0.0987 0.11320000000000001
7 0.9414 0.348 0.0803 0.075
7 0.8829 0.4191 0.0553 0.0592
7 0.9454 0.4901 0.1092 0.1118
7 0.9283 0.4211 0.0724 0.0711
7 0.975 0.423 0.05 0.056600000000000004
7 0.9723999999999999 0.5855 0.0553 0.10529999999999999
7 0.9605 0.2572 0.0789 0.1276
7 0.9414 0.2316 0.06709999999999999 0.0605
7 0.9571999999999999 0.1066 0.0855 0.1421
7 0.9145 0.025 0.0737 0.05
7 0.9671 0.030899999999999997 0.0658 0.061799999999999994
7 0.7625 0.0454 0.0987 0.0908
7 0.8447 0.0217 0.0684 0.0434
7 0.7618 0.12960000000000002 0.1211 0.0987
7 0.8355 0.1967 0.0974 0.1039
7 0.8395 0.24280000000000002 0.0658 0.0592
7 0.7809 0.24280000000000002 0.0855 0.0776
7 0.8190999999999999 0.38159999999999994 0.0882 0.09210000000000002
7 0.7237 0.4664 0.0842 0.0934
7 0.7256999999999999 0.39740000000000003 0.1013 0.0816
7 0.7151000000000001 0.2928 0.1066 0.0855
7 0.7454000000000001 0.3428 0.1013 0.09609999999999999
7 0.7533 0.5421 0.08289999999999999 0.0947
7 0.6618 0.5783 0.0974 0.0987
7 0.6690999999999999 0.6690999999999999 0.0724 0.1092
7 0.6151 0.7513 0.0724 0.0842
7 0.6046 0.8316 0.1197 0.0895
7 0.5355 0.6822 0.0605 0.0987
7 0.5908 0.1007 0.0711 0.0724
7 0.6046 0.0322 0.0724 0.0645
7 0.6395000000000001 0.0533 0.0737 0.0776
7 0.6920999999999999 0.0204 0.0842 0.0408
7 0.6099 0.3283 0.09609999999999999 0.11449999999999999
7 0.4138 0.0447 0.075 0.0868
7 0.44409999999999994 0.1408 0.075 0.1026
7 0.4447 0.2803 0.09210000000000002 0.0947
7 0.4763 0.26780000000000004 0.0789 0.075
7 0.34009999999999996 0.4474 0.053899999999999997 0.0605
7 0.3921 0.4105 0.0553 0.05
7 0.4316 0.4612 0.0632 0.06709999999999999
7 0.43090000000000006 0.40659999999999996 0.0776 0.0737
7 0.2987 0.5257000000000001 0.0895 0.0934
7 0.3184 0.5789 0.0684 0.0711
7 0.3776 0.6507 0.0737 0.0776
7 0.40130000000000005 0.7763 0.0842 0.0868
7 0.4395 0.8151 0.0974 0.12240000000000001
7 0.4579 0.9329000000000001 0.0711 0.0711
7 0.41840000000000005 0.9632 0.07629999999999999 0.0684
7 0.3724 0.9842 0.07629999999999999 0.0316
7 0.3428 0.8362 0.053899999999999997 0.0776
7 0.3993 0.8887999999999999 0.0776 0.0513
7 0.3461 0.9138 0.0816 0.075
7 0.2132 0.9586 0.0737 0.0724
7 0.2158 0.8961 0.0579 0.0684
7 0.2816 0.7428 0.0895 0.0776
7 0.24609999999999999 0.8072 0.11320000000000001 0.0908
7 0.2842 0.9217 0.1158 0.1566
7 0.028900000000000002 0.5611999999999999 0.0579 0.0803
7 0.1 0.6322 0.1421 0.1118
7 0.1928 0.6349 0.0882 0.0987
7 0.22829999999999998 0.4914 0.0803 0.0724
7 0.15460000000000002 0.5474 0.08289999999999999 0.0711
7 0.2401 0.5829 0.0908 0.0974
7 0.225 0.40990000000000004 0.0868 0.08289999999999999
7 0.1586 0.4586 0.0882 0.08289999999999999
7 0.053899999999999997 0.4086 0.0947 0.08289999999999999
7 0.13419999999999999 0.3882 0.0974 0.0816
7 0.0461 0.47369999999999995 0.0684 0.0684
7 0.10859999999999999 0.3211 0.06709999999999999 0.0605
7 0.024300000000000002 0.2743 0.0487 0.11710000000000001
7 0.1461 0.2 0.07629999999999999 0.07629999999999999
7 0.11710000000000001 0.2651 0.07629999999999999 0.0855
7 0.0947 0.21969999999999998 0.0658 0.05
7 0.2112 0.198 0.075 0.0776
7 0.298 0.20329999999999998 0.0724 0.0724
7 0.2697 0.1678 0.0421 0.0329
7 0.3197 0.047400000000000005 0.0711 0.0605
7 0.2763 0.0941 0.0895 0.075
7 0.18489999999999998 0.12240000000000001 0.075 0.0658
7 0.18489999999999998 0.0816 0.0803 0.0632
7 0.1079 0.0908 0.0711 0.1026
7 0.048 0.1243 0.0882 0.09609999999999999