7 0.51 0.15 0.09 0.105
7 0.315 0.06 0.09 0.08
7 0.29 0.11 0.08 0.07
7 0.28 0.03 0.08 0.06
7 0.395 0.305 0.08 0.115
7 0.035 0.045 0.065 0.085
7 0.04 0.14 0.075 0.11
7 0.055 0.07 0.06 0.08
7 0.195 0.08 0.08 0.08
7 0.195 0.03 0.07 0.06
7 0.2 0.135 0.04 0.06
7 0.28 0.185 0.065 0.065
7 0.13 0.03 0.1 0.06
7 0.075 0.28 0.095 0.115
7 0.035 0.25 0.065 0.165
7 0.025 0.34 0.05 0.08
7 0.03 0.44 0.055 0.13
7 0.04 0.525 0.08 0.11
7 0.13 0.51 0.065 0.09
7 0.205 0.51 0.065 0.09
7 0.3 0.43 0.06 0.075
7 0.28 0.32 0.085 0.135
7 0.205 0.32 0.115 0.085
7 0.195 0.27 0.065 0.085
7 0.225 0.38 0.085 0.08
7 0.485 0.585 0.07 0.075
7 0.42 0.64 0.095 0.09
7 0.56 0.78 0.11 0.1
7 0.435 0.91 0.09 0.07
7 0.435 0.855 0.09 0.07
7 0.325 0.94 0.08 0.08
7 0.255 0.98 0.05 0.04
7 0.28 0.68 0.14 0.135
7 0.355 0.77 0.075 0.085
7 0.295 0.84 0.115 0.115
7 0.215 0.92 0.07 0.08
7 0.16 0.855 0.075 0.09
7 0.155 0.815 0.085 0.095
7 0.095 0.87 0.085 0.085
7 0.035 0.91 0.07 0.075
7 0.03 0.74 0.06 0.08
7 0.085 0.75 0.08 0.065
7 0.225 0.765 0.12 0.105