7 0.5079 0.1493 0.0895 0.1039
7 0.3171 0.0579 0.0895 0.0816
7 0.2895 0.1092 0.0789 0.0711
7 0.2809 0.0296 0.0803 0.0592
7 0.3947 0.30260000000000004 0.0789 0.11320000000000001
7 0.0329 0.0434 0.0658 0.0868
7 0.0382 0.1421 0.07629999999999999 0.1105
7 0.0526 0.0684 0.0605 0.0789
7 0.19469999999999998 0.0809 0.0789 0.0803
7 0.1974 0.0316 0.0684 0.0632
7 0.2 0.1368 0.0421 0.0579
7 0.2796 0.18420000000000003 0.0645 0.0658
7 0.1336 0.0316 0.0934 0.0632
7 0.07629999999999999 0.2803 0.0974 0.11320000000000001
7 0.0336 0.248 0.06709999999999999 0.16449999999999998
7 0.028900000000000002 0.34340000000000004 0.0579 0.0737
7 0.028300000000000002 0.4375 0.056600000000000004 0.1276
7 0.0401 0.5289 0.0803 0.1026
7 0.12960000000000002 0.5105 0.0645 0.0895
7 0.20329999999999998 0.5125 0.06709999999999999 0.0908
7 0.298 0.4276 0.061799999999999994 0.07629999999999999
7 0.2783 0.3191 0.08289999999999999 0.1329
7 0.2046 0.3184 0.11449999999999999 0.0868
7 0.1941 0.2724 0.0645 0.0842
7 0.22699999999999998 0.3803 0.08289999999999999 0.0789
7 0.48619999999999997 0.5855 0.0697 0.0737
7 0.41969999999999996 0.6420999999999999 0.0947 0.09210000000000002
7 0.5618 0.7822 0.1079 0.0987
7 0.4349 0.9112 0.0908 0.0697
7 0.4355 0.8539 0.0895 0.0711
7 0.3243 0.9381999999999999 0.0803 0.0789
7 0.25989999999999996 0.9849 0.0592 0.030299999999999997
7 0.2809 0.6822 0.1408 0.1329
7 0.3539 0.7711 0.07629999999999999 0.0842
7 0.2954 0.8408 0.11449999999999999 0.11320000000000001
7 0.2164 0.9184 0.0724 0.0816
7 0.1592 0.8565999999999999 0.07629999999999999 0.0895
7 0.1559 0.8158 0.08289999999999999 0.0974
7 0.09539999999999998 0.8678 0.08289999999999999 0.08289999999999999
7 0.0342 0.9079 0.0684 0.07629999999999999
7 0.0322 0.7447 0.0645 0.07629999999999999
7 0.08289999999999999 0.748 0.0789 0.06709999999999999
7 0.2263 0.7645000000000001 0.1184 0.10529999999999999