7 0.5079 0.1493 0.08950000000000002 0.1039
7 0.3171 0.05790000000000001 0.08950000000000002 0.0816
7 0.2895 0.1092 0.07889999999999997 0.0711
7 0.2809 0.0296 0.08029999999999998 0.0592
7 0.3947 0.30260000000000004 0.07890000000000001 0.11320000000000001
7 0.0329 0.0434 0.0658 0.0868
7 0.0382 0.1421 0.07629999999999999 0.11049999999999999
7 0.0526 0.0684 0.060500000000000005 0.07890000000000001
7 0.19469999999999998 0.0809 0.07890000000000001 0.08030000000000001
7 0.1974 0.0316 0.06839999999999996 0.0632
7 0.2 0.1368 0.042100000000000005 0.05789999999999999
7 0.2796 0.18420000000000003 0.06450000000000003 0.06579999999999998
7 0.1336 0.0316 0.09340000000000001 0.0632
7 0.07629999999999999 0.2803 0.0974 0.11319999999999997
7 0.0336 0.248 0.06709999999999999 0.16449999999999995
7 0.025 0.34 0.05 0.08
7 0.028300000000000002 0.4375 0.056600000000000004 0.12760000000000005
7 0.04 0.525 0.08 0.11
7 0.12960000000000002 0.5105 0.06450000000000002 0.08950000000000002
7 0.20329999999999998 0.5125 0.0671 0.09079999999999998
7 0.298 0.4276 0.061799999999999994 0.07629999999999995
7 0.2783 0.3191 0.08289999999999999 0.1329
7 0.2046 0.3184 0.1145 0.0868
7 0.1941 0.2724 0.06450000000000003 0.08420000000000001
7 0.22699999999999998 0.3803 0.08289999999999999 0.07890000000000001
7 0.48619999999999997 0.5855 0.06969999999999998 0.07370000000000004
7 0.41969999999999996 0.6420999999999999 0.09469999999999999 0.09210000000000008
7 0.5618 0.7822 0.10790000000000007 0.09870000000000005
7 0.4349 0.9112 0.09079999999999998 0.06969999999999998
7 0.4355 0.8539 0.08950000000000002 0.07110000000000014
7 0.3243 0.9381999999999999 0.08030000000000001 0.07889999999999986
7 0.255 0.98 0.05 0.04
7 0.28090000000000004 0.6822 0.1408 0.1328999999999999
7 0.3539 0.7711 0.07629999999999999 0.08419999999999987
7 0.2954 0.8408 0.11450000000000003 0.11319999999999993
7 0.2164 0.9184 0.07240000000000002 0.08159999999999996
7 0.1592 0.8565999999999999 0.07629999999999999 0.08949999999999989
7 0.1559 0.8158 0.08289999999999999 0.0974000000000001
7 0.09539999999999998 0.8678 0.08289999999999999 0.08289999999999992
7 0.0342 0.9079 0.0684 0.07629999999999995
7 0.03 0.74 0.06 0.08
7 0.08289999999999999 0.748 0.07890000000000001 0.06710000000000008
7 0.2263 0.7645000000000001 0.11839999999999996 0.1053