7 0.855 0.025 0.09 0.05
7 0.7315999999999999 0.030899999999999997 0.08159999999999996 0.061799999999999994
7 0.7842 0.0605 0.07629999999999995 0.0763
7 0.7934 0.0138 0.06580000000000012 0.0276
7 0.955 0.185 0.09 0.09
7 0.9447 0.127 0.07110000000000014 0.059200000000000016
7 0.973 0.0842 0.053899999999999865 0.0711
7 0.6039 0.0296 0.10789999999999993 0.0592
7 0.598 0.0987 0.059200000000000016 0.07890000000000001
7 0.6690999999999999 0.1375 0.09080000000000005 0.061799999999999994
7 0.6914 0.1092 0.06449999999999989 0.0711
7 0.752 0.2632 0.09080000000000013 0.09469999999999999
7 0.748 0.1895 0.09080000000000013 0.07369999999999999
7 0.8349 0.2112 0.09340000000000004 0.06969999999999998
7 0.7079000000000001 0.3039 0.06840000000000003 0.05790000000000003
7 0.7362000000000001 0.3618 0.06969999999999998 0.08679999999999996
7 0.9512999999999999 0.31379999999999997 0.07889999999999986 0.08029999999999998
7 0.9612 0.4678 0.0775999999999999 0.09609999999999999
7 0.8316 0.44079999999999997 0.07889999999999986 0.08159999999999996
7 0.9007 0.4428 0.08819999999999993 0.075
7 0.9322 0.5196999999999999 0.06710000000000008 0.06319999999999994
7 0.7724 0.5928 0.07629999999999995 0.09340000000000004
7 0.8092 0.525 0.057899999999999924 0.05530000000000001
7 0.8362 0.5461 0.05129999999999996 0.06579999999999998
7 0.8848999999999999 0.5704 0.06710000000000008 0.06450000000000003
7 0.9217 0.6645 0.09870000000000005 0.10259999999999998
7 0.9368000000000001 0.5921 0.060500000000000116 0.06049999999999997
7 0.975 0.68 0.05 0.1
7 0.9776 0.6059 0.04469999999999999 0.075
7 0.6342 0.21969999999999998 0.07370000000000004 0.08159999999999996
7 0.6678000000000001 0.2717 0.06180000000000007 0.08289999999999999
7 0.6934 0.2066 0.057899999999999924 0.0632
7 0.1026 0.0684 0.10529999999999998 0.07629999999999999
7 0.12169999999999997 0.021099999999999997 0.11179999999999998 0.0421
7 0.0204 0.10859999999999999 0.0408 0.075
7 0.0204 0.1855 0.0408 0.09210000000000002
7 0.0625 0.2026 0.0724 0.09469999999999999
7 0.0632 0.1414 0.08420000000000001 0.06450000000000002
7 0.1566 0.1336 0.08160000000000002 0.075
7 0.1461 0.20989999999999998 0.08420000000000001 0.07759999999999997
7 0.2382 0.2072 0.08420000000000001 0.1039
7 0.2783 0.058600000000000006 0.09870000000000001 0.0908
7 0.42700000000000005 0.1704 0.11180000000000007 0.08030000000000001
7 0.3921 0.1263 0.08679999999999993 0.07629999999999999
7 0.327 0.22039999999999998 0.043400000000000036 0.051300000000000026
7 0.32170000000000004 0.1776 0.059200000000000016 0.05789999999999999
7 0.4974 0.2158 0.05790000000000006 0.07890000000000001
7 0.5658 0.2039 0.08950000000000002 0.1053
7 0.5454 0.1329 0.06969999999999998 0.06579999999999998
7 0.2164 0.3237 0.08549999999999996 0.08950000000000002
7 0.1197 0.36840000000000006 0.10529999999999998 0.10260000000000001
7 0.2118 0.41840000000000005 0.07369999999999997 0.08680000000000007
7 0.2776 0.3882 0.08420000000000001 0.13950000000000004
7 0.5467 0.36119999999999997 0.1039 0.09609999999999999
7 0.5849 0.2934 0.11450000000000003 0.07369999999999997
7 0.7757 0.8803 0.0775999999999999 0.09210000000000008
7 0.7829 0.7579 0.08949999999999989 0.08949999999999989
7 0.8099 0.7809 0.046100000000000134 0.06969999999999998
7 0.8395 0.7513 0.07370000000000004 0.07629999999999995
7 0.5934 0.4592 0.06579999999999998 0.08680000000000007
7 0.423 0.39280000000000004 0.06969999999999998 0.05659999999999996
7 0.34869999999999995 0.4763 0.07890000000000001 0.08420000000000001
7 0.3743 0.44409999999999994 0.06969999999999998 0.059200000000000016
7 0.3 0.5283 0.09210000000000004 0.1039
7 0.31379999999999997 0.6658 0.11449999999999996 0.06319999999999994
7 0.3257 0.6164000000000001 0.06179999999999996 0.05659999999999996
7 0.7223999999999999 0.627 0.05259999999999991 0.04870000000000005
7 0.8158 0.6947 0.08159999999999996 0.07110000000000014
7 0.9381999999999999 0.7895 0.06580000000000012 0.06319999999999994
7 0.973 0.8289 0.053899999999999865 0.0974000000000001
7 0.975 0.7598999999999999 0.05 0.08030000000000001
7 0.5013000000000001 0.5454 0.07370000000000004 0.06450000000000003
7 0.5257000000000001 0.4855 0.06969999999999998 0.07629999999999995
7 0.6243 0.5796 0.08820000000000007 0.061799999999999924
7 0.598 0.5414 0.059200000000000016 0.06709999999999994
7 0.6598999999999999 0.5434 0.06449999999999996 0.06049999999999997
7 0.5967 0.65 0.08030000000000001 0.08949999999999995
7 0.652 0.7678 0.0671 0.075
7 0.7158 0.8270000000000001 0.1 0.08819999999999993
7 0.5987 0.8987 0.09209999999999993 0.11319999999999993
7 0.6072 0.825 0.10659999999999997 0.06319999999999994
7 0.6592 0.8645 0.08680000000000007 0.11319999999999993
7 0.7625 0.9783 0.10129999999999996 0.043400000000000036
7 0.875 0.975 0.05 0.05
7 0.9151 0.9046 0.11710000000000008 0.04870000000000005
7 0.9539 0.9487000000000001 0.09210000000000008 0.06580000000000012
7 0.49079999999999996 0.8362 0.08159999999999996 0.07240000000000009
7 0.5316 0.7026 0.10789999999999993 0.1053
7 0.44409999999999994 0.7026 0.11969999999999999 0.13680000000000006
7 0.3539 0.9822 0.07629999999999999 0.035500000000000115
7 0.35200000000000004 0.9545999999999999 0.06709999999999998 0.06180000000000007
7 0.3599 0.9013 0.07760000000000006 0.06840000000000003
7 0.4493 0.9559000000000001 0.08030000000000001 0.08819999999999993
7 0.4539 0.9092 0.08950000000000002 0.06840000000000003
7 0.7684000000000001 0.49079999999999996 0.08159999999999996 0.0711
7 0.20129999999999998 0.9651000000000001 0.06579999999999998 0.06969999999999998
7 0.2079 0.9 0.05789999999999999 0.06840000000000003
7 0.2572 0.9592 0.059200000000000016 0.08159999999999996
7 0.25329999999999997 0.902 0.05659999999999996 0.06180000000000007
7 0.3125 0.9783 0.06709999999999998 0.043400000000000036
7 0.4349 0.9763 0.11969999999999999 0.04740000000000009