7 0.855 0.025 0.09 0.05
7 0.73 0.03 0.08 0.06
7 0.785 0.06 0.075 0.075
7 0.795 0.015 0.065 0.03
7 0.955 0.185 0.09 0.09
7 0.945 0.125 0.07 0.06
7 0.97 0.085 0.06 0.07
7 0.605 0.03 0.11 0.06
7 0.6 0.1 0.06 0.08
7 0.67 0.14 0.09 0.06
7 0.69 0.11 0.065 0.07
7 0.75 0.265 0.09 0.095
7 0.75 0.19 0.09 0.075
7 0.835 0.21 0.095 0.07
7 0.71 0.305 0.07 0.06
7 0.735 0.36 0.07 0.085
7 0.95 0.315 0.08 0.08
7 0.96 0.47 0.08 0.095
7 0.83 0.44 0.08 0.08
7 0.9 0.445 0.09 0.075
7 0.93 0.52 0.065 0.065
7 0.77 0.595 0.075 0.095
7 0.81 0.525 0.06 0.055
7 0.835 0.545 0.05 0.065
7 0.885 0.57 0.065 0.065
7 0.92 0.665 0.1 0.105
7 0.935 0.59 0.06 0.06
7 0.975 0.68 0.05 0.1
7 0.975 0.6 0.05 0.08
7 0.635 0.22 0.075 0.08
7 0.67 0.27 0.06 0.085
7 0.695 0.205 0.06 0.065
7 0.105 0.07 0.105 0.075
7 0.12 0.02 0.11 0.04
7 0.02 0.11 0.04 0.075
7 0.02 0.185 0.04 0.09
7 0.06 0.205 0.07 0.095
7 0.065 0.14 0.085 0.065
7 0.155 0.135 0.08 0.075
7 0.145 0.21 0.085 0.08
7 0.24 0.205 0.085 0.105
7 0.28 0.06 0.1 0.09
7 0.425 0.17 0.11 0.08
7 0.39 0.125 0.085 0.075
7 0.325 0.22 0.045 0.05
7 0.32 0.18 0.06 0.06
7 0.495 0.215 0.06 0.08
7 0.565 0.205 0.09 0.105
7 0.545 0.135 0.07 0.065
7 0.215 0.325 0.085 0.09
7 0.12 0.37 0.105 0.105
7 0.21 0.42 0.075 0.085
7 0.28 0.39 0.085 0.14
7 0.545 0.36 0.105 0.095
7 0.585 0.295 0.115 0.075
7 0.775 0.88 0.08 0.09
7 0.785 0.76 0.09 0.09
7 0.81 0.78 0.045 0.07
7 0.84 0.75 0.075 0.075
7 0.595 0.46 0.065 0.085
7 0.425 0.395 0.07 0.055
7 0.35 0.475 0.08 0.085
7 0.375 0.445 0.07 0.06
7 0.3 0.53 0.09 0.105
7 0.315 0.665 0.115 0.065
7 0.325 0.615 0.06 0.055
7 0.72 0.625 0.055 0.05
7 0.815 0.695 0.08 0.07
7 0.94 0.79 0.065 0.065
7 0.97 0.825 0.06 0.09
7 0.975 0.76 0.05 0.08
7 0.5 0.545 0.075 0.065
7 0.525 0.485 0.07 0.075
7 0.625 0.58 0.09 0.06
7 0.6 0.54 0.06 0.065
7 0.66 0.545 0.065 0.06
7 0.595 0.65 0.08 0.09
7 0.65 0.77 0.065 0.075
7 0.715 0.825 0.1 0.09
7 0.6 0.9 0.09 0.115
7 0.605 0.825 0.105 0.065
7 0.66 0.865 0.085 0.115
7 0.76 0.975 0.1 0.05
7 0.875 0.975 0.05 0.05
7 0.915 0.905 0.115 0.05
7 0.955 0.95 0.09 0.065
7 0.49 0.835 0.08 0.07
7 0.53 0.705 0.11 0.105
7 0.445 0.705 0.12 0.135
7 0.355 0.98 0.075 0.035
7 0.35 0.955 0.065 0.06
7 0.36 0.9 0.08 0.07
7 0.45 0.955 0.08 0.09
7 0.455 0.91 0.09 0.07
7 0.77 0.49 0.08 0.07
7 0.2 0.965 0.065 0.07
7 0.21 0.9 0.06 0.07
7 0.255 0.96 0.06 0.08
7 0.255 0.9 0.055 0.06
7 0.305 0.975 0.07 0.05
7 0.435 0.975 0.12 0.045