7 0.8599 0.028900000000000002 0.0908 0.0579
7 0.7315999999999999 0.030899999999999997 0.0816 0.061799999999999994
7 0.7842 0.0605 0.07629999999999999 0.07629999999999999
7 0.7934 0.0138 0.0658 0.0276
7 0.9599 0.1862 0.0803 0.0882
7 0.9447 0.127 0.0711 0.0592
7 0.973 0.0842 0.053899999999999997 0.0711
7 0.6039 0.0296 0.1079 0.0592
7 0.598 0.0987 0.0592 0.0789
7 0.6690999999999999 0.1375 0.0908 0.061799999999999994
7 0.6914 0.1092 0.0645 0.0711
7 0.752 0.2632 0.0908 0.0947
7 0.748 0.1895 0.0908 0.0737
7 0.8349 0.2112 0.0934 0.0697
7 0.7079000000000001 0.3039 0.0684 0.0579
7 0.7362000000000001 0.3618 0.0697 0.0868
7 0.9512999999999999 0.31379999999999997 0.0789 0.0803
7 0.9612 0.4678 0.0776 0.09609999999999999
7 0.8316 0.44079999999999997 0.0789 0.0816
7 0.9007 0.4428 0.0882 0.075
7 0.9322 0.5196999999999999 0.06709999999999999 0.0632
7 0.7724 0.5928 0.07629999999999999 0.0934
7 0.8092 0.525 0.0579 0.0553
7 0.8362 0.5461 0.0513 0.0658
7 0.8848999999999999 0.5704 0.06709999999999999 0.0645
7 0.9217 0.6645 0.0987 0.1026
7 0.9368000000000001 0.5921 0.0605 0.0605
7 0.9756999999999999 0.6803 0.0487 0.1
7 0.9776 0.6059 0.0447 0.075
7 0.6342 0.21969999999999998 0.0737 0.0816
7 0.6678000000000001 0.2717 0.061799999999999994 0.08289999999999999
7 0.6934 0.2066 0.0579 0.0632
7 0.1026 0.0684 0.10529999999999999 0.07629999999999999
7 0.1217 0.021099999999999997 0.1118 0.0421
7 0.0204 0.10859999999999999 0.0408 0.075
7 0.0204 0.1855 0.0408 0.09210000000000002
7 0.0625 0.2026 0.0724 0.0947
7 0.0632 0.1414 0.0842 0.0645
7 0.1566 0.1336 0.0816 0.075
7 0.1461 0.20989999999999998 0.0842 0.0776
7 0.2382 0.2072 0.0842 0.1039
7 0.2783 0.058600000000000006 0.0987 0.0908
7 0.42700000000000005 0.1704 0.1118 0.0803
7 0.3921 0.1263 0.0868 0.07629999999999999
7 0.327 0.22039999999999998 0.0434 0.0513
7 0.32170000000000004 0.1776 0.0592 0.0579
7 0.4974 0.2158 0.0579 0.0789
7 0.5658 0.2039 0.0895 0.10529999999999999
7 0.5454 0.1329 0.0697 0.0658
7 0.2164 0.3237 0.0855 0.0895
7 0.1197 0.36840000000000006 0.10529999999999999 0.1026
7 0.2118 0.41840000000000005 0.0737 0.0868
7 0.2776 0.3882 0.0842 0.13949999999999999
7 0.5467 0.36119999999999997 0.1039 0.09609999999999999
7 0.5849 0.2934 0.11449999999999999 0.0737
7 0.7757 0.8803 0.0776 0.09210000000000002
7 0.7829 0.7579 0.0895 0.0895
7 0.8099 0.7809 0.0461 0.0697
7 0.8395 0.7513 0.0737 0.07629999999999999
7 0.5934 0.4592 0.0658 0.0868
7 0.423 0.39280000000000004 0.0697 0.056600000000000004
7 0.34869999999999995 0.4763 0.0789 0.0842
7 0.3743 0.44409999999999994 0.0697 0.0592
7 0.3 0.5283 0.09210000000000002 0.1039
7 0.31379999999999997 0.6658 0.11449999999999999 0.0632
7 0.3257 0.6164000000000001 0.061799999999999994 0.056600000000000004
7 0.7223999999999999 0.627 0.0526 0.0487
7 0.8158 0.6947 0.0816 0.0711
7 0.9381999999999999 0.7895 0.0658 0.0632
7 0.973 0.8289 0.053899999999999997 0.0974
7 0.975 0.7598999999999999 0.05 0.0803
7 0.5013000000000001 0.5454 0.0737 0.0645
7 0.5257000000000001 0.4855 0.0697 0.07629999999999999
7 0.6243 0.5796 0.0882 0.061799999999999994
7 0.598 0.5414 0.0592 0.06709999999999999
7 0.6598999999999999 0.5434 0.0645 0.0605
7 0.5967 0.65 0.0803 0.0895
7 0.652 0.7678 0.06709999999999999 0.075
7 0.7158 0.8270000000000001 0.1 0.0882
7 0.5987 0.8987 0.09210000000000002 0.11320000000000001
7 0.6072 0.825 0.1066 0.0632
7 0.6592 0.8645 0.0868 0.11320000000000001
7 0.7625 0.9783 0.1013 0.0434
7 0.8795999999999999 0.9756999999999999 0.0592 0.0487
7 0.9151 0.9046 0.11710000000000001 0.0487
7 0.9539 0.9487000000000001 0.09210000000000002 0.0658
7 0.49079999999999996 0.8362 0.0816 0.0724
7 0.5316 0.7026 0.1079 0.10529999999999999
7 0.44409999999999994 0.7026 0.1197 0.1368
7 0.3539 0.9822 0.07629999999999999 0.0355
7 0.35200000000000004 0.9545999999999999 0.06709999999999999 0.061799999999999994
7 0.3599 0.9013 0.0776 0.0684
7 0.4493 0.9559000000000001 0.0803 0.0882
7 0.4539 0.9092 0.0895 0.0684
7 0.7684000000000001 0.49079999999999996 0.0816 0.0711
7 0.20129999999999998 0.9651000000000001 0.0658 0.0697
7 0.2079 0.9 0.0579 0.0684
7 0.2572 0.9592 0.0592 0.0816
7 0.25329999999999997 0.902 0.056600000000000004 0.061799999999999994
7 0.3125 0.9783 0.06709999999999999 0.0434
7 0.4349 0.9763 0.1197 0.047400000000000005