7 0.2697 0.11320000000000001 0.09740000000000001 0.1079
7 0.3336 0.1559 0.05129999999999999 0.05660000000000002
7 0.3737 0.12829999999999997 0.05260000000000005 0.07499999999999998
7 0.3947 0.0414 0.06579999999999998 0.06709999999999999
7 0.4533 0.10460000000000001 0.08549999999999996 0.0882
7 0.4717 0.0362 0.06450000000000003 0.06450000000000002
7 0.5421 0.0934 0.09469999999999999 0.07890000000000001
7 0.5276 0.021099999999999997 0.09739999999999994 0.0421
7 0.5954 0.0296 0.06969999999999998 0.0592
7 0.7618 0.0329 0.09210000000000008 0.0658
7 0.9743 0.23879999999999998 0.05129999999999996 0.075
7 0.96 0.305 0.08 0.09
7 0.955 0.44 0.09 0.12
7 0.955 0.635 0.09 0.11
7 0.9618000000000001 0.5586 0.07629999999999995 0.08030000000000001
7 0.8914 0.5553 0.06710000000000008 0.06579999999999998
7 0.627 0.3447 0.09609999999999992 0.1
7 0.6762999999999999 0.3901 0.07370000000000004 0.07239999999999995
7 0.7401000000000001 0.2691 0.075 0.09339999999999997
7 0.8618000000000001 0.2691 0.06580000000000012 0.07759999999999997
7 0.6329 0.1974 0.07890000000000001 0.07369999999999997
7 0.6724 0.1355 0.06319999999999994 0.0711
7 0.6895 0.0849 0.07629999999999995 0.06449999999999999
7 0.6137999999999999 0.102 0.08029999999999994 0.07759999999999999
7 0.1362 0.0441 0.10389999999999999 0.07759999999999999
7 0.19210000000000002 0.09210000000000002 0.08420000000000001 0.0658
7 0.14740000000000003 0.1632 0.10000000000000002 0.08159999999999998
7 0.0395 0.1408 0.07889999999999998 0.07629999999999999
7 0.098 0.20920000000000002 0.1118 0.07890000000000001
7 0.125 0.25920000000000004 0.1053 0.06579999999999998
7 0.21050000000000002 0.2434 0.08160000000000003 0.07890000000000001
7 0.2796 0.275 0.08290000000000003 0.08159999999999996
7 0.030299999999999997 0.25989999999999996 0.0605 0.061799999999999994
7 0.0645 0.3546 0.12369999999999999 0.10129999999999999
7 0.945 0.815 0.11 0.13
7 0.96 0.94 0.08 0.12
7 0.9066 0.7342 0.06580000000000012 0.06840000000000003
7 0.8967 0.6211 0.08550000000000012 0.05789999999999999
7 0.8545999999999999 0.8170999999999999 0.11710000000000008 0.08159999999999996
7 0.7934 0.9178000000000001 0.12629999999999997 0.09340000000000004
7 0.8262999999999999 0.8704000000000001 0.08680000000000007 0.05659999999999996
7 0.6920999999999999 0.8612000000000001 0.11050000000000004 0.10129999999999996
7 0.6539 0.9559000000000001 0.09210000000000008 0.08819999999999993
7 0.5671 0.8316 0.08420000000000001 0.09210000000000008
7 0.6993 0.6138 0.10389999999999987 0.09609999999999999
7 0.8270000000000001 0.5888 0.0775999999999999 0.06969999999999998
7 0.8046 0.6598999999999999 0.07240000000000009 0.06969999999999998
7 0.7585999999999999 0.6967 0.08289999999999992 0.075
7 0.7099 0.7132 0.10919999999999988 0.0974000000000001
7 0.5901 0.6717 0.09870000000000005 0.09609999999999992
7 0.5611999999999999 0.5821999999999999 0.08820000000000007 0.08819999999999993
7 0.6283 0.5236999999999999 0.09080000000000005 0.10260000000000005
7 0.4533 0.4382 0.10129999999999996 0.1
7 0.3803 0.3467 0.07370000000000004 0.08289999999999996
7 0.45990000000000003 0.2151 0.06709999999999994 0.07240000000000002
7 0.3375 0.4033 0.075 0.09609999999999999
7 0.0204 0.6099 0.0408 0.08549999999999996
7 0.030899999999999997 0.5388000000000001 0.061799999999999994 0.06450000000000003
7 0.0579 0.5 0.07369999999999999 0.0711
7 0.09539999999999998 0.5487 0.06969999999999998 0.07890000000000001
7 0.1414 0.5046 0.07240000000000002 0.06969999999999998
7 0.248 0.5164 0.09339999999999997 0.09079999999999998
7 0.2954 0.4954 0.06179999999999996 0.08820000000000007
7 0.34340000000000004 0.575 0.1053 0.08950000000000002
7 0.4296 0.575 0.11450000000000003 0.08950000000000002
7 0.4434 0.527 0.08680000000000007 0.09340000000000004
7 0.0691 0.6908 0.075 0.06840000000000003
7 0.1007 0.7743000000000001 0.0724 0.11180000000000007
7 0.1368 0.7138 0.07369999999999999 0.06969999999999998
7 0.20329999999999998 0.7553 0.0882 0.07889999999999986
7 0.2375 0.7012999999999999 0.061799999999999994 0.06319999999999994
7 0.2586 0.7401000000000001 0.05659999999999996 0.06449999999999989
7 0.2974 0.7191 0.060500000000000005 0.08819999999999993
7 0.3513 0.748 0.07370000000000002 0.0775999999999999
7 0.425 0.7105 0.0711 0.08949999999999989
7 0.05199999999999999 0.8454 0.09609999999999999 0.10390000000000015
7 0.13949999999999999 0.8881999999999999 0.1 0.11580000000000013
7 0.2224 0.8599 0.08420000000000001 0.11710000000000008
7 0.31050000000000005 0.8303 0.09470000000000002 0.08419999999999987
7 0.3967 0.8336 0.06969999999999998 0.08819999999999993
7 0.4789 0.8309000000000001 0.10789999999999993 0.10659999999999997
7 0.4717 0.9368000000000001 0.09870000000000005 0.12629999999999997
7 0.39740000000000003 0.9224 0.08679999999999993 0.11580000000000013
7 0.3289 0.9184 0.08420000000000001 0.11050000000000011
7 0.1934 0.9697 0.11050000000000003 0.060500000000000116
7 0.05 0.96 0.1 0.06