7 0.2697 0.11320000000000001 0.0974 0.1079
7 0.3336 0.1559 0.0513 0.056600000000000004
7 0.3737 0.1283 0.0526 0.075
7 0.3947 0.0414 0.0658 0.06709999999999999
7 0.4533 0.10460000000000001 0.0855 0.0882
7 0.4717 0.0362 0.0645 0.0645
7 0.5421 0.0934 0.0947 0.0789
7 0.5276 0.021099999999999997 0.0974 0.0421
7 0.5954 0.0296 0.0697 0.0592
7 0.7618 0.0329 0.09210000000000002 0.0658
7 0.9743 0.23879999999999998 0.0513 0.075
7 0.9645 0.3125 0.0711 0.0855
7 0.9599 0.4454 0.0803 0.1197
7 0.9586 0.6408 0.08289999999999999 0.1158
7 0.9618000000000001 0.5586 0.07629999999999999 0.0803
7 0.8914 0.5553 0.06709999999999999 0.0658
7 0.627 0.3447 0.09609999999999999 0.1
7 0.6762999999999999 0.3901 0.0737 0.0724
7 0.7401000000000001 0.2691 0.075 0.0934
7 0.8618000000000001 0.2691 0.0658 0.0776
7 0.6329 0.1974 0.0789 0.0737
7 0.6724 0.1355 0.0632 0.0711
7 0.6895 0.0849 0.07629999999999999 0.0645
7 0.6138 0.102 0.0803 0.0776
7 0.1362 0.0441 0.1039 0.0776
7 0.19210000000000002 0.09210000000000002 0.0842 0.0658
7 0.1474 0.1632 0.1 0.0816
7 0.0395 0.1408 0.0789 0.07629999999999999
7 0.098 0.20920000000000002 0.1118 0.0789
7 0.125 0.25920000000000004 0.10529999999999999 0.0658
7 0.21050000000000002 0.2434 0.0816 0.0789
7 0.2796 0.275 0.08289999999999999 0.0816
7 0.030299999999999997 0.25989999999999996 0.0605 0.061799999999999994
7 0.0645 0.3546 0.12369999999999999 0.1013
7 0.9460999999999999 0.8190999999999999 0.1079 0.1276
7 0.9632 0.9420999999999999 0.0737 0.1158
7 0.9066 0.7342 0.0658 0.0684
7 0.8967 0.6211 0.0855 0.0579
7 0.8545999999999999 0.8170999999999999 0.11710000000000001 0.0816
7 0.7934 0.9178000000000001 0.1263 0.0934
7 0.8262999999999999 0.8704000000000001 0.0868 0.056600000000000004
7 0.6920999999999999 0.8612000000000001 0.1105 0.1013
7 0.6539 0.9559000000000001 0.09210000000000002 0.0882
7 0.5671 0.8316 0.0842 0.09210000000000002
7 0.6993 0.6138 0.1039 0.09609999999999999
7 0.8270000000000001 0.5888 0.0776 0.0697
7 0.8046 0.6598999999999999 0.0724 0.0697
7 0.7585999999999999 0.6967 0.08289999999999999 0.075
7 0.7099 0.7132 0.1092 0.0974
7 0.5901 0.6717 0.0987 0.09609999999999999
7 0.5611999999999999 0.5821999999999999 0.0882 0.0882
7 0.6283 0.5236999999999999 0.0908 0.1026
7 0.4533 0.4382 0.1013 0.1
7 0.3803 0.3467 0.0737 0.08289999999999999
7 0.45990000000000003 0.2151 0.06709999999999999 0.0724
7 0.3375 0.4033 0.075 0.09609999999999999
7 0.0204 0.6099 0.0408 0.0855
7 0.030899999999999997 0.5388000000000001 0.061799999999999994 0.0645
7 0.0579 0.5 0.0737 0.0711
7 0.09539999999999998 0.5487 0.0697 0.0789
7 0.1414 0.5046 0.0724 0.0697
7 0.248 0.5164 0.0934 0.0908
7 0.2954 0.4954 0.061799999999999994 0.0882
7 0.34340000000000004 0.575 0.10529999999999999 0.0895
7 0.4296 0.575 0.11449999999999999 0.0895
7 0.4434 0.527 0.0868 0.0934
7 0.0691 0.6908 0.075 0.0684
7 0.1007 0.7743000000000001 0.0724 0.1118
7 0.1368 0.7138 0.0737 0.0697
7 0.20329999999999998 0.7553 0.0882 0.0789
7 0.2375 0.7012999999999999 0.061799999999999994 0.0632
7 0.2586 0.7401000000000001 0.056600000000000004 0.0645
7 0.2974 0.7191 0.0605 0.0882
7 0.3513 0.748 0.0737 0.0776
7 0.425 0.7105 0.0711 0.0895
7 0.052000000000000005 0.8454 0.09609999999999999 0.1039
7 0.13949999999999999 0.8881999999999999 0.1 0.1158
7 0.2224 0.8599 0.0842 0.11710000000000001
7 0.3105 0.8303 0.0947 0.0842
7 0.3967 0.8336 0.0697 0.0882
7 0.4789 0.8309000000000001 0.1079 0.1066
7 0.4717 0.9368000000000001 0.0987 0.1263
7 0.39740000000000003 0.9224 0.0868 0.1158
7 0.3289 0.9184 0.0842 0.1105
7 0.1934 0.9697 0.1105 0.0605
7 0.053899999999999997 0.9651000000000001 0.1079 0.0697