7 0.27 0.115 0.095 0.11
7 0.335 0.155 0.05 0.055
7 0.375 0.13 0.055 0.075
7 0.395 0.04 0.065 0.065
7 0.455 0.105 0.085 0.09
7 0.47 0.035 0.065 0.065
7 0.54 0.095 0.095 0.08
7 0.53 0.02 0.095 0.04
7 0.595 0.03 0.07 0.06
7 0.76 0.035 0.09 0.065
7 0.975 0.24 0.05 0.075
7 0.96 0.305 0.08 0.09
7 0.955 0.44 0.09 0.12
7 0.955 0.635 0.09 0.11
7 0.96 0.56 0.075 0.08
7 0.89 0.555 0.065 0.065
7 0.625 0.345 0.095 0.1
7 0.675 0.39 0.075 0.07
7 0.74 0.27 0.075 0.095
7 0.86 0.27 0.065 0.08
7 0.635 0.195 0.08 0.075
7 0.67 0.135 0.065 0.07
7 0.69 0.085 0.075 0.065
7 0.615 0.1 0.08 0.08
7 0.135 0.045 0.105 0.08
7 0.19 0.09 0.085 0.065
7 0.145 0.165 0.1 0.08
7 0.04 0.14 0.08 0.075
7 0.1 0.21 0.11 0.08
7 0.125 0.26 0.105 0.065
7 0.21 0.245 0.08 0.08
7 0.28 0.275 0.085 0.08
7 0.03 0.26 0.06 0.06
7 0.065 0.355 0.125 0.1
7 0.945 0.815 0.11 0.13
7 0.96 0.94 0.08 0.12
7 0.905 0.735 0.065 0.07
7 0.895 0.62 0.085 0.06
7 0.855 0.815 0.115 0.08
7 0.795 0.92 0.125 0.095
7 0.825 0.87 0.085 0.055
7 0.69 0.86 0.11 0.1
7 0.655 0.955 0.09 0.09
7 0.565 0.83 0.085 0.09
7 0.7 0.615 0.105 0.095
7 0.825 0.59 0.08 0.07
7 0.805 0.66 0.07 0.07
7 0.76 0.695 0.085 0.075
7 0.71 0.715 0.11 0.095
7 0.59 0.67 0.1 0.095
7 0.56 0.58 0.09 0.09
7 0.63 0.525 0.09 0.105
7 0.455 0.44 0.1 0.1
7 0.38 0.345 0.075 0.085
7 0.46 0.215 0.065 0.07
7 0.34 0.405 0.075 0.095
7 0.02 0.61 0.04 0.085
7 0.03 0.54 0.06 0.065
7 0.06 0.5 0.075 0.07
7 0.095 0.55 0.07 0.08
7 0.14 0.505 0.07 0.07
7 0.25 0.515 0.095 0.09
7 0.295 0.495 0.06 0.09
7 0.345 0.575 0.105 0.09
7 0.43 0.575 0.115 0.09
7 0.445 0.525 0.085 0.095
7 0.07 0.69 0.075 0.07
7 0.1 0.775 0.07 0.11
7 0.135 0.715 0.075 0.07
7 0.205 0.755 0.09 0.08
7 0.24 0.7 0.06 0.065
7 0.26 0.74 0.055 0.065
7 0.295 0.72 0.06 0.09
7 0.35 0.75 0.075 0.08
7 0.425 0.71 0.07 0.09
7 0.05 0.845 0.095 0.105
7 0.14 0.89 0.1 0.115
7 0.22 0.86 0.085 0.115
7 0.31 0.83 0.095 0.085
7 0.395 0.835 0.07 0.09
7 0.48 0.83 0.11 0.105
7 0.47 0.935 0.1 0.125
7 0.395 0.92 0.085 0.115
7 0.33 0.92 0.085 0.11
7 0.195 0.97 0.11 0.06
7 0.05 0.96 0.1 0.06