7 0.09210000000000002 0.05 0.07890000000000001 0.07890000000000001
7 0.18359999999999999 0.1164 0.08030000000000001 0.07759999999999999
7 0.19140000000000001 0.0487 0.075 0.07369999999999999
7 0.2638 0.2072 0.11449999999999996 0.11969999999999999
7 0.4191 0.11710000000000001 0.11969999999999999 0.1211
7 0.38 0.03 0.1 0.06
7 0.2579 0.0658 0.05259999999999998 0.0632
7 0.3053 0.0849 0.08950000000000002 0.1039
7 0.28 0.02 0.08 0.04
7 0.5362 0.023700000000000002 0.15129999999999996 0.047400000000000005
7 0.5836 0.0461 0.08819999999999993 0.07889999999999998
7 0.6579 0.0553 0.09740000000000001 0.0842
7 0.9072 0.0645 0.0775999999999999 0.0842
7 0.9571999999999999 0.047400000000000005 0.08550000000000012 0.09470000000000002
7 0.8579000000000001 0.24539999999999998 0.07629999999999995 0.0882
7 0.9283 0.19870000000000002 0.075 0.07630000000000002
7 0.8276 0.3329 0.12109999999999985 0.11579999999999999
7 0.7803 0.2605 0.06580000000000012 0.06839999999999996
7 0.43420000000000003 0.31910000000000005 0.1053 0.11970000000000003
7 0.5191 0.2822 0.07760000000000006 0.07760000000000002
7 0.5638000000000001 0.2507 0.07760000000000006 0.08549999999999996
7 0.6026 0.3395 0.05260000000000005 0.06840000000000003
7 0.6809000000000001 0.43090000000000006 0.10919999999999995 0.11180000000000007
7 0.6566 0.3592 0.07110000000000007 0.08420000000000001
7 0.7513 0.5303 0.12110000000000014 0.12370000000000005
7 0.7382 0.6895 0.07370000000000004 0.11580000000000006
7 0.7428 0.6092 0.10389999999999987 0.06840000000000003
7 0.8138 0.6829000000000001 0.12240000000000009 0.12109999999999993
7 0.7974 0.7836 0.13419999999999987 0.125
7 0.9112 0.8421 0.09870000000000005 0.08419999999999987
7 0.9809 0.9763 0.03819999999999993 0.04740000000000009
7 0.5572 0.5895 0.09870000000000005 0.11319999999999993
7 0.5803 0.5211 0.08420000000000001 0.09210000000000008
7 0.6125 0.6796 0.10389999999999994 0.10919999999999995
7 0.6137999999999999 0.7829 0.14339999999999997 0.13419999999999987
7 0.6092 0.9420999999999999 0.12629999999999997 0.11580000000000013
7 0.675 0.955 0.11 0.09
7 0.39409999999999995 0.5382 0.09870000000000005 0.10260000000000005
7 0.35 0.3678 0.07629999999999999 0.09609999999999999
7 0.10259999999999998 0.2855 0.12109999999999997 0.08419999999999998
7 0.0336 0.2316 0.06709999999999999 0.07630000000000002
7 0.20129999999999998 0.35 0.07890000000000001 0.08680000000000003
7 0.2566 0.3934 0.08160000000000003 0.09469999999999999
7 0.07300000000000001 0.3671 0.125 0.0711
7 0.09539999999999998 0.4224 0.09609999999999999 0.07890000000000001
7 0.11320000000000001 0.5164 0.11049999999999999 0.11710000000000008
7 0.19140000000000001 0.4783 0.1329 0.15129999999999996
7 0.021099999999999997 0.5993 0.0421 0.10130000000000003
7 0.0888 0.5987 0.0882 0.08159999999999996
7 0.065 0.675 0.13 0.11
7 0.11120000000000001 0.7809 0.11710000000000002 0.11969999999999999
7 0.15789999999999998 0.9420999999999999 0.1421 0.11580000000000013
7 0.12960000000000002 0.873 0.11710000000000001 0.09609999999999985
7 0.2289 0.8421 0.09210000000000002 0.09210000000000008
7 0.3164 0.7961 0.11969999999999999 0.13680000000000006
7 0.3836 0.8822 0.1039 0.10659999999999997
7 0.4836 0.8809 0.10920000000000002 0.09340000000000004
7 0.5579 0.8809 0.08679999999999993 0.08030000000000001
7 0.4618 0.9401 0.07629999999999995 0.08819999999999993
7 0.3671 0.9684 0.11320000000000004 0.06319999999999994
7 0.3743 0.6737000000000001 0.10129999999999996 0.10789999999999993
7 0.82 0.035 0.08 0.07
7 0.8151 0.11710000000000001 0.10390000000000015 0.09210000000000002