7 0.09210000000000002 0.05 0.0789 0.0789
7 0.18359999999999999 0.1164 0.0803 0.0776
7 0.19140000000000001 0.0487 0.075 0.0737
7 0.2638 0.2072 0.11449999999999999 0.1197
7 0.4191 0.11710000000000001 0.1197 0.1211
7 0.38549999999999995 0.0322 0.0974 0.0645
7 0.2579 0.0658 0.0526 0.0632
7 0.3053 0.0849 0.0895 0.1039
7 0.2822 0.023 0.0776 0.0461
7 0.5362 0.023700000000000002 0.15130000000000002 0.047400000000000005
7 0.5836 0.0461 0.0882 0.0789
7 0.6579 0.0553 0.0974 0.0842
7 0.9072 0.0645 0.0776 0.0842
7 0.9571999999999999 0.047400000000000005 0.0855 0.0947
7 0.8579000000000001 0.24539999999999998 0.07629999999999999 0.0882
7 0.9283 0.19870000000000002 0.075 0.07629999999999999
7 0.8276 0.3329 0.1211 0.1158
7 0.7803 0.2605 0.0658 0.0684
7 0.43420000000000003 0.3191 0.10529999999999999 0.1197
7 0.5191 0.2822 0.0776 0.0776
7 0.5638000000000001 0.2507 0.0776 0.0855
7 0.6026 0.3395 0.0526 0.0684
7 0.6809000000000001 0.43090000000000006 0.1092 0.1118
7 0.6566 0.3592 0.0711 0.0842
7 0.7513 0.5303 0.1211 0.12369999999999999
7 0.7382 0.6895 0.0737 0.1158
7 0.7428 0.6092 0.1039 0.0684
7 0.8138 0.6829000000000001 0.12240000000000001 0.1211
7 0.7974 0.7836 0.13419999999999999 0.125
7 0.9112 0.8421 0.0987 0.0842
7 0.9809 0.9763 0.0382 0.047400000000000005
7 0.5572 0.5895 0.0987 0.11320000000000001
7 0.5803 0.5211 0.0842 0.09210000000000002
7 0.6125 0.6796 0.1039 0.1092
7 0.6138 0.7829 0.1434 0.13419999999999999
7 0.6092 0.9420999999999999 0.1263 0.1158
7 0.6836 0.9599 0.1118 0.0803
7 0.39409999999999995 0.5382 0.0987 0.1026
7 0.35 0.3678 0.07629999999999999 0.09609999999999999
7 0.1026 0.28550000000000003 0.1211 0.0842
7 0.0336 0.2316 0.06709999999999999 0.07629999999999999
7 0.20129999999999998 0.35 0.0789 0.0868
7 0.2566 0.3934 0.0816 0.0947
7 0.073 0.3671 0.125 0.0711
7 0.09539999999999998 0.4224 0.09609999999999999 0.0789
7 0.11320000000000001 0.5164 0.1105 0.11710000000000001
7 0.19140000000000001 0.4783 0.1329 0.15130000000000002
7 0.021099999999999997 0.5992999999999999 0.0421 0.1013
7 0.0888 0.5987 0.0882 0.0816
7 0.06509999999999999 0.6783 0.1303 0.1039
7 0.1112 0.7809 0.11710000000000001 0.1197
7 0.15789999999999998 0.9420999999999999 0.1421 0.1158
7 0.12960000000000002 0.873 0.11710000000000001 0.09609999999999999
7 0.2289 0.8421 0.09210000000000002 0.09210000000000002
7 0.3164 0.7961 0.1197 0.1368
7 0.3836 0.8822 0.1039 0.1066
7 0.4836 0.8809 0.1092 0.0934
7 0.5579 0.8809 0.0868 0.0803
7 0.4618 0.9401 0.07629999999999999 0.0882
7 0.3671 0.9684 0.11320000000000001 0.0632
7 0.3743 0.6737000000000001 0.1013 0.1079
7 0.8237000000000001 0.0368 0.0868 0.0737
7 0.8151 0.11710000000000001 0.1039 0.09210000000000002