7 0.09 0.05 0.08 0.08
7 0.185 0.115 0.08 0.08
7 0.19 0.05 0.075 0.075
7 0.265 0.205 0.115 0.12
7 0.42 0.115 0.12 0.12
7 0.38 0.03 0.1 0.06
7 0.26 0.065 0.055 0.065
7 0.305 0.085 0.09 0.105
7 0.28 0.02 0.08 0.04
7 0.535 0.025 0.15 0.045
7 0.585 0.045 0.09 0.08
7 0.66 0.055 0.095 0.085
7 0.905 0.065 0.08 0.085
7 0.95 0.045 0.08 0.09
7 0.86 0.245 0.075 0.09
7 0.93 0.2 0.075 0.075
7 0.83 0.335 0.12 0.115
7 0.78 0.26 0.065 0.07
7 0.435 0.32 0.105 0.12
7 0.52 0.28 0.08 0.08
7 0.565 0.25 0.08 0.085
7 0.605 0.34 0.055 0.07
7 0.68 0.43 0.11 0.11
7 0.655 0.36 0.07 0.085
7 0.75 0.53 0.12 0.125
7 0.74 0.69 0.075 0.115
7 0.745 0.61 0.105 0.07
7 0.815 0.685 0.12 0.12
7 0.795 0.785 0.135 0.125
7 0.91 0.84 0.1 0.085
7 0.98 0.975 0.04 0.045
7 0.555 0.59 0.1 0.115
7 0.58 0.52 0.085 0.09
7 0.61 0.68 0.105 0.11
7 0.615 0.785 0.145 0.135
7 0.61 0.94 0.125 0.115
7 0.675 0.955 0.11 0.09
7 0.395 0.54 0.1 0.105
7 0.35 0.37 0.075 0.095
7 0.105 0.285 0.12 0.085
7 0.035 0.23 0.065 0.075
7 0.2 0.35 0.08 0.085
7 0.255 0.395 0.08 0.095
7 0.075 0.365 0.125 0.07
7 0.095 0.42 0.095 0.08
7 0.115 0.515 0.11 0.115
7 0.19 0.48 0.135 0.15
7 0.02 0.6 0.04 0.1
7 0.09 0.6 0.09 0.08
7 0.065 0.675 0.13 0.11
7 0.11 0.78 0.115 0.12
7 0.16 0.94 0.14 0.115
7 0.13 0.875 0.115 0.095
7 0.23 0.84 0.09 0.09
7 0.315 0.795 0.12 0.135
7 0.385 0.88 0.105 0.105
7 0.485 0.88 0.11 0.095
7 0.56 0.88 0.085 0.08
7 0.46 0.94 0.075 0.09
7 0.36 0.965 0.12 0.07
7 0.375 0.675 0.1 0.11
7 0.82 0.035 0.08 0.07
7 0.815 0.115 0.105 0.09