7 0.10460000000000001 0.0487 0.0934 0.07369999999999999
7 0.1309 0.1072 0.06969999999999998 0.1066
7 0.0421 0.098 0.0842 0.1039
7 0.24609999999999999 0.0217 0.0868 0.0434
7 0.3789 0.0362 0.10260000000000005 0.06709999999999999
7 0.33880000000000005 0.1375 0.09079999999999998 0.09340000000000001
7 0.3908 0.0974 0.08159999999999996 0.07629999999999999
7 0.5 0.048 0.0711 0.0803
7 0.4204 0.2303 0.07239999999999995 0.08420000000000001
7 0.4783 0.2671 0.09340000000000004 0.08950000000000002
7 0.22760000000000002 0.3671 0.05259999999999998 0.09469999999999999
7 0.2401 0.3138 0.07759999999999997 0.06970000000000003
7 0.273 0.3368 0.07240000000000002 0.06320000000000003
7 0.3461 0.3204 0.07370000000000002 0.07760000000000002
7 0.3921 0.3704 0.07370000000000004 0.08030000000000001
7 0.4428 0.34740000000000004 0.0539 0.06840000000000003
7 0.32630000000000003 0.40130000000000005 0.09209999999999997 0.08420000000000001
7 0.2625 0.41509999999999997 0.08030000000000001 0.06450000000000003
7 0.2158 0.44670000000000004 0.08159999999999996 0.06969999999999998
7 0.3546 0.48950000000000005 0.09870000000000001 0.08950000000000002
7 0.298 0.5421 0.10130000000000003 0.09469999999999999
7 0.20329999999999998 0.5901 0.075 0.13029999999999994
7 0.1875 0.5236999999999999 0.07759999999999997 0.07629999999999995
7 0.08220000000000001 0.5158 0.1039 0.11049999999999997
7 0.1487 0.3546 0.08680000000000002 0.09609999999999999
7 0.0987 0.3908 0.07370000000000002 0.06049999999999997
7 0.025 0.475 0.05 0.09
7 0.14739999999999998 0.5743 0.07889999999999998 0.11450000000000003
7 0.2566 0.6204 0.06579999999999998 0.08290000000000006
7 0.1882 0.675 0.0763 0.08949999999999995
7 0.1638 0.7303000000000001 0.08030000000000001 0.06580000000000012
7 0.046099999999999995 0.5821999999999999 0.09210000000000002 0.08819999999999993
7 0.0717 0.6533 0.10129999999999999 0.11180000000000007
7 0.1013 0.7342 0.05530000000000001 0.05
7 0.04 0.795 0.08 0.09