7 0.10460000000000001 0.0487 0.0934 0.0737
7 0.1309 0.1072 0.0697 0.1066
7 0.0421 0.098 0.0842 0.1039
7 0.24609999999999999 0.0217 0.0868 0.0434
7 0.3789 0.0362 0.1026 0.06709999999999999
7 0.33880000000000005 0.1375 0.0908 0.0934
7 0.3908 0.0974 0.0816 0.07629999999999999
7 0.5 0.048 0.0711 0.0803
7 0.4204 0.2303 0.0724 0.0842
7 0.4783 0.2671 0.0934 0.0895
7 0.22760000000000002 0.3671 0.0526 0.0947
7 0.2401 0.31379999999999997 0.0776 0.0697
7 0.273 0.3368 0.0724 0.0632
7 0.3461 0.3204 0.0737 0.0776
7 0.3921 0.3704 0.0737 0.0803
7 0.4428 0.34740000000000004 0.053899999999999997 0.0684
7 0.32630000000000003 0.40130000000000005 0.09210000000000002 0.0842
7 0.2625 0.41509999999999997 0.0803 0.0645
7 0.2158 0.44670000000000004 0.0816 0.0697
7 0.3546 0.48950000000000005 0.0987 0.0895
7 0.298 0.5421 0.1013 0.0947
7 0.20329999999999998 0.5901 0.075 0.1303
7 0.1875 0.5236999999999999 0.0776 0.07629999999999999
7 0.08220000000000001 0.5158 0.1039 0.1105
7 0.1487 0.3546 0.0868 0.09609999999999999
7 0.0987 0.3908 0.0737 0.0605
7 0.0276 0.4789 0.0553 0.0974
7 0.1474 0.5743 0.0789 0.11449999999999999
7 0.2566 0.6204 0.0658 0.08289999999999999
7 0.1882 0.675 0.07629999999999999 0.0895
7 0.1638 0.7303000000000001 0.0803 0.0658
7 0.0461 0.5821999999999999 0.09210000000000002 0.0882
7 0.0717 0.6533 0.1013 0.1118
7 0.1013 0.7342 0.0553 0.05
7 0.0447 0.7987000000000001 0.0895 0.0895