7 0.105 0.05 0.095 0.075
7 0.13 0.105 0.07 0.105
7 0.04 0.095 0.08 0.11
7 0.24 0.02 0.08 0.04
7 0.38 0.035 0.105 0.065
7 0.34 0.14 0.09 0.095
7 0.39 0.095 0.08 0.075
7 0.5 0.05 0.07 0.08
7 0.42 0.23 0.07 0.085
7 0.48 0.265 0.095 0.09
7 0.23 0.365 0.055 0.095
7 0.24 0.315 0.08 0.07
7 0.275 0.335 0.07 0.065
7 0.345 0.32 0.075 0.08
7 0.39 0.37 0.075 0.08
7 0.445 0.345 0.055 0.07
7 0.325 0.4 0.09 0.085
7 0.26 0.415 0.08 0.065
7 0.215 0.445 0.08 0.07
7 0.355 0.49 0.1 0.09
7 0.3 0.54 0.1 0.095
7 0.205 0.59 0.075 0.13
7 0.19 0.525 0.08 0.075
7 0.08 0.515 0.105 0.11
7 0.15 0.355 0.085 0.095
7 0.1 0.39 0.075 0.06
7 0.025 0.475 0.05 0.09
7 0.145 0.575 0.08 0.115
7 0.255 0.62 0.065 0.085
7 0.19 0.675 0.075 0.09
7 0.165 0.73 0.08 0.065
7 0.045 0.58 0.09 0.09
7 0.07 0.655 0.1 0.11
7 0.1 0.735 0.055 0.05
7 0.04 0.795 0.08 0.09