7 0.2967 0.0645 0.06969999999999998 0.05790000000000001
7 0.305 0.02 0.11 0.04
7 0.23879999999999998 0.0711 0.08550000000000005 0.07889999999999998
7 0.19210000000000002 0.1125 0.0632 0.06449999999999999
7 0.43 0.025 0.14 0.05
7 0.6408 0.0908 0.08949999999999995 0.09210000000000002
7 0.69 0.02 0.08 0.04
7 0.745 0.035 0.11 0.07
7 0.8572 0.0316 0.0775999999999999 0.0632
7 0.9539 0.08289999999999999 0.09210000000000008 0.0711
7 0.9401 0.027000000000000003 0.08030000000000001 0.05389999999999999
7 0.9783 0.1855 0.043400000000000036 0.07369999999999999
7 0.9664 0.35719999999999996 0.06710000000000008 0.125
7 0.9842 0.4533 0.03159999999999997 0.06969999999999998
7 0.8756999999999999 0.17300000000000001 0.09610000000000013 0.08550000000000002
7 0.8993000000000001 0.24280000000000002 0.09870000000000005 0.0882
7 0.7223999999999999 0.2809 0.12890000000000015 0.08550000000000005
7 0.7487 0.33549999999999996 0.13419999999999987 0.06049999999999997
7 0.7585999999999999 0.4118 0.10129999999999996 0.08420000000000001
7 0.6078999999999999 0.2888 0.11839999999999996 0.10130000000000003
7 0.5658 0.34869999999999995 0.09210000000000008 0.08159999999999996
7 0.5046 0.2612 0.07760000000000006 0.08030000000000001