7 0.295 0.065 0.07 0.06
7 0.305 0.02 0.11 0.04
7 0.24 0.07 0.085 0.08
7 0.19 0.11 0.065 0.065
7 0.43 0.025 0.14 0.05
7 0.64 0.09 0.09 0.09
7 0.69 0.02 0.08 0.04
7 0.745 0.035 0.11 0.07
7 0.85 0.03 0.08 0.06
7 0.955 0.085 0.09 0.07
7 0.94 0.025 0.08 0.05
7 0.975 0.18 0.05 0.08
7 0.965 0.355 0.065 0.125
7 0.985 0.455 0.03 0.07
7 0.875 0.175 0.095 0.085
7 0.9 0.245 0.1 0.09
7 0.72 0.28 0.13 0.085
7 0.75 0.335 0.135 0.06
7 0.76 0.41 0.1 0.085
7 0.61 0.29 0.12 0.1
7 0.565 0.35 0.09 0.08
7 0.505 0.26 0.08 0.08