7 0.2967 0.0645 0.0697 0.0579
7 0.3125 0.024300000000000002 0.1066 0.0487
7 0.23879999999999998 0.0711 0.0855 0.0789
7 0.19210000000000002 0.1125 0.0632 0.0645
7 0.43420000000000003 0.0276 0.1316 0.0553
7 0.6408 0.0908 0.0895 0.09210000000000002
7 0.6920999999999999 0.024300000000000002 0.0789 0.0487
7 0.7533 0.0368 0.1092 0.0737
7 0.8572 0.0316 0.0776 0.0632
7 0.9539 0.08289999999999999 0.09210000000000002 0.0711
7 0.9401 0.027000000000000003 0.0803 0.053899999999999997
7 0.9783 0.1855 0.0434 0.0737
7 0.9664 0.35719999999999996 0.06709999999999999 0.125
7 0.9842 0.4533 0.0316 0.0697
7 0.8756999999999999 0.17300000000000001 0.09609999999999999 0.0855
7 0.8993000000000001 0.24280000000000002 0.0987 0.0882
7 0.7223999999999999 0.2809 0.12890000000000001 0.0855
7 0.7487 0.33549999999999996 0.13419999999999999 0.0605
7 0.7585999999999999 0.4118 0.1013 0.0842
7 0.6079 0.2888 0.1184 0.1013
7 0.5658 0.34869999999999995 0.09210000000000002 0.0816
7 0.5046 0.2612 0.0776 0.0803