7 0.2445 0.4325 0.061 0.071
7 0.282 0.5295000000000001 0.066 0.087
7 0.1315 0.39549999999999996 0.077 0.11900000000000001
7 0.303 0.311 0.11800000000000001 0.064
7 0.3465 0.2065 0.109 0.08900000000000001
7 0.5325 0.366 0.071 0.11599999999999999
7 0.6075 0.3515 0.083 0.09699999999999999
7 0.4215 0.46950000000000003 0.073 0.071
7 0.629 0.517 0.098 0.08800000000000001
7 0.6065 0.467 0.085 0.076
7 0.5625 0.535 0.095 0.086
7 0.7765000000000001 0.499 0.121 0.128
7 0.855 0.5445 0.08 0.079
7 0.9540000000000001 0.509 0.086 0.11599999999999999
7 0.95 0.597 0.1 0.07
7 0.7625 0.308 0.095 0.096
7 0.6659999999999999 0.336 0.076 0.08800000000000001
7 0.9185 0.2095 0.11900000000000001 0.113
7 0.49700000000000005 0.483 0.094 0.08800000000000001
7 0.4255 0.5385 0.077 0.049
7 0.1505 0.225 0.065 0.146
7 0.051500000000000004 0.184 0.063 0.06
7 0.7935 0.13449999999999998 0.091 0.071
7 0.846 0.095 0.114 0.128
7 0.6825 0.059500000000000004 0.139 0.11900000000000001
7 0.2895 0.077 0.133 0.154
7 0.4025 0.037000000000000005 0.065 0.06
7 0.08449999999999999 0.1425 0.091 0.077
7 0.231 0.1705 0.08199999999999999 0.061
7 0.0545 0.077 0.105 0.084
7 0.061500000000000006 0.0319 0.12300000000000001 0.0639