7 0.2445 0.4325 0.06100000000000001 0.07099999999999994
7 0.282 0.5295000000000001 0.06600000000000002 0.08700000000000002
7 0.1315 0.39549999999999996 0.077 0.11900000000000005
7 0.303 0.311 0.11800000000000005 0.06400000000000002
7 0.3465 0.2065 0.10900000000000003 0.08899999999999998
7 0.5325 0.366 0.07099999999999994 0.11599999999999998
7 0.6075 0.3515 0.08300000000000005 0.09700000000000003
7 0.4215 0.46950000000000003 0.07299999999999997 0.07099999999999994
7 0.629 0.517 0.09799999999999998 0.08799999999999997
7 0.6065 0.467 0.08500000000000008 0.07599999999999994
7 0.5625 0.535 0.095 0.08599999999999994
7 0.7765000000000001 0.499 0.12099999999999994 0.12799999999999997
7 0.855 0.5445 0.08 0.07900000000000006
7 0.9540000000000001 0.509 0.08599999999999994 0.11599999999999994
7 0.95 0.597 0.1 0.07
7 0.7625 0.308 0.095 0.09600000000000002
7 0.6659999999999999 0.336 0.07599999999999994 0.08799999999999997
7 0.9185 0.2095 0.11900000000000005 0.11300000000000003
7 0.49700000000000005 0.483 0.09400000000000006 0.08799999999999997
7 0.4255 0.5385 0.07700000000000003 0.04900000000000006
7 0.1505 0.225 0.065 0.14600000000000002
7 0.051500000000000004 0.184 0.063 0.06
7 0.7935 0.13449999999999998 0.09099999999999994 0.07100000000000001
7 0.846 0.095 0.11400000000000006 0.128
7 0.6825 0.059500000000000004 0.13900000000000007 0.11900000000000001
7 0.2895 0.077 0.13300000000000003 0.154
7 0.4025 0.037000000000000005 0.065 0.06
7 0.08449999999999999 0.1425 0.09100000000000001 0.07700000000000001
7 0.231 0.1705 0.08200000000000003 0.06100000000000001
7 0.05449999999999999 0.077 0.105 0.084
7 0.06 0.03 0.12 0.06