7 0.245 0.43 0.06 0.07
7 0.28 0.53 0.065 0.085
7 0.13 0.395 0.075 0.12
7 0.305 0.31 0.12 0.065
7 0.345 0.205 0.11 0.09
7 0.53 0.365 0.07 0.115
7 0.61 0.35 0.085 0.095
7 0.42 0.47 0.075 0.07
7 0.63 0.515 0.1 0.09
7 0.605 0.465 0.085 0.075
7 0.56 0.535 0.095 0.085
7 0.775 0.5 0.12 0.13
7 0.855 0.545 0.08 0.08
7 0.955 0.51 0.085 0.115
7 0.95 0.595 0.1 0.07
7 0.76 0.31 0.095 0.095
7 0.665 0.335 0.075 0.09
7 0.92 0.21 0.12 0.115
7 0.495 0.485 0.095 0.09
7 0.425 0.54 0.075 0.05
7 0.15 0.225 0.065 0.145
7 0.05 0.185 0.065 0.06
7 0.795 0.135 0.09 0.07
7 0.845 0.095 0.115 0.13
7 0.68 0.06 0.14 0.12
7 0.285 0.075 0.13 0.15
7 0.4 0.035 0.065 0.06
7 0.085 0.14 0.09 0.075
7 0.23 0.17 0.08 0.06
7 0.055 0.075 0.105 0.085
7 0.06 0.03 0.12 0.06