4 0.33799999999999997 0.0385 0.142 0.077
4 0.5215 0.1115 0.125 0.08900000000000001
4 0.3945 0.27449999999999997 0.10099999999999999 0.16699999999999998
4 0.5315 0.359 0.113 0.132
4 0.2995 0.3185 0.09699999999999999 0.12300000000000001
4 0.3395 0.457 0.125 0.122
4 0.6235 0.5305 0.11699999999999999 0.10300000000000001
4 0.722 0.47950000000000004 0.096 0.099
4 0.883 0.7465 0.122 0.159
4 0.5685 0.8690000000000001 0.105 0.10400000000000001
4 0.493 0.9215000000000001 0.142 0.111
4 0.0635 0.723 0.12300000000000001 0.14
4 0.9079999999999999 0.9425 0.154 0.115
8 0.8945000000000001 0.203 0.09300000000000001 0.126
8 0.16149999999999998 0.3425 0.16899999999999998 0.18100000000000002
8 0.5545 0.688 0.171 0.152