4 0.33799999999999997 0.0385 0.14200000000000002 0.077
4 0.5215 0.1115 0.125 0.08900000000000002
4 0.3945 0.27449999999999997 0.10099999999999994 0.16699999999999995
4 0.5315 0.359 0.11299999999999998 0.13200000000000003
4 0.2995 0.3185 0.09699999999999996 0.12299999999999997
4 0.3395 0.457 0.125 0.12200000000000003
4 0.6235 0.5305 0.11700000000000003 0.10299999999999997
4 0.722 0.47950000000000004 0.09599999999999995 0.09900000000000006
4 0.883 0.7465 0.12199999999999989 0.15900000000000006
4 0.5685 0.8690000000000001 0.105 0.10400000000000005
4 0.493 0.9215000000000001 0.14200000000000002 0.11099999999999995
4 0.0635 0.723 0.12300000000000001 0.14
4 0.9079999999999999 0.9425 0.15400000000000005 0.115
8 0.8945000000000001 0.203 0.09300000000000011 0.126
8 0.16149999999999998 0.3425 0.16899999999999998 0.18099999999999997
8 0.5545 0.688 0.17099999999999993 0.15199999999999997