4 0.1303 0.6526000000000001 0.2026 0.16050000000000003
4 0.0487 0.7461 0.0974 0.08419999999999987
4 0.1309 0.5526 0.10130000000000003 0.09469999999999999
4 0.0947 0.4092 0.1 0.11579999999999999
4 0.1882 0.3901 0.11320000000000001 0.10920000000000002
4 0.1342 0.1599 0.12890000000000001 0.1382
4 0.1 0.025 0.16 0.05
4 0.2809 0.1243 0.15130000000000002 0.1461
4 0.4204 0.1309 0.09079999999999998 0.1039
4 0.4257 0.021099999999999997 0.12760000000000005 0.0421
4 0.565 0.025 0.15 0.05
4 0.79 0.02 0.1 0.04
4 0.9243000000000001 0.0592 0.15129999999999996 0.1184
4 0.9671 0.3184 0.06580000000000012 0.11320000000000001
4 0.8553000000000001 0.5355 0.2105000000000001 0.19210000000000008
4 0.96 0.66 0.08 0.16
4 0.4474 0.9342 0.19209999999999994 0.13159999999999997
4 0.3243 0.9789 0.075 0.04210000000000008