4 0.1303 0.6526000000000001 0.2026 0.1605
4 0.0487 0.7461 0.0974 0.0842
4 0.1309 0.5526 0.1013 0.0947
4 0.0947 0.4092 0.1 0.1158
4 0.1882 0.3901 0.11320000000000001 0.1092
4 0.13419999999999999 0.15990000000000001 0.12890000000000001 0.1382
4 0.1013 0.028900000000000002 0.15789999999999998 0.0579
4 0.2809 0.1243 0.15130000000000002 0.1461
4 0.4204 0.1309 0.0908 0.1039
4 0.4257 0.021099999999999997 0.1276 0.0421
4 0.5684 0.0276 0.1447 0.0553
4 0.7954000000000001 0.024300000000000002 0.1013 0.0487
4 0.9243000000000001 0.0592 0.15130000000000002 0.1184
4 0.9671 0.3184 0.0658 0.11320000000000001
4 0.8553000000000001 0.5355 0.21050000000000002 0.19210000000000002
4 0.9645 0.6658 0.0711 0.15259999999999999
4 0.4474 0.9342 0.19210000000000002 0.1316
4 0.3243 0.9789 0.075 0.0421