4 0.09539999999999998 0.2901 0.08030000000000001 0.10660000000000004
4 0.1454 0.2704 0.06969999999999998 0.08289999999999999
4 0.3704 0.19079999999999997 0.17760000000000006 0.1447
4 0.4829 0.19079999999999997 0.11049999999999997 0.11840000000000002
4 0.6191 0.348 0.14870000000000005 0.1539
4 0.7651 0.3224 0.19080000000000014 0.2053
4 0.7598999999999999 0.1605 0.18819999999999992 0.16579999999999998
4 0.8223999999999999 0.05199999999999999 0.1447 0.1039
4 0.0434 0.6592 0.0868 0.16319999999999993
4 0.11380000000000003 0.5507 0.09610000000000002 0.11450000000000003
4 0.2408 0.6217 0.19739999999999994 0.15919999999999995
4 0.1796 0.7691 0.14869999999999997 0.15129999999999996
4 0.41840000000000005 0.4711 0.13159999999999997 0.12629999999999997
4 0.6289 0.6065999999999999 0.1053 0.09469999999999999
4 0.7579 0.6743000000000001 0.21580000000000013 0.18819999999999992
4 0.9447 0.9039 0.11050000000000011 0.19210000000000008
4 0.6329 0.9283 0.18420000000000003 0.14340000000000003
4 0.2711 0.9612 0.13680000000000003 0.0775999999999999