4 0.09539999999999998 0.2901 0.0803 0.1066
4 0.1454 0.2704 0.0697 0.08289999999999999
4 0.3704 0.19079999999999997 0.1776 0.1447
4 0.4829 0.19079999999999997 0.1105 0.1184
4 0.6191 0.348 0.1487 0.1539
4 0.7651 0.3224 0.19079999999999997 0.2053
4 0.7598999999999999 0.1605 0.1882 0.16579999999999998
4 0.8223999999999999 0.052000000000000005 0.1447 0.1039
4 0.0434 0.6592 0.0868 0.1632
4 0.11380000000000001 0.5507 0.09609999999999999 0.11449999999999999
4 0.2408 0.6217 0.1974 0.1592
4 0.1796 0.7691 0.1487 0.15130000000000002
4 0.41840000000000005 0.4711 0.1316 0.1263
4 0.6289 0.6065999999999999 0.10529999999999999 0.0947
4 0.7579 0.6743000000000001 0.2158 0.1882
4 0.9447 0.9039 0.1105 0.19210000000000002
4 0.6329 0.9283 0.18420000000000003 0.1434
4 0.2711 0.9612 0.1368 0.0776