4 0.1368 0.5243 0.1211 0.12240000000000001
4 0.0467 0.7579 0.0934 0.1211
4 0.17170000000000002 0.8545999999999999 0.1566 0.1539
4 0.3592 0.8559 0.1632 0.1566
4 0.3421 0.975 0.1316 0.05
4 0.2487 0.6631999999999999 0.1158 0.1026
4 0.2882 0.7303000000000001 0.0842 0.0842
4 0.3586 0.6322 0.1329 0.12240000000000001
4 0.44670000000000004 0.7086 0.12240000000000001 0.1355
4 0.6211 0.5987 0.11320000000000001 0.12369999999999999
4 0.9118 0.5796 0.1184 0.1092
4 0.275 0.3967 0.1079 0.0908
4 0.3164 0.4829 0.11449999999999999 0.1105
4 0.3849 0.5303 0.1118 0.0895
4 0.5342 0.3243 0.2053 0.19870000000000002
4 0.3171 0.021099999999999997 0.1026 0.0421
4 0.4368 0.030899999999999997 0.1421 0.061799999999999994
4 0.0934 0.09539999999999998 0.1316 0.11449999999999999