4 0.1368 0.5243 0.1211 0.12239999999999995
4 0.0467 0.7579 0.0934 0.12109999999999985
4 0.17170000000000002 0.8545999999999999 0.1566 0.15390000000000015
4 0.3592 0.8559 0.16319999999999996 0.15659999999999996
4 0.3421 0.975 0.13159999999999997 0.05
4 0.2487 0.6631999999999999 0.11579999999999999 0.10259999999999998
4 0.2882 0.7303000000000001 0.08420000000000001 0.08419999999999987
4 0.3586 0.6322 0.13289999999999996 0.12240000000000002
4 0.44670000000000004 0.7086 0.12239999999999995 0.13550000000000012
4 0.6211 0.5986999999999999 0.11319999999999993 0.12369999999999998
4 0.9118 0.5796 0.11840000000000003 0.10920000000000002
4 0.275 0.3967 0.10789999999999995 0.09079999999999998
4 0.3164 0.4829 0.11450000000000003 0.11049999999999997
4 0.3849 0.5303 0.11179999999999993 0.08950000000000002
4 0.5342 0.3243 0.2053 0.19870000000000004
4 0.3171 0.021099999999999997 0.10260000000000001 0.0421
4 0.4368 0.030899999999999997 0.14209999999999995 0.061799999999999994
4 0.0934 0.09539999999999998 0.1316 0.11449999999999999