4 0.26780000000000004 0.0507 0.18549999999999997 0.10130000000000003
4 0.7099 0.0513 0.125 0.0974
4 0.7717 0.1559 0.09340000000000004 0.125
4 0.2882 0.22699999999999998 0.1789 0.1539
4 0.3553 0.30920000000000003 0.06049999999999997 0.06579999999999998
4 0.4132 0.3046 0.13679999999999992 0.13820000000000005
4 0.6382 0.5296 0.11049999999999997 0.11969999999999999
4 0.8178 0.5309 0.17240000000000008 0.175
4 0.8190999999999999 0.6862 0.1644999999999999 0.14340000000000003
4 0.9434 0.6428 0.11319999999999993 0.14080000000000006
4 0.7940999999999999 0.8342 0.175 0.13419999999999987
4 0.6920999999999999 0.9164 0.15 0.1328999999999999
4 0.5367999999999999 0.9664 0.18159999999999996 0.06710000000000008
4 0.2776 0.8795999999999999 0.2079 0.1644999999999999
4 0.24670000000000003 0.8 0.14079999999999998 0.11840000000000003
4 0.21050000000000002 0.9592 0.1763 0.08159999999999996
4 0.46380000000000005 0.7329000000000001 0.11709999999999994 0.12890000000000015
4 0.1447 0.5592 0.0895 0.09210000000000008
4 0.22829999999999998 0.6204000000000001 0.1566 0.15660000000000004