4 0.26780000000000004 0.0507 0.1855 0.1013
4 0.7099 0.0513 0.125 0.0974
4 0.7717 0.1559 0.0934 0.125
4 0.2882 0.22699999999999998 0.1789 0.1539
4 0.3553 0.30920000000000003 0.0605 0.0658
4 0.4132 0.3046 0.1368 0.1382
4 0.6382 0.5296 0.1105 0.1197
4 0.8178 0.5309 0.1724 0.175
4 0.8190999999999999 0.6862 0.16449999999999998 0.1434
4 0.9434 0.6428 0.11320000000000001 0.1408
4 0.7940999999999999 0.8342 0.175 0.13419999999999999
4 0.6920999999999999 0.9164 0.15 0.1329
4 0.5367999999999999 0.9664 0.1816 0.06709999999999999
4 0.2776 0.8795999999999999 0.2079 0.16449999999999998
4 0.24670000000000003 0.8 0.1408 0.1184
4 0.21050000000000002 0.9592 0.17629999999999998 0.0816
4 0.46380000000000005 0.7329000000000001 0.11710000000000001 0.12890000000000001
4 0.1447 0.5592 0.0895 0.09210000000000002
4 0.22829999999999998 0.6204 0.1566 0.1566