4 0.0507 0.2691 0.10130000000000003 0.14339999999999997
4 0.3849 0.1566 0.14079999999999998 0.11839999999999998
4 0.4586 0.298 0.18819999999999992 0.17759999999999998
4 0.4329 0.41969999999999996 0.1711 0.13950000000000004
4 0.285 0.02 0.11 0.04
4 0.7993000000000001 0.0434 0.19340000000000004 0.0868
4 0.8454 0.7092 0.11449999999999988 0.12629999999999997
4 0.95 0.695 0.1 0.09
4 0.9388 0.8875 0.12240000000000009 0.15919999999999987
4 0.9368000000000001 0.975 0.12629999999999997 0.05
4 0.7920999999999999 0.9420999999999999 0.1474000000000001 0.11580000000000013
4 0.677 0.9717 0.09870000000000005 0.05659999999999996
4 0.4401 0.9342 0.09870000000000005 0.08680000000000007
4 0.1474 0.7263 0.1895 0.18680000000000008
4 0.2395 0.8355 0.1342 0.17890000000000014