4 0.0507 0.2691 0.1013 0.1434
4 0.3849 0.1566 0.1408 0.1184
4 0.4586 0.298 0.1882 0.1776
4 0.4329 0.41969999999999996 0.1711 0.13949999999999999
4 0.2901 0.024300000000000002 0.1092 0.0487
4 0.7993000000000001 0.0434 0.1934 0.0868
4 0.8454 0.7092 0.11449999999999999 0.1263
4 0.9520000000000001 0.6993 0.09609999999999999 0.0882
4 0.9388 0.8875 0.12240000000000001 0.1592
4 0.9368000000000001 0.975 0.1263 0.05
4 0.7920999999999999 0.9420999999999999 0.1474 0.1158
4 0.677 0.9717 0.0987 0.056600000000000004
4 0.4401 0.9342 0.0987 0.0868
4 0.1474 0.7263 0.1895 0.1868
4 0.2395 0.8355 0.13419999999999999 0.1789