4 0.0915 0.39649999999999996 0.13699999999999998 0.14099999999999993
4 0.1235 0.049 0.10900000000000003 0.098
4 0.36700000000000005 0.061 0.146 0.11400000000000002
4 0.37200000000000005 0.465 0.12799999999999997 0.13
4 0.20600000000000002 0.5710000000000001 0.126 0.12200000000000003
4 0.677 0.6945 0.10599999999999994 0.12699999999999995
4 0.8109999999999999 0.713 0.1280000000000001 0.17199999999999996
4 0.22399999999999998 0.81 0.08799999999999997 0.10800000000000011
4 0.1555 0.8425 0.095 0.07699999999999989
4 0.10550000000000001 0.889 0.083 0.06199999999999989
4 0.0725 0.9475 0.09699999999999999 0.09099999999999994
4 0.249 0.9335 0.09799999999999998 0.11300000000000011
4 0.035 0.89 0.05800000000000001 0.15199999999999989
7 0.6385000000000001 0.1165 0.07299999999999997 0.07900000000000001
7 0.42950000000000005 0.255 0.075 0.09399999999999999
7 0.3935 0.355 0.06299999999999997 0.07599999999999998
7 0.3195 0.413 0.09100000000000001 0.08599999999999994
7 0.40700000000000003 0.7515000000000001 0.07400000000000005 0.07099999999999994
4 0.597 0.35200000000000004 0.07799999999999997 0.09
4 0.7065 0.2025 0.08699999999999988 0.08100000000000002
4 0.8985 0.446 0.09900000000000006 0.14
4 0.6895 0.377 0.05900000000000006 0.11400000000000006
4 0.7765000000000001 0.5435 0.075 0.08700000000000002
4 0.11599999999999999 0.5165 0.08599999999999998 0.07900000000000006
4 0.051500000000000004 0.599 0.07300000000000001 0.07400000000000005