4 0.09 0.395 0.135 0.14
4 0.125 0.05 0.11 0.1
4 0.365 0.06 0.145 0.115
4 0.37 0.465 0.13 0.13
4 0.205 0.57 0.125 0.12
4 0.675 0.695 0.105 0.125
4 0.81 0.715 0.13 0.17
4 0.225 0.81 0.09 0.11
4 0.155 0.84 0.095 0.075
4 0.105 0.89 0.085 0.06
4 0.07 0.95 0.095 0.09
4 0.25 0.935 0.1 0.115
4 0.035 0.89 0.06 0.15
7 0.64 0.115 0.075 0.08
7 0.43 0.255 0.075 0.095
7 0.395 0.355 0.065 0.075
7 0.32 0.415 0.09 0.085
7 0.405 0.75 0.075 0.07
4 0.595 0.35 0.08 0.09
4 0.705 0.2 0.085 0.08
4 0.9 0.445 0.1 0.14
4 0.69 0.375 0.06 0.115
4 0.775 0.545 0.075 0.085
4 0.115 0.515 0.085 0.08
4 0.05 0.6 0.075 0.075