4 0.0915 0.39649999999999996 0.13699999999999998 0.141
4 0.1235 0.049 0.109 0.098
4 0.36700000000000005 0.061 0.146 0.114
4 0.37200000000000005 0.465 0.128 0.13
4 0.20600000000000002 0.5710000000000001 0.126 0.122
4 0.677 0.6945 0.106 0.127
4 0.8109999999999999 0.713 0.128 0.172
4 0.22399999999999998 0.81 0.08800000000000001 0.10800000000000001
4 0.1555 0.8425 0.095 0.077
4 0.10550000000000001 0.889 0.083 0.062
4 0.0725 0.9475 0.09699999999999999 0.091
4 0.249 0.9335 0.098 0.113
4 0.035 0.89 0.057999999999999996 0.152
7 0.6385000000000001 0.1165 0.073 0.079
7 0.42950000000000005 0.255 0.075 0.094
7 0.3935 0.355 0.063 0.076
7 0.3195 0.413 0.091 0.086
7 0.40700000000000003 0.7515000000000001 0.07400000000000001 0.071
4 0.597 0.35200000000000004 0.078 0.09
4 0.7065 0.2025 0.087 0.081
4 0.8985 0.446 0.099 0.14
4 0.6895 0.377 0.059000000000000004 0.114
4 0.7765000000000001 0.5435 0.075 0.087
4 0.11599999999999999 0.5165 0.086 0.079
4 0.051500000000000004 0.599 0.073 0.07400000000000001