4 0.2155 0.0305 0.171 0.061
4 0.563 0.044000000000000004 0.158 0.08800000000000001
4 0.7785 0.07400000000000001 0.083 0.07400000000000001
4 0.6409999999999999 0.228 0.096 0.114
4 0.1315 0.27699999999999997 0.10300000000000001 0.126
4 0.429 0.5945 0.11199999999999999 0.09300000000000001
4 0.774 0.6809999999999999 0.154 0.13
4 0.9305 0.57 0.139 0.16
4 0.22399999999999998 0.828 0.166 0.14
4 0.0895 0.924 0.147 0.126
4 0.051 0.4815 0.08800000000000001 0.11699999999999999
4 0.1465 0.455 0.127 0.07
4 0.107 0.5265 0.10800000000000001 0.109
4 0.1765 0.5825 0.085 0.115
4 0.5335 0.6905 0.095 0.109
4 0.529 0.9129999999999999 0.11599999999999999 0.11599999999999999
4 0.8815000000000001 0.377 0.10300000000000001 0.096