4 0.030899999999999997 0.1895 0.061799999999999994 0.1474
4 0.1013 0.2132 0.12890000000000001 0.1447
4 0.1618 0.2743 0.0789 0.11449999999999999
4 0.2724 0.252 0.1026 0.1118
4 0.4158 0.3553 0.1105 0.12369999999999999
4 0.4855 0.1 0.1447 0.1263
4 0.43090000000000006 0.14279999999999998 0.08289999999999999 0.08289999999999999
4 0.5007 0.2145 0.1092 0.1447
4 0.1539 0.0901 0.12369999999999999 0.1039
4 0.8526 0.0934 0.1421 0.13949999999999999
4 0.9599 0.05 0.0803 0.1
4 0.9086 0.3099 0.1039 0.1303
4 0.9664 0.3375 0.06709999999999999 0.09609999999999999
4 0.8539 0.3743 0.1316 0.1382