4 0.030899999999999997 0.1895 0.061799999999999994 0.14740000000000003
4 0.10130000000000003 0.2132 0.12890000000000001 0.1447
4 0.1618 0.2743 0.07890000000000001 0.11450000000000003
4 0.2724 0.252 0.10259999999999998 0.1118
4 0.4158 0.3553 0.11049999999999997 0.1237
4 0.4855 0.1 0.1447 0.12630000000000002
4 0.43090000000000006 0.14279999999999998 0.08289999999999992 0.08289999999999997
4 0.5007 0.2145 0.10920000000000002 0.1447
4 0.1539 0.0901 0.12369999999999998 0.1039
4 0.8526 0.0934 0.1421000000000001 0.13949999999999999
4 0.955 0.05 0.09 0.1
4 0.9086 0.30989999999999995 0.10390000000000015 0.13029999999999997
4 0.9664 0.3375 0.06710000000000008 0.09609999999999999
4 0.8539 0.3743 0.13159999999999997 0.13820000000000005