7 0.5660000000000001 0.4575 0.1739999999999999 0.18900000000000006
7 0.7125 0.22950000000000004 0.16099999999999995 0.19500000000000003
7 0.5545 0.0355 0.08900000000000005 0.071
7 0.364 0.071 0.16200000000000003 0.142
7 0.797 0.54 0.13599999999999995 0.12400000000000005
7 0.8484999999999999 0.652 0.1369999999999999 0.13
7 0.46399999999999997 0.6779999999999999 0.16 0.15599999999999994
7 0.6315 0.8704999999999999 0.1710000000000001 0.17300000000000013
7 0.6195 0.975 0.17900000000000005 0.05
7 0.8275 0.738 0.09300000000000011 0.054000000000000055
7 0.013000000000000001 0.514 0.026000000000000002 0.09799999999999998