7 0.0783 0.0901 0.1461 0.11449999999999999
7 0.1309 0.0533 0.1461 0.1066
7 0.2757 0.08289999999999999 0.1092 0.1211
7 0.40590000000000004 0.11710000000000001 0.1092 0.1263
7 0.43420000000000003 0.06509999999999999 0.11320000000000001 0.12240000000000001
7 0.8539 0.0533 0.1184 0.1066
7 0.9296 0.1309 0.11710000000000001 0.1382
7 0.6526000000000001 0.2816 0.1421 0.1184
7 0.7033 0.4296 0.0987 0.1118
7 0.8664000000000001 0.4533 0.09609999999999999 0.1066
7 0.8809 0.39740000000000003 0.11449999999999999 0.1026
7 0.9046 0.4875 0.11449999999999999 0.1118
7 0.977 0.6033 0.0461 0.0908
7 0.9756999999999999 0.6789000000000001 0.0487 0.0816
7 0.9395 0.8099 0.1079 0.1118
7 0.9842 0.7572 0.0316 0.0724
7 0.8487 0.7664 0.10529999999999999 0.1013
7 0.7276 0.7474 0.10529999999999999 0.1105
7 0.4612 0.6513 0.0882 0.1026
7 0.3382 0.44799999999999995 0.1553 0.1566
7 0.2625 0.31120000000000003 0.1539 0.1592
7 0.0434 0.5467 0.0868 0.1303
7 0.102 0.8170999999999999 0.12240000000000001 0.1421
7 0.275 0.9545999999999999 0.12369999999999999 0.0908
7 0.2704 0.8987 0.061799999999999994 0.0579
7 0.3796 0.8848999999999999 0.1276 0.125
7 0.9776 0.9289000000000001 0.0447 0.0711