7 0.0783 0.0901 0.1461 0.11449999999999999
7 0.1309 0.0533 0.1461 0.1066
7 0.2757 0.08289999999999999 0.10920000000000002 0.1211
7 0.40590000000000004 0.11710000000000001 0.10920000000000002 0.12630000000000002
7 0.43420000000000003 0.06509999999999999 0.11319999999999993 0.12239999999999998
7 0.8539 0.0533 0.11840000000000003 0.1066
7 0.9296 0.1309 0.11710000000000008 0.1382
7 0.6526000000000001 0.2816 0.1421000000000001 0.11839999999999996
7 0.7033 0.4296 0.09870000000000005 0.11179999999999993
7 0.8664000000000001 0.4533 0.09609999999999985 0.10659999999999997
7 0.8809 0.39740000000000003 0.11449999999999988 0.10260000000000005
7 0.9046 0.4875 0.11449999999999988 0.11180000000000007
7 0.975 0.595 0.05 0.09
7 0.975 0.67 0.05 0.08
7 0.9395 0.8099 0.10789999999999993 0.11180000000000007
7 0.9842 0.7572 0.03159999999999997 0.07240000000000009
7 0.8487 0.7664 0.1053 0.10129999999999996
7 0.7276 0.7474 0.1053 0.11050000000000011
7 0.4612 0.6513 0.08820000000000007 0.10259999999999998
7 0.3382 0.44799999999999995 0.15530000000000002 0.15659999999999996
7 0.2625 0.3112 0.1539 0.15919999999999998
7 0.0434 0.5467 0.0868 0.1303
7 0.102 0.8170999999999999 0.12240000000000002 0.1421000000000001
7 0.275 0.9545999999999999 0.1237 0.09080000000000013
7 0.2704 0.8987 0.061799999999999994 0.057899999999999924
7 0.3796 0.8848999999999999 0.12760000000000002 0.125
7 0.9776 0.9289000000000001 0.04469999999999999 0.07110000000000014