7 0.08 0.09 0.145 0.115
7 0.13 0.055 0.145 0.105
7 0.275 0.085 0.11 0.12
7 0.405 0.115 0.11 0.125
7 0.435 0.065 0.115 0.12
7 0.855 0.055 0.12 0.105
7 0.93 0.13 0.115 0.14
7 0.655 0.28 0.14 0.12
7 0.705 0.43 0.1 0.11
7 0.865 0.455 0.095 0.105
7 0.88 0.395 0.115 0.105
7 0.905 0.49 0.115 0.11
7 0.975 0.595 0.05 0.09
7 0.975 0.67 0.05 0.08
7 0.94 0.81 0.11 0.11
7 0.985 0.755 0.03 0.07
7 0.85 0.765 0.105 0.1
7 0.73 0.745 0.105 0.11
7 0.46 0.65 0.09 0.105
7 0.34 0.45 0.155 0.155
7 0.26 0.31 0.155 0.16
7 0.045 0.545 0.085 0.13
7 0.1 0.815 0.12 0.14
7 0.275 0.955 0.125 0.09
7 0.27 0.9 0.06 0.06
7 0.38 0.885 0.13 0.125
7 0.975 0.925 0.05 0.07