7 0.075 0.1993 0.1026 0.11449999999999999
7 0.1243 0.1355 0.1066 0.1
7 0.1671 0.177 0.0711 0.075
7 0.30260000000000004 0.1809 0.1553 0.1592
7 0.7053 0.4421 0.1368 0.1368
7 0.8704000000000001 0.5783 0.1487 0.1539
7 0.5513 0.5974 0.1368 0.15259999999999999
7 0.4079 0.7086 0.1 0.1066
7 0.4671 0.7678 0.12369999999999999 0.1197
7 0.4007 0.8408 0.056600000000000004 0.0711
7 0.327 0.8053 0.1197 0.1158
7 0.0974 0.6138 0.1105 0.12240000000000001
7 0.0368 0.6 0.0737 0.1158
7 0.0434 0.6862 0.0711 0.1013
7 0.0125 0.6816 0.025 0.0816
7 0.0454 0.7651 0.0908 0.1118
7 0.152 0.7704000000000001 0.1197 0.0987
7 0.1539 0.8388 0.1105 0.0855
7 0.0901 0.9112 0.1329 0.125
7 0.4224 0.9605 0.1263 0.0789