7 0.075 0.1993 0.10259999999999998 0.1145
7 0.1243 0.1355 0.10659999999999999 0.1
7 0.1671 0.177 0.0711 0.075
7 0.3026 0.1809 0.15529999999999997 0.1592
7 0.7053 0.4421 0.13680000000000006 0.13679999999999992
7 0.8704000000000001 0.5783 0.14870000000000005 0.15390000000000006
7 0.5513 0.5974 0.13679999999999992 0.15260000000000004
7 0.4079 0.7086 0.1 0.10659999999999997
7 0.4671 0.7678 0.12370000000000005 0.11969999999999999
7 0.4007 0.8408 0.05659999999999996 0.07110000000000014
7 0.327 0.8053 0.11969999999999999 0.11580000000000013
7 0.0974 0.6138 0.1105 0.12239999999999995
7 0.035 0.595 0.07 0.11
7 0.0434 0.6862 0.0711 0.10129999999999996
7 0.0125 0.6816 0.025 0.08159999999999996
7 0.0454 0.7651 0.0908 0.11180000000000007
7 0.152 0.7704000000000001 0.11969999999999999 0.09870000000000005
7 0.1539 0.8388 0.11049999999999999 0.08550000000000012
7 0.0901 0.9112 0.1329 0.125
7 0.4224 0.9605 0.12629999999999997 0.07889999999999986