7 0.345 0.165 0.105 0.085
7 0.27 0.26 0.11 0.115
7 0.33 0.26 0.07 0.08
7 0.385 0.34 0.11 0.12
7 0.595 0.11 0.115 0.13
7 0.705 0.035 0.135 0.065
7 0.83 0.02 0.12 0.04
7 0.89 0.55 0.125 0.14
7 0.81 0.64 0.125 0.13
7 0.645 0.49 0.105 0.1
7 0.545 0.545 0.1 0.11
7 0.395 0.605 0.085 0.095
7 0.405 0.55 0.105 0.075
7 0.395 0.495 0.105 0.08
7 0.335 0.64 0.09 0.12
7 0.42 0.645 0.08 0.085
7 0.485 0.68 0.095 0.115
7 0.475 0.95 0.135 0.095
7 0.21 0.585 0.12 0.125
7 0.025 0.38 0.05 0.13
7 0.055 0.32 0.065 0.07
7 0.015 0.2 0.03 0.095