7 0.3447 0.1664 0.10260000000000001 0.08549999999999999
7 0.26780000000000004 0.2586 0.11180000000000004 0.11450000000000003
7 0.3289 0.25920000000000004 0.0711 0.08159999999999996
7 0.3836 0.3408 0.10920000000000002 0.1211
7 0.5967 0.10859999999999999 0.11710000000000008 0.1276
7 0.7066 0.0329 0.13680000000000006 0.0658
7 0.8329000000000001 0.0217 0.11580000000000013 0.0434
7 0.8920999999999999 0.5479999999999999 0.12629999999999997 0.14079999999999998
7 0.8099 0.6420999999999999 0.125 0.13159999999999997
7 0.6428 0.4921 0.10659999999999997 0.1
7 0.5467 0.5467 0.09870000000000005 0.10920000000000002
7 0.39409999999999995 0.6053000000000001 0.08549999999999996 0.09469999999999999
7 0.40259999999999996 0.5487 0.10260000000000005 0.07370000000000004
7 0.3967 0.4954 0.10659999999999997 0.08030000000000001
7 0.3336 0.6382 0.09079999999999998 0.1211
7 0.4217 0.6434000000000001 0.07760000000000006 0.08419999999999994
7 0.4829 0.6822 0.09739999999999994 0.11710000000000008
7 0.47369999999999995 0.9512999999999999 0.1342 0.0974000000000001
7 0.20989999999999998 0.5855 0.12240000000000002 0.12629999999999997
7 0.025 0.3809 0.05 0.12760000000000002
7 0.0533 0.3184 0.06449999999999999 0.06839999999999996
7 0.0138 0.19870000000000002 0.0276 0.09740000000000001