7 0.3447 0.1664 0.1026 0.0855
7 0.26780000000000004 0.2586 0.1118 0.11449999999999999
7 0.3289 0.25920000000000004 0.0711 0.0816
7 0.3836 0.3408 0.1092 0.1211
7 0.5967 0.10859999999999999 0.11710000000000001 0.1276
7 0.7066 0.0329 0.1368 0.0658
7 0.8329000000000001 0.0217 0.1158 0.0434
7 0.8920999999999999 0.5479999999999999 0.1263 0.1408
7 0.8099 0.6420999999999999 0.125 0.1316
7 0.6428 0.4921 0.1066 0.1
7 0.5467 0.5467 0.0987 0.1092
7 0.39409999999999995 0.6053000000000001 0.0855 0.0947
7 0.40259999999999996 0.5487 0.1026 0.0737
7 0.3967 0.4954 0.1066 0.0803
7 0.3336 0.6382 0.0908 0.1211
7 0.4217 0.6434000000000001 0.0776 0.0842
7 0.4829 0.6822 0.0974 0.11710000000000001
7 0.47369999999999995 0.9512999999999999 0.13419999999999999 0.0974
7 0.20989999999999998 0.5855 0.12240000000000001 0.1263
7 0.025 0.3809 0.05 0.1276
7 0.0533 0.3184 0.0645 0.0684
7 0.0138 0.19870000000000002 0.0276 0.0974