7 0.04 0.37 0.075 0.08
7 0.06 0.315 0.1 0.07
7 0.085 0.42 0.115 0.1
7 0.165 0.28 0.105 0.09
7 0.26 0.38 0.085 0.085
7 0.235 0.32 0.055 0.06
7 0.25 0.26 0.065 0.065
7 0.315 0.3 0.065 0.065
7 0.355 0.335 0.095 0.095
7 0.29 0.485 0.11 0.115
7 0.35 0.54 0.11 0.095
7 0.48 0.345 0.1 0.11
7 0.435 0.21 0.13 0.095
7 0.28 0.08 0.115 0.085
7 0.24 0.115 0.1 0.085
7 0.545 0.085 0.105 0.12
7 0.625 0.04 0.105 0.08
7 0.765 0.24 0.105 0.11
7 0.855 0.325 0.085 0.09
7 0.83 0.38 0.095 0.07
7 0.875 0.415 0.105 0.105
7 0.955 0.32 0.09 0.12
7 0.655 0.53 0.13 0.13
7 0.75 0.515 0.115 0.125
7 0.86 0.895 0.09 0.095