7 0.0375 0.3724 0.075 0.07890000000000001
7 0.0625 0.3145 0.09869999999999997 0.07110000000000002
7 0.0836 0.4191 0.11449999999999999 0.09870000000000005
7 0.1671 0.2803 0.1053 0.09210000000000004
7 0.2605 0.3796 0.0868 0.08290000000000006
7 0.2349 0.3224 0.0539 0.06049999999999997
7 0.248 0.2612 0.0671 0.0671
7 0.31379999999999997 0.2993 0.0671 0.06709999999999998
7 0.35590000000000005 0.33490000000000003 0.09340000000000004 0.09340000000000004
7 0.2921 0.4855 0.10790000000000002 0.11579999999999999
7 0.3493 0.5375 0.11179999999999995 0.09340000000000004
7 0.48219999999999996 0.34409999999999996 0.09870000000000005 0.11180000000000004
7 0.4355 0.20920000000000002 0.12890000000000001 0.09740000000000001
7 0.2796 0.0776 0.11450000000000003 0.0868
7 0.2375 0.11380000000000001 0.10130000000000003 0.0855
7 0.5461 0.0868 0.10260000000000005 0.1211
7 0.6257 0.0395 0.1039 0.07889999999999998
7 0.7631999999999999 0.2414 0.1053 0.1118
7 0.8553000000000001 0.3257 0.08419999999999987 0.08820000000000004
7 0.8309000000000001 0.38159999999999994 0.09610000000000013 0.0711
7 0.8737 0.41450000000000004 0.10259999999999991 0.1053
7 0.9579000000000001 0.325 0.08419999999999987 0.11319999999999997
7 0.6533 0.5322 0.1276 0.12760000000000005
7 0.752 0.5132 0.11710000000000008 0.12370000000000005
7 0.8579000000000001 0.8934000000000001 0.09210000000000008 0.0974000000000001