7 0.0825 0.17850000000000002 0.09300000000000001 0.09299999999999999
7 0.036500000000000005 0.504 0.065 0.06599999999999995
7 0.044500000000000005 0.5920000000000001 0.08900000000000001 0.09800000000000005
7 0.16949999999999998 0.5995 0.115 0.08699999999999995
7 0.19899999999999998 0.6825 0.11 0.07099999999999994
7 0.2535 0.7440000000000001 0.13299999999999998 0.10800000000000011
7 0.1925 0.4445 0.06899999999999999 0.08700000000000002
7 0.26899999999999996 0.423 0.08600000000000002 0.07799999999999997
7 0.21050000000000002 0.3265 0.095 0.08099999999999997
7 0.2785 0.2965 0.06700000000000003 0.085
7 0.322 0.35 0.10799999999999997 0.12400000000000003
7 0.439 0.387 0.1 0.09599999999999995
7 0.4775 0.4685 0.065 0.06700000000000003
7 0.6084999999999999 0.3685 0.08499999999999992 0.07299999999999997
7 0.473 0.294 0.08799999999999997 0.08400000000000002
7 0.4755 0.12300000000000001 0.08099999999999995 0.11
7 0.3215 0.0405 0.10099999999999998 0.081
7 0.551 0.053 0.07 0.07400000000000001
7 0.6315 0.16 0.04299999999999997 0.04200000000000001
7 0.696 0.099 0.09 0.098
7 0.8245 0.163 0.08699999999999988 0.09800000000000003
7 0.9440000000000001 0.11699999999999999 0.1 0.09800000000000003
7 0.9884999999999999 0.196 0.023000000000000114 0.08200000000000002
7 0.6095 0.522 0.04900000000000006 0.06799999999999998
7 0.6735 0.5185 0.085 0.09099999999999994
7 0.6805 0.5925 0.03300000000000011 0.040999999999999946
7 0.741 0.9470000000000001 0.12400000000000005 0.10599999999999994