7 0.0825 0.17850000000000002 0.09300000000000001 0.09300000000000001
7 0.0365 0.504 0.065 0.066
7 0.044500000000000005 0.5920000000000001 0.08900000000000001 0.098
7 0.16949999999999998 0.5995 0.115 0.087
7 0.19899999999999998 0.6825 0.11 0.071
7 0.2535 0.7440000000000001 0.133 0.10800000000000001
7 0.1925 0.4445 0.069 0.087
7 0.26899999999999996 0.423 0.086 0.078
7 0.21050000000000002 0.3265 0.095 0.081
7 0.2785 0.2965 0.067 0.085
7 0.322 0.35 0.10800000000000001 0.124
7 0.439 0.387 0.1 0.096
7 0.4775 0.4685 0.065 0.067
7 0.6085 0.3685 0.085 0.073
7 0.473 0.294 0.08800000000000001 0.084
7 0.4755 0.12300000000000001 0.081 0.11
7 0.3215 0.0405 0.10099999999999999 0.081
7 0.551 0.053 0.07 0.07400000000000001
7 0.6315 0.16 0.043 0.042
7 0.696 0.099 0.09 0.098
7 0.8245 0.163 0.087 0.098
7 0.9440000000000001 0.11699999999999999 0.1 0.098
7 0.9884999999999999 0.196 0.023 0.08199999999999999
7 0.6095 0.522 0.049 0.068
7 0.6735 0.5185 0.085 0.091
7 0.6805 0.5925 0.033 0.040999999999999995
7 0.741 0.9470000000000001 0.124 0.106