7 0.08 0.18 0.095 0.095
7 0.035 0.505 0.065 0.065
7 0.045 0.59 0.09 0.1
7 0.17 0.6 0.115 0.085
7 0.2 0.68 0.11 0.07
7 0.255 0.745 0.135 0.11
7 0.19 0.445 0.07 0.085
7 0.27 0.425 0.085 0.08
7 0.21 0.325 0.095 0.08
7 0.28 0.295 0.065 0.085
7 0.32 0.35 0.11 0.125
7 0.44 0.385 0.1 0.095
7 0.48 0.47 0.065 0.065
7 0.61 0.37 0.085 0.075
7 0.475 0.295 0.09 0.085
7 0.475 0.125 0.08 0.11
7 0.32 0.04 0.1 0.08
7 0.55 0.055 0.07 0.075
7 0.63 0.16 0.045 0.04
7 0.695 0.1 0.09 0.1
7 0.825 0.165 0.085 0.1
7 0.945 0.115 0.1 0.1
7 0.985 0.19 0.03 0.08
7 0.61 0.52 0.05 0.07
7 0.675 0.52 0.085 0.09
7 0.68 0.59 0.035 0.04
7 0.74 0.945 0.125 0.105