7 0.0305 0.191 0.061 0.08
7 0.054000000000000006 0.318 0.078 0.092
7 0.0785 0.441 0.113 0.11199999999999999
7 0.192 0.28300000000000003 0.11 0.10800000000000001
7 0.0675 0.5870000000000001 0.113 0.11199999999999999
7 0.1635 0.604 0.10099999999999999 0.11800000000000001
7 0.299 0.6559999999999999 0.122 0.124
7 0.45649999999999996 0.6659999999999999 0.11900000000000001 0.11599999999999999
7 0.28350000000000003 0.7795000000000001 0.121 0.133
7 0.61 0.802 0.128 0.14400000000000002
7 0.868 0.7404999999999999 0.14 0.139