7 0.0305 0.191 0.061 0.08
7 0.054000000000000006 0.318 0.07800000000000001 0.09199999999999996
7 0.0785 0.441 0.113 0.11200000000000003
7 0.192 0.28300000000000003 0.11 0.10800000000000004
7 0.0675 0.5870000000000001 0.113 0.11199999999999996
7 0.1635 0.604 0.10100000000000002 0.11799999999999997
7 0.299 0.6559999999999999 0.12200000000000003 0.12400000000000005
7 0.45649999999999996 0.6659999999999999 0.11900000000000005 0.11599999999999994
7 0.28350000000000003 0.7795000000000001 0.12099999999999998 0.13300000000000012
7 0.61 0.802 0.12800000000000003 0.14400000000000004
7 0.868 0.7404999999999999 0.14 0.13900000000000007