7 0.035 0.415 0.07 0.17
7 0.3 0.365 0.26 0.2
7 0.35 0.045 0.155 0.09
7 0.495 0.07 0.17 0.135
7 0.655 0.115 0.23 0.2
7 0.725 0.04 0.13 0.08
7 0.885 0.08 0.165 0.12
7 0.9 0.02 0.155 0.035
7 0.625 0.35 0.085 0.075
7 0.035 0.71 0.07 0.14
7 0.055 0.84 0.11 0.14
7 0.18 0.79 0.225 0.165
7 0.39 0.625 0.2 0.175
7 0.51 0.575 0.13 0.135
7 0.635 0.665 0.205 0.145
7 0.91 0.74 0.175 0.135
7 0.52 0.95 0.25 0.1
7 0.65 0.92 0.13 0.135
7 0.725 0.865 0.175 0.155
7 0.785 0.96 0.175 0.075
7 0.855 0.86 0.115 0.105
7 0.88 0.935 0.13 0.07
7 0.925 0.96 0.135 0.075
7 0.855 0.505 0.18 0.165
7 0.96 0.56 0.075 0.21
7 0.72 0.445 0.17 0.135
7 0.63 0.53 0.13 0.155
7 0.75 0.585 0.16 0.175