7 0.034 0.41700000000000004 0.068 0.17200000000000004
7 0.298 0.366 0.25800000000000006 0.19799999999999998
7 0.3515 0.045 0.15299999999999997 0.09
7 0.49450000000000005 0.06849999999999999 0.17099999999999993 0.13699999999999998
7 0.653 0.11349999999999998 0.23199999999999996 0.201
7 0.731 0.0415 0.13599999999999995 0.083
7 0.883 0.08199999999999999 0.16599999999999995 0.11800000000000001
7 0.9005 0.018500000000000003 0.1530000000000001 0.037000000000000005
7 0.6234999999999999 0.35200000000000004 0.08499999999999992 0.07400000000000002
7 0.0365 0.7115 0.073 0.13900000000000007
7 0.057 0.838 0.114 0.14
7 0.1815 0.7895 0.22299999999999998 0.1669999999999999
7 0.3895 0.627 0.20099999999999998 0.17400000000000004
7 0.511 0.576 0.13 0.13399999999999998
7 0.6335 0.667 0.20499999999999993 0.14599999999999994
7 0.9125 0.7384999999999999 0.175 0.1369999999999999
7 0.518 0.951 0.24800000000000005 0.09800000000000011
7 0.65 0.9185 0.12800000000000003 0.13300000000000012
7 0.7254999999999999 0.863 0.175 0.15599999999999994
7 0.7855 0.9625 0.17699999999999988 0.075
7 0.8545 0.8604999999999999 0.11699999999999988 0.10699999999999989
7 0.8785 0.9335 0.13099999999999995 0.07099999999999994
7 0.9255 0.9615 0.1369999999999999 0.07699999999999989
7 0.8540000000000001 0.504 0.1780000000000001 0.16399999999999992
7 0.9625 0.5579999999999999 0.075 0.21
7 0.722 0.444 0.16800000000000004 0.13400000000000006
7 0.63 0.5315 0.13199999999999995 0.15299999999999997
7 0.748 0.5870000000000001 0.16 0.17599999999999993