7 0.034 0.41700000000000004 0.068 0.172
7 0.298 0.366 0.258 0.198
7 0.3515 0.045 0.153 0.09
7 0.49450000000000005 0.06849999999999999 0.171 0.13699999999999998
7 0.653 0.11349999999999999 0.23199999999999998 0.201
7 0.731 0.0415 0.136 0.083
7 0.883 0.08199999999999999 0.166 0.11800000000000001
7 0.9005 0.018500000000000003 0.153 0.037000000000000005
7 0.6235 0.35200000000000004 0.085 0.07400000000000001
7 0.0365 0.7115 0.073 0.139
7 0.057 0.838 0.114 0.14
7 0.1815 0.7895 0.223 0.16699999999999998
7 0.3895 0.627 0.201 0.174
7 0.511 0.5760000000000001 0.13 0.134
7 0.6335000000000001 0.667 0.205 0.146
7 0.9125 0.7384999999999999 0.175 0.13699999999999998
7 0.518 0.951 0.248 0.098
7 0.65 0.9185 0.128 0.133
7 0.7254999999999999 0.863 0.175 0.156
7 0.7855 0.9625 0.177 0.075
7 0.8545 0.8604999999999999 0.11699999999999999 0.107
7 0.8785 0.9335 0.131 0.071
7 0.9255 0.9615 0.13699999999999998 0.077
7 0.8540000000000001 0.504 0.17800000000000002 0.16399999999999998
7 0.9625 0.5579999999999999 0.075 0.21
7 0.722 0.444 0.168 0.134
7 0.63 0.5315 0.132 0.153
7 0.748 0.5870000000000001 0.16 0.17600000000000002