7 0.102 0.2039 0.2039 0.15
7 0.1638 0.125 0.29869999999999997 0.22629999999999995
7 0.3322 0.1079 0.21180000000000004 0.14740000000000003
7 0.41119999999999995 0.19010000000000002 0.24609999999999999 0.17759999999999998
7 0.5204 0.2908 0.24609999999999999 0.18950000000000003
7 0.6204000000000001 0.2566 0.15130000000000002 0.15259999999999999
7 0.7197 0.21050000000000002 0.22370000000000004 0.18949999999999995
7 0.7658 0.0336 0.16319999999999993 0.06709999999999999
7 0.865 0.12 0.25 0.24
7 0.965 0.06 0.07 0.12
7 0.40659999999999996 0.0349 0.2658 0.06969999999999998
7 0.7545999999999999 0.4257 0.3354999999999999 0.24870000000000003
7 0.9316 0.5224 0.13680000000000006 0.22629999999999995
7 0.8368000000000001 0.5849 0.19210000000000008 0.1039
7 0.8395 0.6842 0.22109999999999985 0.1421000000000001
7 0.7670999999999999 0.602 0.12109999999999985 0.075
7 0.8697 0.8658 0.2605000000000001 0.23680000000000007
7 0.9664 0.8829 0.06710000000000008 0.17109999999999986
7 0.6493000000000001 0.6789000000000001 0.21180000000000007 0.13159999999999997
7 0.7375 0.7493000000000001 0.1855000000000001 0.14610000000000015
7 0.6605 0.8362 0.16580000000000006 0.16710000000000008
7 0.552 0.7434000000000001 0.18550000000000005 0.1474000000000001
7 0.4474 0.6809000000000001 0.17370000000000005 0.11180000000000007
7 0.4559 0.5829 0.2039 0.1711
7 0.6296 0.5553 0.13820000000000007 0.11319999999999993
7 0.298 0.5829 0.20130000000000003 0.16320000000000007
7 0.1697 0.5401 0.15 0.14870000000000005
7 0.06709999999999999 0.552 0.13419999999999999 0.20390000000000008
7 0.1118 0.6816 0.16579999999999998 0.11319999999999993
7 0.0875 0.7848999999999999 0.175 0.14870000000000005
7 0.24609999999999999 0.7526 0.19210000000000005 0.17370000000000005
7 0.33030000000000004 0.8743000000000001 0.17629999999999996 0.13819999999999993
7 0.4336 0.852 0.1592 0.16710000000000008
7 0.5257000000000001 0.8586 0.1303 0.11969999999999999
7 0.615 0.95 0.33 0.1
7 0.3829 0.9664 0.23679999999999995 0.06710000000000008
7 0.1697 0.9217 0.23420000000000002 0.15659999999999996
7 0.030299999999999997 0.9671 0.0605 0.06580000000000012
7 0.298 0.35 0.29339999999999994 0.21840000000000004