7 0.1 0.205 0.2 0.15
7 0.165 0.125 0.3 0.225
7 0.33 0.11 0.21 0.145
7 0.41 0.19 0.245 0.18
7 0.52 0.29 0.245 0.19
7 0.62 0.255 0.15 0.155
7 0.72 0.21 0.225 0.19
7 0.765 0.035 0.165 0.065
7 0.865 0.12 0.25 0.24
7 0.965 0.06 0.07 0.12
7 0.405 0.035 0.265 0.07
7 0.755 0.425 0.335 0.25
7 0.93 0.52 0.135 0.225
7 0.835 0.585 0.19 0.105
7 0.84 0.685 0.22 0.14
7 0.765 0.6 0.12 0.075
7 0.87 0.865 0.26 0.235
7 0.965 0.885 0.065 0.17
7 0.65 0.68 0.21 0.13
7 0.74 0.75 0.185 0.145
7 0.66 0.835 0.165 0.165
7 0.55 0.745 0.185 0.145
7 0.445 0.68 0.175 0.11
7 0.455 0.585 0.205 0.17
7 0.63 0.555 0.14 0.115
7 0.3 0.585 0.2 0.165
7 0.17 0.54 0.15 0.15
7 0.065 0.545 0.13 0.21
7 0.11 0.68 0.165 0.115
7 0.09 0.785 0.175 0.15
7 0.245 0.755 0.19 0.175
7 0.33 0.875 0.175 0.14
7 0.435 0.85 0.16 0.165
7 0.525 0.86 0.13 0.12
7 0.615 0.95 0.33 0.1
7 0.385 0.965 0.235 0.065
7 0.17 0.92 0.235 0.155
7 0.03 0.965 0.06 0.065
7 0.3 0.35 0.295 0.22