7 0.102 0.2039 0.2039 0.15
7 0.1638 0.125 0.2987 0.2263
7 0.3322 0.1079 0.2118 0.1474
7 0.41119999999999995 0.19010000000000002 0.24609999999999999 0.1776
7 0.5204 0.2908 0.24609999999999999 0.1895
7 0.6204 0.2566 0.15130000000000002 0.15259999999999999
7 0.7197 0.21050000000000002 0.2237 0.1895
7 0.7658 0.0336 0.1632 0.06709999999999999
7 0.873 0.12300000000000001 0.2539 0.24609999999999999
7 0.9684 0.0605 0.0632 0.1211
7 0.40659999999999996 0.0349 0.2658 0.0697
7 0.7545999999999999 0.4257 0.33549999999999996 0.2487
7 0.9316 0.5224 0.1368 0.2263
7 0.8368000000000001 0.5849 0.19210000000000002 0.1039
7 0.8395 0.6842 0.2211 0.1421
7 0.7670999999999999 0.602 0.1211 0.075
7 0.8697 0.8658 0.2605 0.2368
7 0.9664 0.8829 0.06709999999999999 0.1711
7 0.6493000000000001 0.6789000000000001 0.2118 0.1316
7 0.7375 0.7493000000000001 0.1855 0.1461
7 0.6605 0.8362 0.16579999999999998 0.1671
7 0.552 0.7434000000000001 0.1855 0.1474
7 0.4474 0.6809000000000001 0.17370000000000002 0.1118
7 0.4559 0.5829 0.2039 0.1711
7 0.6296 0.5553 0.1382 0.11320000000000001
7 0.298 0.5829 0.20129999999999998 0.1632
7 0.1697 0.5401 0.15 0.1487
7 0.06709999999999999 0.552 0.13419999999999999 0.2039
7 0.1118 0.6816 0.16579999999999998 0.11320000000000001
7 0.0875 0.7848999999999999 0.175 0.1487
7 0.24609999999999999 0.7526 0.19210000000000002 0.17370000000000002
7 0.33030000000000004 0.8743000000000001 0.17629999999999998 0.1382
7 0.4336 0.852 0.1592 0.1671
7 0.5257000000000001 0.8586 0.1303 0.1197
7 0.6224000000000001 0.9506999999999999 0.32630000000000003 0.0987
7 0.3829 0.9664 0.2368 0.06709999999999999
7 0.1697 0.9217 0.23420000000000002 0.1566
7 0.030299999999999997 0.9671 0.0605 0.0658
7 0.298 0.35 0.2934 0.2184