7 0.05 0.055 0.1 0.11
7 0.1 0.19 0.15 0.115
7 0.11 0.115 0.065 0.055
7 0.175 0.315 0.135 0.12
7 0.07 0.53 0.13 0.21
7 0.09 0.875 0.18 0.19
7 0.47 0.88 0.165 0.125
7 0.815 0.595 0.265 0.205
7 0.905 0.11 0.19 0.22
7 0.275 0.035 0.3 0.07
7 0.295 0.13 0.245 0.115
7 0.295 0.265 0.19 0.15
7 0.495 0.12 0.195 0.115
7 0.65 0.3 0.41 0.345
7 0.52 0.22 0.23 0.13
7 0.27 0.44 0.195 0.195
7 0.41 0.4 0.215 0.23
7 0.315 0.62 0.255 0.17
7 0.255 0.75 0.275 0.14
7 0.36 0.96 0.16 0.08
7 0.61 0.92 0.13 0.16
7 0.475 0.955 0.16 0.075
7 0.735 0.83 0.155 0.15
7 0.845 0.84 0.095 0.135
7 0.935 0.845 0.13 0.19
7 0.855 0.95 0.27 0.1