7 0.0495 0.057 0.099 0.114
7 0.102 0.1895 0.15 0.115
7 0.10800000000000001 0.113 0.066 0.054000000000000006
7 0.17550000000000002 0.313 0.135 0.12
7 0.071 0.529 0.13 0.21
7 0.092 0.878 0.184 0.196
7 0.4715 0.882 0.165 0.124
7 0.813 0.5945 0.266 0.203
7 0.9079999999999999 0.111 0.184 0.222
7 0.27699999999999997 0.034 0.298 0.068
7 0.29350000000000004 0.1285 0.243 0.11699999999999999
7 0.293 0.264 0.19 0.152
7 0.4955 0.1175 0.19699999999999998 0.11699999999999999
7 0.6509999999999999 0.3025 0.41200000000000003 0.34299999999999997
7 0.5175 0.2225 0.231 0.131
7 0.2725 0.4385 0.195 0.19699999999999998
7 0.40850000000000003 0.39899999999999997 0.215 0.23199999999999998
7 0.3135 0.6185 0.253 0.171
7 0.2565 0.7490000000000001 0.275 0.138
7 0.35950000000000004 0.9590000000000001 0.161 0.08199999999999999
7 0.6085 0.9185 0.129 0.159
7 0.47700000000000004 0.9570000000000001 0.162 0.076
7 0.7340000000000001 0.83 0.154 0.15
7 0.8445 0.838 0.09699999999999999 0.134
7 0.938 0.8475 0.124 0.195
7 0.857 0.9534999999999999 0.268 0.09300000000000001