7 0.2401 0.3533 0.1882 0.19870000000000002
7 0.0447 0.5099 0.0895 0.175
7 0.1618 0.6868000000000001 0.13949999999999999 0.1474
7 0.0171 0.7961 0.0342 0.1211
7 0.0901 0.0336 0.18030000000000002 0.06709999999999999
7 0.6664 0.0882 0.1618 0.17629999999999998
4 0.8112 0.127 0.25129999999999997 0.1882
4 0.7881999999999999 0.047400000000000005 0.2368 0.0947
4 0.4572 0.2803 0.2908 0.2053
4 0.46380000000000005 0.4368 0.2487 0.1632
4 0.3599 0.7164 0.21710000000000002 0.20129999999999998
4 0.3105 0.8625 0.2763 0.2382
4 0.5710999999999999 0.9151 0.2289 0.1697