7 0.2401 0.3533 0.1882 0.19870000000000004
7 0.04 0.505 0.08 0.17
7 0.1618 0.6868000000000001 0.1395 0.14740000000000003
7 0.0171 0.7961 0.0342 0.12109999999999985
7 0.09 0.03 0.18 0.06
7 0.6664 0.0882 0.16180000000000005 0.17629999999999996
4 0.8112 0.127 0.25129999999999997 0.1882
4 0.7881999999999999 0.047400000000000005 0.23680000000000007 0.09470000000000002
4 0.4572 0.2803 0.2908 0.2053
4 0.46380000000000005 0.4368 0.24870000000000003 0.16320000000000007
4 0.3599 0.7164 0.21709999999999996 0.20129999999999995
4 0.3105 0.8625 0.27630000000000005 0.23819999999999994
4 0.5710999999999999 0.9151 0.22890000000000008 0.1697