7 0.4105 0.6033 0.19469999999999998 0.1934
7 0.5586 0.5493 0.1408 0.1539
7 0.7191 0.8270000000000001 0.125 0.1618
7 0.7862 0.8012999999999999 0.11710000000000001 0.15259999999999999
7 0.44799999999999995 0.9158 0.21969999999999998 0.1684
7 0.6118 0.9454 0.1263 0.1092
7 0.7487 0.9632 0.1711 0.0737
7 0.0382 0.9170999999999999 0.07629999999999999 0.16579999999999998
7 0.8408 0.1099 0.1447 0.1697
4 0.6375 0.11449999999999999 0.22760000000000002 0.1816
4 0.602 0.0336 0.2671 0.06709999999999999
4 0.552 0.30260000000000004 0.25920000000000004 0.2211
4 0.7658 0.6257 0.19210000000000002 0.225
4 0.9131999999999999 0.6612 0.17370000000000002 0.2724