7 0.4105 0.6033 0.19469999999999998 0.19340000000000004
7 0.5586 0.5493 0.14079999999999998 0.1539
7 0.7191 0.8270000000000001 0.125 0.16180000000000005
7 0.7862 0.8012999999999999 0.11710000000000008 0.1525999999999999
7 0.44799999999999995 0.9158 0.21969999999999998 0.16840000000000002
7 0.6118000000000001 0.9454 0.12630000000000002 0.10919999999999988
7 0.745 0.96 0.17 0.08
7 0.0382 0.9170999999999999 0.07629999999999999 0.16580000000000011
7 0.8408 0.10990000000000003 0.1447 0.1697
4 0.6375 0.11449999999999999 0.22759999999999997 0.18160000000000004
4 0.602 0.0336 0.26710000000000006 0.06709999999999999
4 0.552 0.3026 0.25919999999999993 0.22109999999999996
4 0.7658 0.6256999999999999 0.19210000000000008 0.22499999999999992
4 0.91 0.655 0.18 0.27