4 0.1875 0.3605 0.205 0.215
4 0.0315 0.4525 0.063 0.19099999999999995
4 0.5865 0.6395000000000001 0.18899999999999992 0.165
4 0.5385 0.7625 0.195 0.14300000000000013
7 0.228 0.7275 0.15199999999999997 0.1569999999999999
7 0.1015 0.6679999999999999 0.105 0.12800000000000003
7 0.2455 0.561 0.13899999999999998 0.15
7 0.4725 0.5075 0.17299999999999996 0.12299999999999997
7 0.493 0.39899999999999997 0.15799999999999997 0.12200000000000003
7 0.503 0.1285 0.18799999999999997 0.175
7 0.5555 0.8809999999999999 0.14299999999999996 0.13599999999999995