7 0.0638 0.17170000000000002 0.1276 0.1408
7 0.2401 0.20920000000000002 0.1461 0.15259999999999999
7 0.3809 0.2737 0.11710000000000001 0.1105
7 0.5257000000000001 0.2579 0.11449999999999999 0.1184
7 0.8321999999999999 0.09210000000000002 0.1303 0.1211
7 0.9303 0.3118 0.1394 0.1605
7 0.9190999999999999 0.5046 0.1618 0.1539
7 0.6920999999999999 0.4507 0.1447 0.16449999999999998
7 0.4803 0.3993 0.1632 0.16449999999999998
7 0.7447 0.677 0.12369999999999999 0.1303
7 0.9756999999999999 0.8086 0.0487 0.0776
7 0.9533 0.9506999999999999 0.0934 0.0987
7 0.4276 0.6822 0.1105 0.1197
7 0.2836 0.6474 0.1276 0.1316
7 0.31579999999999997 0.7526 0.17629999999999998 0.17370000000000002
4 0.23620000000000002 0.0533 0.1961 0.1066
4 0.2928 0.09210000000000002 0.1671 0.15
4 0.43420000000000003 0.1684 0.15789999999999998 0.16579999999999998
4 0.2776 0.5007 0.2711 0.21969999999999998
4 0.7071999999999999 0.8967 0.2618 0.2066
4 0.602 0.6987000000000001 0.1671 0.1868