7 0.0638 0.17170000000000002 0.1276 0.14079999999999998
7 0.2401 0.20920000000000002 0.1461 0.15259999999999999
7 0.3809 0.2737 0.11710000000000008 0.11050000000000004
7 0.5257000000000001 0.2579 0.11450000000000003 0.11840000000000003
7 0.8321999999999999 0.09210000000000002 0.1303 0.1211
7 0.9303 0.3118 0.13939999999999997 0.16049999999999998
7 0.9190999999999999 0.5046 0.16180000000000005 0.1539
7 0.6920999999999999 0.4507 0.1447 0.16450000000000004
7 0.4803 0.3993 0.16319999999999993 0.16450000000000004
7 0.7447 0.677 0.12370000000000005 0.1303
7 0.975 0.8 0.05 0.08
7 0.95 0.95 0.1 0.1
7 0.4276 0.6822 0.11049999999999997 0.11969999999999999
7 0.2836 0.6474 0.12760000000000002 0.13159999999999997
7 0.31579999999999997 0.7526 0.17629999999999996 0.17370000000000005
4 0.23619999999999997 0.0533 0.19609999999999997 0.1066
4 0.2928 0.09210000000000002 0.16710000000000005 0.15
4 0.43420000000000003 0.1684 0.15789999999999993 0.16579999999999998
4 0.27759999999999996 0.5007 0.27109999999999995 0.21969999999999998
4 0.7071999999999999 0.8967 0.2618000000000001 0.20659999999999998
4 0.602 0.6987000000000001 0.16710000000000008 0.18680000000000008