7 0.7454999999999999 0.0495 0.165 0.099
7 0.9590000000000001 0.302 0.08199999999999999 0.15
7 0.41350000000000003 0.659 0.11900000000000001 0.11599999999999999
4 0.1585 0.099 0.161 0.17
4 0.3055 0.40850000000000003 0.21100000000000002 0.205
4 0.151 0.5539999999999999 0.16399999999999998 0.142
4 0.1475 0.674 0.177 0.156
4 0.6559999999999999 0.46149999999999997 0.114 0.133
4 0.7290000000000001 0.6195 0.17 0.19899999999999998
4 0.7290000000000001 0.8045 0.15 0.151
4 0.84 0.8985 0.076 0.081
4 0.5805 0.941 0.151 0.11800000000000001
4 0.425 0.9035 0.156 0.193
4 0.5329999999999999 0.519 0.23399999999999999 0.28600000000000003