7 0.7454999999999999 0.0495 0.165 0.099
7 0.9590000000000001 0.30200000000000005 0.08199999999999989 0.15000000000000002
7 0.41350000000000003 0.659 0.11900000000000005 0.11599999999999994
4 0.15849999999999997 0.09899999999999999 0.161 0.17
4 0.3055 0.40850000000000003 0.21100000000000002 0.205
4 0.15099999999999997 0.5539999999999999 0.16399999999999998 0.14200000000000002
4 0.1475 0.674 0.17700000000000002 0.15599999999999994
4 0.6559999999999999 0.46149999999999997 0.11400000000000006 0.13299999999999998
4 0.7290000000000001 0.6195 0.17 0.19900000000000007
4 0.7290000000000001 0.8045 0.15 0.15099999999999994
4 0.84 0.8985 0.07599999999999994 0.08099999999999995
4 0.5805 0.941 0.15099999999999994 0.11800000000000012
4 0.425 0.9035 0.15599999999999994 0.19300000000000012
4 0.5329999999999999 0.519 0.23400000000000007 0.2860000000000001