4 0.1401 0.44670000000000004 0.23550000000000001 0.20129999999999995
4 0.31449999999999995 0.6289 0.18419999999999997 0.19740000000000002
4 0.8295999999999999 0.2026 0.23550000000000013 0.22630000000000003
4 0.7309 0.852 0.17240000000000008 0.15129999999999996
4 0.89 0.86 0.22 0.22
7 0.1586 0.8138 0.1618 0.1644999999999999
7 0.21 0.935 0.16 0.13
7 0.7118000000000001 0.9566 0.13949999999999987 0.08680000000000007
7 0.7191 0.6053000000000001 0.18289999999999992 0.18420000000000009
7 0.6993 0.7678 0.15919999999999995 0.125
7 0.9262999999999999 0.4349 0.11580000000000013 0.1303
7 0.04 0.305 0.08 0.17
4 0.9737 0.4401 0.05259999999999991 0.1697