4 0.1401 0.44670000000000004 0.23550000000000001 0.20129999999999998
4 0.3145 0.6289 0.18420000000000003 0.1974
4 0.8295999999999999 0.2026 0.23550000000000001 0.2263
4 0.7309 0.852 0.1724 0.15130000000000002
4 0.8928 0.8658 0.2145 0.2211
7 0.1586 0.8138 0.1618 0.16449999999999998
7 0.2132 0.9395 0.1605 0.1211
7 0.7118000000000001 0.9566 0.13949999999999999 0.0868
7 0.7191 0.6053000000000001 0.18289999999999998 0.18420000000000003
7 0.6993 0.7678 0.1592 0.125
7 0.9262999999999999 0.4349 0.1158 0.1303
7 0.0401 0.3105 0.0803 0.1684
4 0.9737 0.4401 0.0526 0.1697