7 0.095 0.1 0.19 0.2
7 0.6099 0.07629999999999999 0.11709999999999994 0.1211
7 0.7368000000000001 0.0375 0.17110000000000014 0.075
7 0.95 0.03 0.1 0.06
7 0.6329 0.40590000000000004 0.1789 0.17239999999999994
7 0.7565999999999999 0.3184 0.10259999999999991 0.1079
7 0.7881999999999999 0.49079999999999996 0.17110000000000014 0.19469999999999998
7 0.6178 0.8138 0.07240000000000002 0.08550000000000012
7 0.6704000000000001 0.677 0.08550000000000005 0.10129999999999996
7 0.15529999999999997 0.3993 0.07889999999999998 0.075
7 0.0658 0.5191 0.09739999999999999 0.10920000000000002
4 0.8256999999999999 0.2711 0.18030000000000002 0.2053
4 0.948 0.4072 0.10390000000000015 0.15129999999999996
7 0.9388 0.3072 0.12240000000000009 0.1461