7 0.0993 0.1026 0.19870000000000002 0.2053
7 0.6099 0.07629999999999999 0.11710000000000001 0.1211
7 0.7368000000000001 0.0375 0.1711 0.075
7 0.9533 0.0322 0.0934 0.0645
7 0.6329 0.40590000000000004 0.1789 0.1724
7 0.7565999999999999 0.3184 0.1026 0.1079
7 0.7881999999999999 0.49079999999999996 0.1711 0.19469999999999998
7 0.6178 0.8138 0.0724 0.0855
7 0.6704000000000001 0.677 0.0855 0.1013
7 0.1553 0.3993 0.0789 0.075
7 0.0658 0.5191 0.0974 0.1092
4 0.8256999999999999 0.2711 0.18030000000000002 0.2053
4 0.948 0.4072 0.1039 0.15130000000000002
7 0.9388 0.3072 0.12240000000000001 0.1461