4 0.151 0.467 0.15599999999999997 0.16400000000000006
4 0.1935 0.289 0.135 0.15200000000000002
4 0.028499999999999998 0.248 0.055 0.13199999999999995
4 0.8420000000000001 0.355 0.1780000000000001 0.12400000000000003
4 0.5065 0.13699999999999998 0.13099999999999995 0.126
4 0.5325 0.2825 0.175 0.16099999999999998
4 0.7254999999999999 0.184 0.13099999999999995 0.13399999999999998
4 0.7325 0.08650000000000001 0.13099999999999995 0.105
7 0.046 0.38049999999999995 0.092 0.11299999999999998
7 0.434 0.42450000000000004 0.12 0.11299999999999998
7 0.37549999999999994 0.311 0.13299999999999998 0.15
7 0.5905 0.08800000000000001 0.095 0.11800000000000001