7 0.575 0.0575 0.25400000000000006 0.113
4 0.9525 0.3175 0.095 0.24700000000000003
4 0.8345 0.0645 0.15099999999999994 0.129
4 0.9355 0.057999999999999996 0.12900000000000006 0.11599999999999999
4 0.455 0.6565000000000001 0.18799999999999997 0.18099999999999994
4 0.22949999999999998 0.89 0.171 0.1780000000000001
4 0.06849999999999999 0.9195 0.13699999999999998 0.16099999999999995
4 0.8115000000000001 0.6004999999999999 0.17300000000000013 0.17900000000000005
4 0.6195 0.7545000000000001 0.12099999999999994 0.10099999999999994
4 0.8575 0.968 0.17699999999999988 0.06400000000000006
4 0.6045 0.872 0.20699999999999996 0.1919999999999999
4 0.894 0.6845 0.20400000000000007 0.25099999999999995
4 0.9490000000000001 0.5790000000000001 0.10199999999999988 0.23000000000000007