7 0.575 0.0575 0.254 0.113
4 0.9525 0.3175 0.095 0.247
4 0.8345 0.0645 0.151 0.129
4 0.9355 0.057999999999999996 0.129 0.11599999999999999
4 0.455 0.6565000000000001 0.188 0.18100000000000002
4 0.22949999999999998 0.89 0.171 0.17800000000000002
4 0.06849999999999999 0.9195 0.13699999999999998 0.161
4 0.8115000000000001 0.6004999999999999 0.17300000000000001 0.179
4 0.6195 0.7545000000000001 0.121 0.10099999999999999
4 0.8575 0.968 0.177 0.064
4 0.6045 0.872 0.207 0.192
4 0.894 0.6845 0.204 0.251
4 0.9490000000000001 0.579 0.102 0.23