6 0.4763 0.4421 0.1711 0.17629999999999998
6 0.5650999999999999 0.40659999999999996 0.175 0.19210000000000002
6 0.6670999999999999 0.5204 0.1553 0.1566
6 0.7901 0.5763 0.20129999999999998 0.2158
6 0.7033 0.6566 0.1724 0.1605
6 0.7138 0.7763 0.175 0.1553
6 0.9013 0.8763 0.17370000000000002 0.19210000000000002
6 0.9697 0.802 0.0605 0.1408
6 0.9612 0.9257 0.0776 0.1487
6 0.5710999999999999 0.5882000000000001 0.1684 0.15259999999999999
6 0.4191 0.5776 0.1671 0.15
6 0.053899999999999997 0.46840000000000004 0.1079 0.2026
6 0.077 0.6940999999999999 0.1539 0.18289999999999998
6 0.0553 0.8908 0.1105 0.1868
6 0.061799999999999994 0.975 0.12369999999999999 0.05
6 0.2368 0.5961 0.2316 0.1605
6 0.19469999999999998 0.6881999999999999 0.12369999999999999 0.1184
6 0.3592 0.7039 0.2921 0.1974
6 0.2263 0.7934 0.2316 0.12369999999999999
6 0.1888 0.9164 0.1776 0.1671
6 0.4474 0.8428 0.25 0.1618
6 0.34869999999999995 0.9678 0.12369999999999999 0.0645
6 0.6059 0.9276000000000001 0.3724 0.1447