6 0.4763 0.4421 0.1711 0.17629999999999996
6 0.5650999999999999 0.40659999999999996 0.17499999999999993 0.19210000000000005
6 0.6670999999999999 0.5204 0.15530000000000002 0.15659999999999996
6 0.7901 0.5763 0.20129999999999995 0.2158
6 0.7033 0.6566 0.17240000000000003 0.16050000000000003
6 0.7138 0.7763 0.175 0.15530000000000002
6 0.9013 0.8763 0.17370000000000005 0.19210000000000008
6 0.9697 0.802 0.060500000000000116 0.14080000000000012
6 0.96 0.925 0.08 0.15
6 0.5710999999999999 0.5882000000000001 0.16840000000000002 0.15260000000000004
6 0.4191 0.5775999999999999 0.16710000000000008 0.14999999999999994
6 0.05 0.46 0.1 0.2
6 0.077 0.6940999999999999 0.1539 0.18289999999999992
6 0.055299999999999995 0.8908 0.1105 0.18680000000000008
6 0.06 0.975 0.12 0.05
6 0.2368 0.5961 0.23159999999999997 0.16050000000000003
6 0.19469999999999998 0.6881999999999999 0.12369999999999998 0.11840000000000003
6 0.3592 0.7039 0.2921 0.19740000000000002
6 0.2263 0.7934 0.23160000000000003 0.12370000000000005
6 0.1888 0.9164 0.17759999999999998 0.16710000000000008
6 0.4474 0.8428 0.25 0.16180000000000005
6 0.345 0.965 0.13 0.07
6 0.6059 0.9276000000000001 0.37240000000000006 0.1447