6 0.475 0.44 0.17 0.175
6 0.565 0.405 0.175 0.19
6 0.665 0.52 0.155 0.155
6 0.79 0.575 0.2 0.215
6 0.705 0.655 0.17 0.16
6 0.715 0.775 0.175 0.155
6 0.9 0.875 0.175 0.19
6 0.97 0.8 0.06 0.14
6 0.96 0.925 0.08 0.15
6 0.57 0.59 0.17 0.155
6 0.42 0.58 0.165 0.15
6 0.05 0.46 0.1 0.2
6 0.075 0.69 0.15 0.18
6 0.055 0.89 0.11 0.185
6 0.06 0.975 0.12 0.05
6 0.235 0.595 0.23 0.16
6 0.195 0.69 0.125 0.12
6 0.36 0.705 0.29 0.195
6 0.225 0.795 0.23 0.125
6 0.19 0.915 0.18 0.165
6 0.445 0.845 0.25 0.16
6 0.345 0.965 0.13 0.07
6 0.605 0.925 0.37 0.15