6 0.3 0.58 0.205 0.18
6 0.515 0.78 0.165 0.175
6 0.635 0.725 0.125 0.145
6 0.79 0.95 0.2 0.1
6 0.96 0.95 0.08 0.1
6 0.955 0.8 0.085 0.155
6 0.975 0.71 0.05 0.125
6 0.87 0.54 0.21 0.175
6 0.695 0.41 0.14 0.13
6 0.73 0.525 0.15 0.18
6 0.825 0.365 0.21 0.205
6 0.92 0.29 0.16 0.16
6 0.96 0.2 0.08 0.12
6 0.975 0.05 0.03 0.1
6 0.82 0.04 0.2 0.08
6 0.755 0.08 0.155 0.16
6 0.62 0.075 0.17 0.11
6 0.61 0.02 0.16 0.04
6 0.58 0.13 0.16 0.145
6 0.36 0.04 0.38 0.08
6 0.465 0.1 0.15 0.135
6 0.31 0.125 0.19 0.13
6 0.4 0.18 0.16 0.125
6 0.315 0.26 0.17 0.14
6 0.23 0.26 0.11 0.115
6 0.155 0.315 0.17 0.165
6 0.38 0.37 0.19 0.19
6 0.54 0.49 0.185 0.205
6 0.26 0.425 0.235 0.15
6 0.085 0.5 0.165 0.235
6 0.025 0.55 0.05 0.21
6 0.155 0.65 0.17 0.16
6 0.095 0.75 0.165 0.175
6 0.06 0.85 0.12 0.14
6 0.055 0.945 0.11 0.11
6 0.255 0.87 0.195 0.185
6 0.18 0.97 0.14 0.06