6 0.298 0.5803 0.2039 0.1789
6 0.5171 0.7803 0.16579999999999998 0.17629999999999998
6 0.6342 0.725 0.1263 0.1447
6 0.7974 0.9520000000000001 0.2026 0.09609999999999999
6 0.9638 0.9520000000000001 0.0724 0.09609999999999999
6 0.9566 0.8012999999999999 0.0868 0.15259999999999999
6 0.975 0.7079000000000001 0.05 0.1263
6 0.8691 0.5421 0.2118 0.17629999999999998
6 0.6960999999999999 0.41119999999999995 0.1421 0.1276
6 0.7322 0.5243 0.1487 0.18030000000000002
6 0.823 0.3664 0.20920000000000002 0.2039
6 0.9224 0.2961 0.1553 0.15259999999999999
6 0.9632 0.20329999999999998 0.0737 0.125
6 0.9815999999999999 0.052000000000000005 0.0368 0.1039
6 0.8283 0.0414 0.20129999999999998 0.08289999999999999
6 0.7539 0.0809 0.1553 0.1618
6 0.6197 0.073 0.1684 0.1092
6 0.6132 0.024300000000000002 0.16579999999999998 0.0487
6 0.5809000000000001 0.1276 0.1618 0.1474
6 0.3664 0.0401 0.38549999999999995 0.0803
6 0.4658 0.1 0.15 0.13419999999999999
6 0.3086 0.1243 0.19079999999999997 0.1303
6 0.40130000000000005 0.1776 0.1605 0.1263
6 0.31379999999999997 0.2612 0.1697 0.1408
6 0.2296 0.2586 0.1118 0.11449999999999999
6 0.1566 0.3151 0.1684 0.16449999999999998
6 0.3789 0.3697 0.19210000000000002 0.1895
6 0.5414 0.4921 0.18289999999999998 0.2053
6 0.2605 0.423 0.2368 0.15130000000000002
6 0.08289999999999999 0.4987 0.16579999999999998 0.2368
6 0.025699999999999997 0.5507 0.0513 0.2118
6 0.1553 0.6493000000000001 0.1711 0.1618
6 0.0967 0.7487 0.16449999999999998 0.17370000000000002
6 0.0599 0.848 0.1197 0.1408
6 0.0592 0.9460999999999999 0.1184 0.1079
6 0.2566 0.8711 0.1974 0.1868
6 0.1868 0.9723999999999999 0.1447 0.0553