6 0.29800000000000004 0.5803 0.20390000000000005 0.17889999999999995
6 0.5171 0.7803 0.16579999999999998 0.17629999999999996
6 0.6342 0.725 0.12629999999999997 0.1447
6 0.79 0.95 0.2 0.1
6 0.96 0.95 0.08 0.1
6 0.9566 0.8012999999999999 0.08680000000000007 0.1525999999999999
6 0.975 0.7079000000000001 0.05 0.12629999999999997
6 0.8691 0.5421 0.21180000000000007 0.17629999999999996
6 0.6960999999999999 0.41119999999999995 0.1421000000000001 0.12760000000000005
6 0.7322 0.5243 0.14870000000000005 0.18030000000000002
6 0.823 0.3664 0.20919999999999989 0.2039
6 0.92 0.29 0.16 0.16
6 0.96 0.2 0.08 0.12
6 0.9815999999999999 0.05199999999999999 0.03680000000000007 0.1039
6 0.82 0.04 0.2 0.08
6 0.7539 0.0809 0.15530000000000002 0.1618
6 0.6197 0.073 0.16840000000000002 0.1092
6 0.61 0.02 0.16 0.04
6 0.5809000000000001 0.1276 0.16180000000000005 0.14739999999999998
6 0.36 0.04 0.38 0.08
6 0.4658 0.1 0.15 0.1342
6 0.3086 0.1243 0.19079999999999997 0.1303
6 0.40130000000000005 0.1776 0.16049999999999998 0.12630000000000002
6 0.31379999999999997 0.26120000000000004 0.16969999999999996 0.1408
6 0.2296 0.2586 0.1118 0.11450000000000003
6 0.1566 0.3151 0.16839999999999997 0.16449999999999995
6 0.3789 0.3697 0.19210000000000005 0.18950000000000003
6 0.5414 0.4921 0.18289999999999992 0.2053
6 0.2605 0.423 0.2368 0.15129999999999996
6 0.08289999999999999 0.4987 0.16579999999999998 0.23679999999999993
6 0.025699999999999997 0.5507 0.0513 0.21179999999999993
6 0.15530000000000002 0.6493000000000001 0.1711 0.16180000000000005
6 0.0967 0.7487 0.16449999999999998 0.17370000000000005
6 0.0599 0.848 0.11970000000000003 0.14080000000000012
6 0.055 0.945 0.11 0.11
6 0.2566 0.8711 0.19740000000000002 0.18680000000000008
6 0.18 0.97 0.14 0.06