6 0.06 0.065 0.12 0.13
6 0.035 0.205 0.065 0.095
6 0.025 0.315 0.045 0.08
6 0.305 0.21 0.14 0.14
6 0.42 0.305 0.135 0.15
6 0.22 0.175 0.12 0.11
6 0.21 0.075 0.155 0.115
6 0.425 0.605 0.155 0.18
6 0.58 0.62 0.17 0.195
6 0.805 0.685 0.2 0.205
6 0.405 0.765 0.15 0.145
6 0.32 0.89 0.165 0.15
6 0.555 0.405 0.18 0.215
6 0.5 0.225 0.125 0.145
6 0.53 0.155 0.135 0.125
6 0.38 0.08 0.16 0.16
6 0.5 0.05 0.16 0.095
6 0.72 0.04 0.16 0.08
6 0.93 0.085 0.135 0.17
6 0.945 0.255 0.11 0.18
6 0.1 0.68 0.185 0.185
6 0.06 0.81 0.115 0.15
6 0.15 0.925 0.135 0.15
6 0.055 0.955 0.11 0.09
6 0.555 0.935 0.27 0.13
6 0.905 0.93 0.19 0.14