6 0.061500000000000006 0.0675 0.12300000000000001 0.135
6 0.0335 0.20550000000000002 0.063 0.095
6 0.023 0.3135 0.046 0.081
6 0.3035 0.2095 0.141 0.141
6 0.4215 0.3035 0.133 0.149
6 0.21850000000000003 0.175 0.121 0.11199999999999999
6 0.2075 0.0745 0.155 0.11699999999999999
6 0.424 0.606 0.154 0.17800000000000002
6 0.579 0.6225 0.168 0.193
6 0.8055 0.6865000000000001 0.201 0.203
6 0.4045 0.7655 0.149 0.14300000000000002
6 0.32049999999999995 0.892 0.163 0.14800000000000002
6 0.556 0.40399999999999997 0.18 0.214
6 0.501 0.22649999999999998 0.126 0.147
6 0.5305 0.153 0.133 0.126
6 0.379 0.0805 0.158 0.161
6 0.501 0.048 0.158 0.096
6 0.72 0.039 0.158 0.078
6 0.932 0.085 0.136 0.17
6 0.946 0.255 0.10800000000000001 0.17800000000000002
6 0.09949999999999999 0.6785 0.187 0.183
6 0.058499999999999996 0.8075 0.11699999999999999 0.151
6 0.1505 0.924 0.13699999999999998 0.152
6 0.055999999999999994 0.9555 0.11199999999999999 0.08900000000000001
6 0.5545 0.9345 0.271 0.131
6 0.9055 0.9329999999999999 0.18899999999999997 0.134