6 0.061500000000000006 0.0675 0.12300000000000001 0.135
6 0.0335 0.20550000000000002 0.063 0.095
6 0.023 0.3135 0.046 0.08099999999999997
6 0.3035 0.2095 0.141 0.14100000000000001
6 0.4215 0.3035 0.13299999999999998 0.14900000000000002
6 0.21850000000000003 0.175 0.12100000000000001 0.11200000000000002
6 0.2075 0.07450000000000001 0.155 0.11699999999999999
6 0.424 0.606 0.15400000000000005 0.17799999999999996
6 0.579 0.6225 0.16799999999999998 0.19300000000000003
6 0.8055 0.6865000000000001 0.20099999999999996 0.20300000000000004
6 0.4045 0.7655 0.14900000000000005 0.14300000000000013
6 0.32049999999999995 0.892 0.16299999999999998 0.1480000000000001
6 0.5559999999999999 0.40399999999999997 0.17999999999999994 0.21399999999999994
6 0.501 0.22649999999999998 0.12599999999999995 0.14700000000000002
6 0.5305 0.153 0.13299999999999998 0.126
6 0.379 0.0805 0.15799999999999997 0.161
6 0.501 0.048 0.15799999999999997 0.096
6 0.72 0.039 0.1580000000000001 0.078
6 0.932 0.085 0.13599999999999995 0.17
6 0.946 0.255 0.10800000000000011 0.17799999999999996
6 0.09949999999999999 0.6785 0.18699999999999994 0.18300000000000005
6 0.058499999999999996 0.8075 0.11699999999999999 0.15099999999999994
6 0.1505 0.924 0.13699999999999998 0.15199999999999989
6 0.055999999999999994 0.9555 0.11199999999999999 0.08900000000000005
6 0.5545 0.9345 0.27099999999999996 0.13099999999999995
6 0.9055 0.9329999999999999 0.18900000000000006 0.13400000000000006