6 0.6185 0.379 0.19899999999999993 0.22200000000000003
6 0.9 0.446 0.14599999999999994 0.16399999999999992
6 0.78 0.157 0.14199999999999988 0.142
6 0.6665000000000001 0.8009999999999999 0.135 0.17
6 0.6579999999999999 0.0795 0.12800000000000003 0.159
6 0.8215 0.062 0.2169999999999999 0.124
6 0.9420000000000001 0.10300000000000001 0.11599999999999994 0.12
6 0.9605 0.0235 0.07300000000000012 0.047
6 0.9665 0.2325 0.06699999999999989 0.16700000000000004
6 0.762 0.722 0.15 0.21199999999999997
6 0.8640000000000001 0.6445000000000001 0.14599999999999994 0.165
6 0.948 0.593 0.10400000000000005 0.14
6 0.9575 0.7384999999999999 0.085 0.16300000000000012
6 0.883 0.7975 0.12400000000000005 0.15900000000000006
6 0.7490000000000001 0.904 0.22599999999999995 0.15599999999999994
6 0.818 0.9584999999999999 0.2680000000000001 0.08300000000000012