6 0.6185 0.379 0.19899999999999998 0.222
6 0.9 0.446 0.146 0.16399999999999998
6 0.78 0.157 0.142 0.142
6 0.6665000000000001 0.8009999999999999 0.135 0.17
6 0.6579999999999999 0.0795 0.128 0.159
6 0.8215 0.062 0.217 0.124
6 0.9420000000000001 0.10300000000000001 0.11599999999999999 0.12
6 0.9605 0.0235 0.073 0.047
6 0.9665 0.2325 0.067 0.16699999999999998
6 0.762 0.722 0.15 0.212
6 0.8640000000000001 0.6445000000000001 0.146 0.165
6 0.948 0.593 0.10400000000000001 0.14
6 0.9575 0.7384999999999999 0.085 0.163
6 0.883 0.7975 0.124 0.159
6 0.7490000000000001 0.904 0.226 0.156
6 0.818 0.9584999999999999 0.268 0.083