6 0.0645 0.0836 0.12890000000000001 0.125
6 0.056600000000000004 0.016399999999999998 0.11320000000000001 0.0329
6 0.0441 0.20129999999999998 0.0882 0.15789999999999998
6 0.1855 0.0434 0.1553 0.0868
6 0.2211 0.1533 0.1447 0.1276
6 0.1487 0.20920000000000002 0.15 0.1553
6 0.056600000000000004 0.4191 0.11320000000000001 0.2408
6 0.1112 0.40259999999999996 0.1355 0.19469999999999998
6 0.2164 0.33490000000000003 0.1355 0.1408
6 0.2796 0.4086 0.1882 0.15130000000000002
6 0.2414 0.4816 0.1776 0.1263
6 0.0724 0.6118 0.1447 0.15
6 0.0401 0.7467 0.0803 0.19079999999999997
6 0.152 0.9388 0.1882 0.12240000000000001
6 0.325 0.9776 0.1026 0.0447
6 0.3987 0.9545999999999999 0.15259999999999999 0.0908
6 0.48219999999999996 0.8428 0.16449999999999998 0.19870000000000002
6 0.6420999999999999 0.8321999999999999 0.17629999999999998 0.175
6 0.7256999999999999 0.7441 0.225 0.1434
6 0.7447 0.6388 0.1553 0.1697
6 0.8553000000000001 0.6493000000000001 0.15 0.1487
6 0.9447 0.7263 0.1105 0.1553
6 0.8967 0.8763 0.2066 0.2289
6 0.8184 0.975 0.1368 0.05
6 0.8901 0.4217 0.1618 0.1329
6 0.9276000000000001 0.5151 0.1447 0.16449999999999998
6 0.8362 0.5408 0.12240000000000001 0.13949999999999999
6 0.9362 0.2757 0.1276 0.19079999999999997
6 0.802 0.0454 0.20129999999999998 0.0908
6 0.9625 0.0559 0.075 0.1118
6 0.6454000000000001 0.0757 0.16449999999999998 0.12240000000000001
6 0.5572 0.1408 0.125 0.1711
6 0.6757 0.1678 0.1592 0.1539
6 0.698 0.3197 0.1855 0.2053
6 0.6145 0.423 0.13949999999999999 0.1539
6 0.7211 0.4757 0.12369999999999999 0.1303
6 0.4941 0.5039 0.18289999999999998 0.1868
6 0.4289 0.2559 0.21050000000000002 0.1566
6 0.4382 0.3796 0.1895 0.1276