6 0.065 0.085 0.13 0.125
6 0.055 0.015 0.11 0.03
6 0.045 0.2 0.09 0.16
6 0.185 0.045 0.155 0.085
6 0.22 0.155 0.145 0.13
6 0.15 0.21 0.15 0.155
6 0.055 0.42 0.11 0.24
6 0.11 0.405 0.135 0.195
6 0.215 0.335 0.135 0.14
6 0.28 0.41 0.19 0.15
6 0.24 0.48 0.18 0.125
6 0.07 0.605 0.14 0.15
6 0.04 0.745 0.08 0.19
6 0.15 0.94 0.19 0.12
6 0.32 0.975 0.1 0.05
6 0.4 0.955 0.155 0.09
6 0.48 0.845 0.165 0.2
6 0.64 0.83 0.175 0.175
6 0.725 0.745 0.225 0.145
6 0.745 0.64 0.155 0.17
6 0.855 0.65 0.15 0.15
6 0.945 0.725 0.11 0.155
6 0.895 0.875 0.205 0.23
6 0.82 0.975 0.135 0.05
6 0.89 0.42 0.16 0.135
6 0.925 0.51 0.15 0.16
6 0.835 0.54 0.12 0.14
6 0.935 0.275 0.13 0.19
6 0.8 0.045 0.2 0.09
6 0.96 0.055 0.075 0.11
6 0.645 0.075 0.165 0.12
6 0.555 0.14 0.125 0.17
6 0.675 0.17 0.16 0.155
6 0.7 0.32 0.185 0.205
6 0.615 0.425 0.14 0.155
6 0.72 0.475 0.125 0.13
6 0.495 0.505 0.185 0.185
6 0.43 0.255 0.21 0.155
6 0.44 0.38 0.19 0.13