6 0.06449999999999999 0.0836 0.12890000000000001 0.125
6 0.055 0.015 0.11 0.03
6 0.0441 0.20129999999999998 0.0882 0.15789999999999998
6 0.1855 0.0434 0.15530000000000002 0.0868
6 0.2211 0.1533 0.1447 0.12760000000000002
6 0.14869999999999997 0.20920000000000002 0.15 0.15530000000000002
6 0.056600000000000004 0.4191 0.11320000000000001 0.2408
6 0.1112 0.40259999999999996 0.1355 0.19469999999999998
6 0.2164 0.33490000000000003 0.13549999999999998 0.14079999999999998
6 0.2796 0.4086 0.18820000000000003 0.15129999999999996
6 0.2414 0.4816 0.17760000000000006 0.12629999999999997
6 0.0724 0.6118000000000001 0.14470000000000002 0.15000000000000008
6 0.04 0.745 0.08 0.19
6 0.152 0.9388 0.1882 0.12240000000000009
6 0.325 0.9776 0.10260000000000001 0.04469999999999999
6 0.3987 0.9545999999999999 0.15260000000000004 0.09080000000000013
6 0.48219999999999996 0.8428 0.16450000000000004 0.19870000000000004
6 0.6420999999999999 0.8321999999999999 0.17629999999999996 0.175
6 0.7256999999999999 0.7441 0.225 0.14340000000000003
6 0.7447 0.6388000000000001 0.15530000000000002 0.16970000000000007
6 0.8553000000000001 0.6493000000000001 0.15 0.14870000000000005
6 0.9447 0.7263 0.11050000000000011 0.15530000000000002
6 0.8967 0.8763 0.20659999999999998 0.22889999999999985
6 0.8184 0.975 0.13680000000000006 0.05
6 0.8901 0.4217 0.16180000000000005 0.1328999999999999
6 0.9276000000000001 0.5151 0.1447 0.16450000000000004
6 0.8362 0.5408 0.12240000000000009 0.13950000000000004
6 0.9362 0.2757 0.1275999999999999 0.19079999999999997
6 0.802 0.0454 0.20129999999999995 0.0908
6 0.9625 0.0559 0.075 0.1118
6 0.6454000000000001 0.0757 0.16449999999999995 0.12240000000000002
6 0.5572 0.14079999999999998 0.125 0.1711
6 0.6757 0.1678 0.15919999999999995 0.1539
6 0.698 0.3197 0.18550000000000005 0.2053
6 0.6145 0.423 0.13949999999999996 0.1539
6 0.7211 0.4757 0.12370000000000005 0.1303
6 0.4941 0.5039 0.18289999999999992 0.18680000000000008
6 0.4289 0.2559 0.21049999999999996 0.15660000000000004
6 0.4382 0.3796 0.18950000000000003 0.12760000000000002