6 0.0645 0.0526 0.12890000000000001 0.10529999999999999
6 0.1243 0.1026 0.175 0.1605
6 0.0217 0.27699999999999997 0.0434 0.1592
6 0.0197 0.5125 0.0395 0.1329
6 0.09140000000000001 0.3789 0.1697 0.12890000000000001
6 0.11710000000000001 0.4901 0.1553 0.1461
6 0.1895 0.3454 0.1447 0.1461
6 0.23550000000000001 0.23879999999999998 0.1553 0.1382
6 0.30920000000000003 0.3053 0.1474 0.1711
6 0.3947 0.1711 0.1368 0.1474
6 0.4882 0.2118 0.1447 0.15789999999999998
6 0.4743 0.056600000000000004 0.12240000000000001 0.11320000000000001
6 0.5329 0.1211 0.1316 0.1211
6 0.6171 0.0724 0.19210000000000002 0.1447
6 0.9033 0.0355 0.1934 0.0711
6 0.9428 0.0987 0.11449999999999999 0.1974
6 0.5882000000000001 0.248 0.1553 0.1382
6 0.7256999999999999 0.3118 0.1882 0.19210000000000002
6 0.9447 0.423 0.1105 0.1776
6 0.9704 0.5842 0.0592 0.1684
6 0.9046 0.5474 0.15130000000000002 0.1605
6 0.7789 0.5263 0.2711 0.2711
6 0.6546 0.6335999999999999 0.19870000000000002 0.1961
6 0.6973999999999999 0.8145 0.15 0.1474
6 0.8487 0.7012999999999999 0.18420000000000003 0.1447
6 0.8822 0.8414 0.225 0.19079999999999997
6 0.877 0.9533 0.24609999999999999 0.0934
6 0.575 0.4487 0.1789 0.2711
6 0.42829999999999996 0.4164 0.1724 0.1618
6 0.475 0.5967 0.2026 0.23550000000000001
6 0.4105 0.7572 0.17629999999999998 0.1724
6 0.2974 0.5171 0.15 0.1263
6 0.2803 0.6191 0.1711 0.1329
6 0.0934 0.7217 0.15 0.1408
6 0.0974 0.8329000000000001 0.1868 0.16579999999999998
6 0.028300000000000002 0.7506999999999999 0.056600000000000004 0.1408
6 0.0421 0.9763 0.0842 0.047400000000000005