6 0.06 0.05 0.12 0.1
6 0.125 0.105 0.175 0.16
6 0.02 0.27 0.04 0.16
6 0.015 0.505 0.03 0.13
6 0.09 0.38 0.17 0.13
6 0.115 0.49 0.155 0.145
6 0.19 0.345 0.145 0.145
6 0.235 0.24 0.155 0.14
6 0.31 0.305 0.145 0.17
6 0.395 0.17 0.135 0.145
6 0.49 0.21 0.145 0.16
6 0.47 0.055 0.12 0.11
6 0.535 0.12 0.13 0.12
6 0.615 0.07 0.19 0.14
6 0.9 0.035 0.2 0.07
6 0.94 0.095 0.12 0.19
6 0.59 0.25 0.155 0.14
6 0.725 0.31 0.19 0.19
6 0.945 0.425 0.11 0.18
6 0.97 0.585 0.06 0.17
6 0.905 0.545 0.15 0.16
6 0.78 0.525 0.27 0.27
6 0.655 0.635 0.2 0.195
6 0.695 0.815 0.15 0.145
6 0.85 0.7 0.185 0.145
6 0.88 0.84 0.225 0.19
6 0.875 0.95 0.25 0.1
6 0.575 0.45 0.18 0.27
6 0.43 0.415 0.17 0.16
6 0.475 0.595 0.205 0.235
6 0.41 0.755 0.175 0.17
6 0.295 0.515 0.15 0.125
6 0.28 0.62 0.17 0.135
6 0.095 0.72 0.15 0.14
6 0.095 0.835 0.185 0.165
6 0.03 0.75 0.055 0.14
6 0.04 0.97 0.08 0.04