6 0.06 0.05 0.12 0.1
6 0.1243 0.1026 0.175 0.1605
6 0.0217 0.27699999999999997 0.0434 0.15919999999999998
6 0.015 0.505 0.03 0.13
6 0.09140000000000001 0.3789 0.1697 0.12890000000000001
6 0.11710000000000001 0.4901 0.15530000000000002 0.1461
6 0.1895 0.3454 0.1447 0.1461
6 0.23550000000000001 0.23879999999999998 0.15530000000000002 0.1382
6 0.30920000000000003 0.3053 0.14739999999999998 0.1711
6 0.3947 0.1711 0.13680000000000006 0.14740000000000003
6 0.4882 0.2118 0.1447 0.15789999999999998
6 0.4743 0.056600000000000004 0.12239999999999995 0.11320000000000001
6 0.5329 0.1211 0.13159999999999997 0.1211
6 0.6171 0.0724 0.19209999999999994 0.14470000000000002
6 0.9 0.035 0.2 0.07
6 0.94 0.095 0.12 0.19
6 0.5882 0.248 0.15529999999999994 0.1382
6 0.7256999999999999 0.3118 0.18819999999999992 0.19209999999999997
6 0.9447 0.423 0.11050000000000011 0.17760000000000006
6 0.9704 0.5842 0.05919999999999988 0.16840000000000002
6 0.9046 0.5474 0.15129999999999996 0.16049999999999998
6 0.7789 0.5263 0.27109999999999984 0.2711
6 0.6546 0.6335999999999999 0.19870000000000004 0.1960999999999999
6 0.6973999999999999 0.8145 0.15 0.1474000000000001
6 0.8487 0.7012999999999999 0.18420000000000017 0.1447
6 0.8822 0.8414 0.225 0.19080000000000014
6 0.875 0.95 0.25 0.1
6 0.575 0.4487 0.17889999999999995 0.2711
6 0.42829999999999996 0.4164 0.17239999999999994 0.16180000000000005
6 0.475 0.5967 0.20260000000000006 0.23550000000000004
6 0.4105 0.7572 0.17629999999999996 0.17240000000000008
6 0.29739999999999994 0.5171 0.14999999999999997 0.12629999999999997
6 0.2803 0.6191 0.1711 0.1328999999999999
6 0.0934 0.7217 0.15 0.14080000000000012
6 0.09739999999999999 0.8329000000000001 0.1868 0.16580000000000011
6 0.028300000000000002 0.7506999999999999 0.056600000000000004 0.14080000000000012
6 0.0421 0.9763 0.0842 0.04740000000000009