6 0.0625 0.1191 0.125 0.18030000000000002
6 0.0434 0.0349 0.0868 0.0697
6 0.3296 0.0796 0.2039 0.1592
6 0.5836 0.1125 0.1855 0.1855
6 0.7487 0.0809 0.1895 0.1618
6 0.9645 0.0388 0.0711 0.0776
6 0.9434 0.2553 0.11320000000000001 0.2
6 0.8270000000000001 0.24609999999999999 0.1671 0.16579999999999998
6 0.7816 0.3763 0.15789999999999998 0.1421
6 0.7743000000000001 0.4947 0.16449999999999998 0.13419999999999999
6 0.9276000000000001 0.3961 0.1447 0.1263
6 0.9408 0.5586 0.1184 0.15130000000000002
6 0.9237000000000001 0.4875 0.15259999999999999 0.1118
6 0.6283 0.4296 0.19079999999999997 0.175
6 0.4375 0.5533 0.1855 0.1961
6 0.09539999999999998 0.33159999999999995 0.19079999999999997 0.2053
6 0.0533 0.44799999999999995 0.1066 0.175
6 0.0553 0.5941 0.1105 0.18289999999999998
6 0.2007 0.5276 0.16449999999999998 0.1868
6 0.2967 0.6 0.1934 0.21050000000000002
6 0.152 0.7467 0.175 0.18030000000000002
6 0.25989999999999996 0.8066 0.1566 0.1789
6 0.1507 0.9026000000000001 0.16449999999999998 0.15789999999999998
6 0.3829 0.8835999999999999 0.18420000000000003 0.1961
6 0.7211 0.8118000000000001 0.19210000000000002 0.17629999999999998
6 0.6954 0.9355 0.2118 0.12890000000000001
6 0.9303 0.9368000000000001 0.13949999999999999 0.1263
6 0.9184 0.9783 0.1632 0.0434