6 0.06 0.12 0.12 0.18
6 0.045 0.035 0.085 0.07
6 0.33 0.08 0.205 0.16
6 0.585 0.11 0.185 0.185
6 0.75 0.08 0.19 0.16
6 0.96 0.035 0.08 0.07
6 0.94 0.25 0.12 0.2
6 0.825 0.245 0.165 0.165
6 0.78 0.375 0.16 0.14
6 0.775 0.495 0.165 0.135
6 0.925 0.39 0.15 0.12
6 0.94 0.56 0.12 0.15
6 0.92 0.485 0.16 0.11
6 0.63 0.43 0.19 0.175
6 0.44 0.555 0.185 0.195
6 0.095 0.33 0.19 0.205
6 0.055 0.45 0.105 0.175
6 0.055 0.595 0.11 0.185
6 0.2 0.53 0.165 0.185
6 0.295 0.6 0.195 0.21
6 0.15 0.745 0.175 0.18
6 0.26 0.805 0.155 0.18
6 0.15 0.905 0.165 0.16
6 0.385 0.885 0.185 0.195
6 0.72 0.81 0.19 0.175
6 0.695 0.935 0.21 0.13
6 0.93 0.93 0.14 0.12
6 0.915 0.975 0.17 0.05