6 0.0625 0.1191 0.125 0.18030000000000002
6 0.0434 0.0349 0.0868 0.06969999999999998
6 0.3296 0.0796 0.2039 0.1592
6 0.5836 0.1125 0.18550000000000005 0.18549999999999997
6 0.7487 0.0809 0.1894999999999999 0.1618
6 0.96 0.035 0.08 0.07
6 0.9434 0.2553 0.11319999999999993 0.2
6 0.8270000000000001 0.24609999999999999 0.16710000000000008 0.16579999999999998
6 0.7816 0.3763 0.15789999999999993 0.14209999999999998
6 0.7743000000000001 0.4947 0.1644999999999999 0.1342
6 0.9276000000000001 0.3961 0.1447 0.12629999999999997
6 0.9408 0.5586 0.11840000000000003 0.15129999999999996
6 0.9237000000000001 0.4875 0.1525999999999999 0.11180000000000007
6 0.6283 0.4296 0.19080000000000005 0.175
6 0.4375 0.5533 0.18549999999999997 0.1960999999999999
6 0.09539999999999998 0.33159999999999995 0.19079999999999997 0.2053
6 0.0533 0.44799999999999995 0.1066 0.175
6 0.055299999999999995 0.5941 0.1105 0.18289999999999992
6 0.2007 0.5276 0.16450000000000004 0.18679999999999994
6 0.2967 0.6 0.19340000000000004 0.21050000000000005
6 0.152 0.7467 0.175 0.18030000000000002
6 0.25989999999999996 0.8066 0.15660000000000004 0.17889999999999986
6 0.1507 0.9026000000000001 0.16450000000000004 0.15789999999999993
6 0.3829 0.8835999999999999 0.18420000000000003 0.19609999999999986
6 0.7211 0.8118000000000001 0.19210000000000008 0.17629999999999996
6 0.6954 0.9355 0.21180000000000007 0.12890000000000015
6 0.93 0.93 0.14 0.12
6 0.9184 0.9783 0.16319999999999993 0.043400000000000036