6 0.0625 0.08 0.125 0.16
6 0.2305 0.1035 0.201 0.193
6 0.0435 0.2735 0.087 0.185
6 0.0825 0.3975 0.131 0.14300000000000002
6 0.2825 0.5415 0.157 0.145
6 0.0435 0.4955 0.087 0.131
6 0.15 0.589 0.11599999999999999 0.11
6 0.231 0.28 0.174 0.184
6 0.392 0.3655 0.16399999999999998 0.193
6 0.4625 0.4465 0.16899999999999998 0.159
6 0.762 0.20550000000000002 0.166 0.171
6 0.925 0.16899999999999998 0.15 0.16
6 0.9065000000000001 0.042 0.187 0.084
6 0.665 0.387 0.20600000000000002 0.128
6 0.5539999999999999 0.511 0.13 0.13
6 0.9470000000000001 0.5710000000000001 0.106 0.154
6 0.8334999999999999 0.8255 0.133 0.159
6 0.9515 0.828 0.09699999999999999 0.136
6 0.9259999999999999 0.9595 0.14800000000000002 0.081
6 0.4165 0.7245 0.127 0.131
6 0.5245000000000001 0.861 0.157 0.11800000000000001
6 0.46299999999999997 0.9505 0.19 0.099
6 0.2195 0.9590000000000001 0.133 0.08199999999999999
6 0.0335 0.943 0.067 0.10800000000000001
6 0.091 0.8745 0.094 0.071
6 0.0935 0.95 0.121 0.092
6 0.23550000000000001 0.813 0.141 0.15
6 0.0665 0.6275 0.12300000000000001 0.085
6 0.0675 0.7175 0.105 0.115
6 0.1425 0.7334999999999999 0.111 0.149
6 0.574 0.6635 0.14400000000000002 0.153
6 0.6884999999999999 0.474 0.14300000000000002 0.106
6 0.6755 0.5539999999999999 0.147 0.13
6 0.696 0.672 0.16 0.122
6 0.675 0.7955 0.17 0.151
6 0.6975 0.9175 0.215 0.151