6 0.06 0.08 0.12 0.16
6 0.23 0.105 0.2 0.195
6 0.045 0.275 0.085 0.185
6 0.08 0.4 0.13 0.145
6 0.28 0.54 0.155 0.145
6 0.045 0.495 0.085 0.13
6 0.15 0.59 0.115 0.11
6 0.23 0.28 0.175 0.185
6 0.39 0.365 0.165 0.195
6 0.46 0.445 0.17 0.16
6 0.76 0.205 0.165 0.17
6 0.925 0.17 0.15 0.16
6 0.9 0.04 0.18 0.08
6 0.665 0.385 0.205 0.13
6 0.555 0.51 0.13 0.13
6 0.945 0.57 0.105 0.155
6 0.835 0.825 0.135 0.16
6 0.95 0.83 0.095 0.135
6 0.925 0.96 0.15 0.08
6 0.415 0.725 0.125 0.13
6 0.525 0.86 0.155 0.12
6 0.465 0.95 0.19 0.1
6 0.22 0.96 0.135 0.08
6 0.035 0.945 0.065 0.11
6 0.09 0.875 0.095 0.07
6 0.095 0.95 0.12 0.09
6 0.235 0.815 0.14 0.15
6 0.065 0.63 0.125 0.085
6 0.07 0.72 0.105 0.115
6 0.14 0.735 0.11 0.15
6 0.575 0.665 0.145 0.155
6 0.69 0.475 0.145 0.105
6 0.675 0.555 0.145 0.13
6 0.695 0.67 0.16 0.12
6 0.675 0.795 0.17 0.15
6 0.7 0.92 0.215 0.15