6 0.0625 0.08 0.125 0.16
6 0.2305 0.1035 0.201 0.193
6 0.0435 0.2735 0.087 0.185
6 0.0825 0.3975 0.131 0.14299999999999996
6 0.2825 0.5415 0.15700000000000003 0.145
6 0.0435 0.4955 0.087 0.13099999999999995
6 0.15 0.5890000000000001 0.11600000000000002 0.11000000000000007
6 0.231 0.28 0.174 0.18400000000000002
6 0.392 0.3655 0.16400000000000003 0.19299999999999998
6 0.4625 0.4465 0.16900000000000007 0.15900000000000006
6 0.762 0.20550000000000002 0.16599999999999995 0.171
6 0.925 0.16899999999999998 0.15 0.16
6 0.9065000000000001 0.042 0.1869999999999999 0.084
6 0.665 0.387 0.20599999999999993 0.12799999999999997
6 0.5539999999999999 0.511 0.13 0.13
6 0.9470000000000001 0.571 0.10599999999999994 0.154
6 0.8334999999999999 0.8255 0.13300000000000012 0.15900000000000006
6 0.9515 0.828 0.09699999999999989 0.13599999999999995
6 0.9259999999999999 0.9595 0.1480000000000001 0.08099999999999995
6 0.4165 0.7245 0.12700000000000003 0.13099999999999995
6 0.5245000000000001 0.861 0.15700000000000003 0.11800000000000012
6 0.46299999999999997 0.9505 0.19 0.09900000000000006
6 0.2195 0.9590000000000001 0.13300000000000003 0.08199999999999989
6 0.0335 0.943 0.067 0.10800000000000011
6 0.091 0.8745 0.09400000000000003 0.07099999999999994
6 0.0935 0.95 0.12099999999999998 0.09199999999999989
6 0.23550000000000001 0.813 0.14100000000000001 0.15
6 0.0665 0.6275 0.12300000000000001 0.085
6 0.0675 0.7175 0.105 0.115
6 0.1425 0.7334999999999999 0.11100000000000002 0.14900000000000005
6 0.574 0.6635 0.144 0.15300000000000005
6 0.6884999999999999 0.474 0.14300000000000004 0.10599999999999994
6 0.6755 0.5539999999999999 0.14699999999999996 0.13
6 0.696 0.672 0.16 0.12199999999999996
6 0.675 0.7955 0.17 0.15099999999999994
6 0.6975 0.9175 0.215 0.15099999999999994