6 0.405 0.075 0.145 0.14
6 0.47 0.195 0.165 0.22
6 0.565 0.185 0.14 0.165
6 0.58 0.085 0.205 0.165
6 0.695 0.03 0.185 0.06
6 0.91 0.045 0.16 0.09
6 0.95 0.12 0.1 0.14
6 0.98 0.23 0.04 0.11
6 0.835 0.19 0.215 0.13
6 0.85 0.31 0.19 0.145
6 0.93 0.37 0.135 0.195
6 0.815 0.41 0.125 0.11
6 0.75 0.465 0.18 0.135
6 0.815 0.7 0.365 0.455
6 0.69 0.54 0.155 0.16
6 0.605 0.32 0.135 0.115
6 0.55 0.37 0.145 0.16
6 0.15 0.265 0.15 0.14
6 0.09 0.34 0.165 0.155
6 0.28 0.375 0.125 0.12
6 0.255 0.445 0.12 0.11
6 0.345 0.435 0.11 0.14
6 0.435 0.495 0.14 0.115
6 0.415 0.59 0.14 0.14
6 0.12 0.535 0.17 0.175
6 0.035 0.575 0.07 0.17
6 0.27 0.565 0.15 0.14
6 0.265 0.665 0.115 0.1
6 0.15 0.685 0.15 0.12
6 0.19 0.74 0.16 0.115
6 0.06 0.8 0.12 0.18
6 0.065 0.97 0.13 0.06
6 0.04 0.92 0.08 0.08
6 0.19 0.975 0.1 0.05
6 0.27 0.97 0.11 0.06
6 0.34 0.845 0.42 0.15
6 0.43 0.935 0.185 0.085
6 0.44 0.975 0.12 0.05
6 0.595 0.96 0.165 0.075
6 0.77 0.96 0.145 0.075
6 0.65 0.69 0.13 0.135
6 0.56 0.835 0.155 0.17