6 0.4033 0.0763 0.14340000000000003 0.13949999999999999
6 0.4678 0.1967 0.16450000000000004 0.22239999999999996
6 0.5671 0.1862 0.14209999999999995 0.1671
6 0.5816 0.08289999999999999 0.20259999999999997 0.16579999999999998
6 0.6928 0.030299999999999997 0.18550000000000005 0.0605
6 0.91 0.045 0.16 0.09
6 0.95 0.12 0.1 0.14
6 0.9789 0.22760000000000002 0.04210000000000008 0.11050000000000004
6 0.8368000000000001 0.1882 0.21319999999999995 0.1316
6 0.8493 0.31120000000000003 0.18819999999999992 0.14339999999999997
6 0.9316 0.36840000000000006 0.13680000000000006 0.19739999999999994
6 0.8158 0.4092 0.12370000000000005 0.10789999999999993
6 0.7513 0.46380000000000005 0.17889999999999986 0.13549999999999998
6 0.8170999999999999 0.698 0.36580000000000007 0.45659999999999995
6 0.6881999999999999 0.5395 0.15530000000000002 0.15789999999999993
6 0.6072 0.3178 0.13550000000000004 0.11450000000000003
6 0.5493 0.36840000000000006 0.14340000000000003 0.15789999999999996
6 0.152 0.2632 0.15130000000000002 0.14209999999999998
6 0.0875 0.3395 0.1671 0.1526
6 0.2816 0.373 0.12630000000000002 0.12239999999999998
6 0.2546 0.44670000000000004 0.12240000000000002 0.10920000000000002
6 0.3461 0.4355 0.11049999999999997 0.1421000000000001
6 0.4355 0.4941 0.13950000000000004 0.11710000000000008
6 0.4171 0.5921 0.14209999999999995 0.14209999999999995
6 0.1204 0.5329 0.17239999999999994 0.17629999999999996
6 0.035 0.575 0.07 0.17
6 0.2717 0.5638000000000001 0.1513 0.14079999999999998
6 0.2664 0.6664 0.11710000000000004 0.09870000000000005
6 0.15 0.6862 0.15 0.12240000000000002
6 0.19010000000000002 0.7408 0.1592 0.11319999999999993
6 0.0625 0.8046 0.125 0.18030000000000002
6 0.0684 0.973 0.1368 0.053899999999999865
6 0.04 0.92 0.08 0.08
6 0.1961 0.9776 0.09740000000000001 0.04469999999999999
6 0.2717 0.9697 0.11180000000000004 0.060500000000000116
6 0.3375 0.8467 0.41969999999999996 0.14870000000000005
6 0.42829999999999996 0.9342 0.18289999999999992 0.08680000000000007
6 0.4395 0.9776 0.11840000000000003 0.04469999999999999
6 0.5961 0.9625 0.16580000000000006 0.075
6 0.7711 0.9625 0.1447 0.075
6 0.6493000000000001 0.6875 0.1303 0.13550000000000004
6 0.5625 0.8329000000000001 0.1539 0.17109999999999986