6 0.4033 0.07629999999999999 0.1434 0.13949999999999999
6 0.4678 0.1967 0.16449999999999998 0.2224
6 0.5671 0.1862 0.1421 0.1671
6 0.5816 0.08289999999999999 0.2026 0.16579999999999998
6 0.6928 0.030299999999999997 0.1855 0.0605
6 0.9197 0.048 0.1605 0.09609999999999999
6 0.9506999999999999 0.125 0.0987 0.1474
6 0.9789 0.22760000000000002 0.0421 0.1105
6 0.8368000000000001 0.1882 0.2132 0.1316
6 0.8493 0.31120000000000003 0.1882 0.1434
6 0.9316 0.36840000000000006 0.1368 0.1974
6 0.8158 0.4092 0.12369999999999999 0.1079
6 0.7513 0.46380000000000005 0.1789 0.1355
6 0.8170999999999999 0.698 0.36579999999999996 0.45659999999999995
6 0.6881999999999999 0.5395 0.1553 0.15789999999999998
6 0.6072 0.3178 0.1355 0.11449999999999999
6 0.5493 0.36840000000000006 0.1434 0.15789999999999998
6 0.152 0.2632 0.15130000000000002 0.1421
6 0.0875 0.3395 0.1671 0.15259999999999999
6 0.2816 0.373 0.1263 0.12240000000000001
6 0.2546 0.44670000000000004 0.12240000000000001 0.1092
6 0.3461 0.4355 0.1105 0.1421
6 0.4355 0.4941 0.13949999999999999 0.11710000000000001
6 0.4171 0.5921 0.1421 0.1421
6 0.1204 0.5329 0.1724 0.17629999999999998
6 0.0368 0.5836 0.0737 0.1724
6 0.2717 0.5638000000000001 0.15130000000000002 0.1408
6 0.2664 0.6664 0.11710000000000001 0.0987
6 0.15 0.6862 0.15 0.12240000000000001
6 0.19010000000000002 0.7408 0.1592 0.11320000000000001
6 0.0625 0.8046 0.125 0.18030000000000002
6 0.0684 0.973 0.1368 0.053899999999999997
6 0.0414 0.9243000000000001 0.08289999999999999 0.0855
6 0.1961 0.9776 0.0974 0.0447
6 0.2717 0.9697 0.1118 0.0605
6 0.3375 0.8467 0.41969999999999996 0.1487
6 0.42829999999999996 0.9342 0.18289999999999998 0.0868
6 0.4395 0.9776 0.1184 0.0447
6 0.5961 0.9625 0.16579999999999998 0.075
6 0.7711 0.9625 0.1447 0.075
6 0.6493000000000001 0.6875 0.1303 0.1355
6 0.5625 0.8329000000000001 0.1539 0.1711