6 0.7637999999999999 0.0487 0.1934 0.0974
6 0.6507 0.1414 0.175 0.1724
6 0.5842 0.0487 0.1605 0.0974
6 0.4697 0.073 0.1553 0.11710000000000001
6 0.44409999999999994 0.0296 0.1329 0.0592
6 0.3921 0.11779999999999999 0.1553 0.1382
6 0.4336 0.20989999999999998 0.19079999999999997 0.1382
6 0.2434 0.0197 0.21050000000000002 0.0395
6 0.2717 0.0533 0.15130000000000002 0.1013
6 0.0645 0.1013 0.12890000000000001 0.09210000000000002
6 0.07429999999999999 0.0368 0.1487 0.0737
6 0.052000000000000005 0.17370000000000002 0.1039 0.0895
6 0.08289999999999999 0.373 0.16579999999999998 0.2224
6 0.0461 0.2408 0.09210000000000002 0.0868
6 0.1421 0.2408 0.1184 0.12890000000000001
6 0.23420000000000002 0.21780000000000002 0.15789999999999998 0.1408
6 0.23420000000000002 0.3638 0.2079 0.1961