6 0.7637999999999999 0.0487 0.19340000000000004 0.0974
6 0.6507 0.1414 0.175 0.17239999999999994
6 0.5842 0.0487 0.16050000000000003 0.0974
6 0.4697 0.07300000000000001 0.15530000000000002 0.11710000000000001
6 0.44409999999999994 0.0296 0.1328999999999999 0.0592
6 0.3921 0.11779999999999997 0.15530000000000002 0.1382
6 0.4336 0.20989999999999998 0.19079999999999997 0.1382
6 0.235 0.015 0.21 0.03
6 0.2717 0.0533 0.1513 0.10129999999999999
6 0.06449999999999999 0.1013 0.12890000000000001 0.09210000000000002
6 0.07 0.035 0.14 0.07
6 0.05199999999999999 0.17370000000000002 0.1039 0.08949999999999997
6 0.08289999999999999 0.373 0.16579999999999998 0.22239999999999996
6 0.046099999999999995 0.2408 0.09210000000000002 0.0868
6 0.1421 0.2408 0.11840000000000002 0.12890000000000001
6 0.23420000000000002 0.21780000000000002 0.15789999999999998 0.14079999999999998
6 0.23420000000000002 0.3638 0.20789999999999995 0.1961