7 0.4322 0.40130000000000005 0.12240000000000001 0.12369999999999999
7 0.423 0.3283 0.1276 0.1013
7 0.2934 0.5724 0.11320000000000001 0.1263
7 0.0513 0.8105 0.1026 0.18420000000000003
7 0.1447 0.7572 0.0974 0.11710000000000001
7 0.5401 0.7579 0.1118 0.1158
7 0.6737000000000001 0.8454 0.1105 0.11449999999999999
7 0.6993 0.7513 0.11449999999999999 0.11320000000000001
7 0.8743000000000001 0.8487 0.1066 0.1316
7 0.948 0.8066 0.1039 0.13949999999999999
7 0.9381999999999999 0.6651 0.0947 0.0855
7 0.9322 0.6039 0.08289999999999999 0.0684
7 0.9723999999999999 0.6171 0.0553 0.0789
7 0.6737000000000001 0.5440999999999999 0.1368 0.09609999999999999
7 0.8086 0.2401 0.11710000000000001 0.11449999999999999
7 0.8295999999999999 0.0559 0.1118 0.0724
7 0.8395 0.0217 0.15259999999999999 0.0434
7 0.5316 0.9420999999999999 0.1421 0.1158
7 0.5085999999999999 0.8763 0.1118 0.0895