7 0.4322 0.40130000000000005 0.12239999999999995 0.12370000000000005
7 0.423 0.3283 0.12760000000000005 0.10129999999999999
7 0.2934 0.5724 0.11320000000000001 0.12629999999999997
7 0.0513 0.8105 0.1026 0.18419999999999986
7 0.1447 0.7572 0.09739999999999999 0.11710000000000008
7 0.5401 0.7579 0.11179999999999993 0.11580000000000013
7 0.6737000000000001 0.8454 0.11050000000000004 0.11449999999999988
7 0.6993 0.7513 0.11449999999999988 0.11319999999999993
7 0.8743000000000001 0.8487 0.10659999999999997 0.13159999999999997
7 0.948 0.8066 0.10390000000000015 0.13949999999999987
7 0.9381999999999999 0.6651 0.09469999999999999 0.08550000000000005
7 0.9322 0.6039 0.08289999999999992 0.06840000000000003
7 0.97 0.61 0.06 0.08
7 0.6737000000000001 0.5440999999999999 0.13680000000000006 0.09609999999999999
7 0.8086 0.2401 0.11710000000000008 0.11449999999999996
7 0.8295999999999999 0.0559 0.11180000000000007 0.0724
7 0.8395 0.0217 0.1525999999999999 0.0434
7 0.5316 0.9420999999999999 0.1421000000000001 0.11580000000000013
7 0.5085999999999999 0.8763 0.11180000000000007 0.08949999999999989