7 0.475 0.53 0.12 0.125
7 0.36 0.65 0.105 0.11
7 0.11 0.595 0.11 0.1
7 0.195 0.645 0.085 0.085
7 0.245 0.68 0.11 0.1
7 0.37 0.735 0.085 0.095
7 0.48 0.755 0.1 0.11
7 0.405 0.835 0.09 0.105
7 0.685 0.675 0.11 0.105
7 0.74 0.7 0.08 0.09
7 0.79 0.66 0.06 0.065
7 0.83 0.69 0.055 0.06
7 0.87 0.715 0.065 0.075
7 0.925 0.76 0.075 0.08
7 0.89 0.795 0.1 0.08
7 0.89 0.93 0.115 0.095
7 0.965 0.605 0.07 0.09
7 0.97 0.68 0.06 0.08
7 0.855 0.5 0.14 0.105
7 0.935 0.415 0.13 0.125
7 0.88 0.16 0.125 0.135
7 0.745 0.065 0.15 0.11
7 0.695 0.2 0.155 0.125
7 0.595 0.275 0.12 0.11
7 0.685 0.385 0.115 0.14
7 0.33 0.25 0.14 0.15
7 0.23 0.17 0.12 0.11
7 0.155 0.095 0.15 0.15
7 0.305 0.905 0.14 0.14
7 0.37 0.955 0.12 0.09
7 0.445 0.975 0.09 0.045
7 0.495 0.865 0.09 0.145
7 0.56 0.885 0.11 0.135
7 0.665 0.87 0.115 0.12
7 0.68 0.95 0.1 0.09
7 0.685 0.775 0.09 0.105
7 0.615 0.75 0.07 0.085
7 0.08 0.97 0.14 0.06