7 0.47369999999999995 0.5276 0.11840000000000003 0.12629999999999997
7 0.3625 0.6513 0.10659999999999997 0.11050000000000004
7 0.1079 0.5947 0.1079 0.1
7 0.1941 0.6474 0.08550000000000002 0.08680000000000007
7 0.24280000000000002 0.6783 0.10920000000000002 0.10129999999999996
7 0.3697 0.7342 0.08680000000000007 0.09469999999999999
7 0.4783 0.7545999999999999 0.10129999999999996 0.10919999999999988
7 0.40590000000000004 0.8342 0.08819999999999993 0.1053
7 0.6829000000000001 0.6729999999999999 0.11050000000000004 0.10659999999999997
7 0.7414000000000001 0.6987000000000001 0.08030000000000001 0.08949999999999989
7 0.7895 0.6586 0.057899999999999924 0.06449999999999996
7 0.8283 0.6881999999999999 0.05659999999999996 0.057899999999999924
7 0.8697 0.7171 0.06580000000000012 0.07370000000000004
7 0.927 0.7618 0.075 0.07889999999999986
7 0.8908 0.7961 0.1 0.07889999999999986
7 0.8901 0.9296 0.11449999999999988 0.09340000000000004
7 0.965 0.605 0.07 0.09
7 0.973 0.6855 0.053899999999999865 0.08419999999999987
7 0.8545999999999999 0.5 0.14080000000000012 0.10260000000000005
7 0.9362 0.4164 0.1275999999999999 0.125
7 0.8815999999999999 0.15789999999999998 0.12629999999999997 0.1342
7 0.7461 0.0632 0.15 0.1105
7 0.6947 0.20129999999999998 0.15530000000000002 0.12369999999999998
7 0.5941 0.27299999999999996 0.11969999999999999 0.10919999999999998
7 0.6829000000000001 0.3868 0.11580000000000006 0.13950000000000004
7 0.3322 0.24870000000000003 0.14079999999999998 0.15000000000000002
7 0.2309 0.1704 0.12240000000000002 0.1118
7 0.15460000000000002 0.0941 0.14869999999999997 0.14869999999999997
7 0.3053 0.9072 0.13950000000000004 0.14080000000000012
7 0.37 0.955 0.12 0.09
7 0.4461 0.9763 0.08950000000000002 0.04740000000000009
7 0.4954 0.8651000000000001 0.09079999999999998 0.14340000000000003
7 0.5611999999999999 0.8842 0.10920000000000002 0.13419999999999987
7 0.6670999999999999 0.8691 0.11319999999999993 0.12240000000000009
7 0.6816 0.9487000000000001 0.1 0.09210000000000008
7 0.6855 0.775 0.08949999999999989 0.10259999999999991
7 0.6138000000000001 0.75 0.06970000000000005 0.08680000000000007
7 0.08 0.97 0.14 0.06