7 0.47369999999999995 0.5276 0.1184 0.1263
7 0.3625 0.6513 0.1066 0.1105
7 0.1079 0.5947 0.1079 0.1
7 0.1941 0.6474 0.0855 0.0868
7 0.24280000000000002 0.6783 0.1092 0.1013
7 0.3697 0.7342 0.0868 0.0947
7 0.4783 0.7545999999999999 0.1013 0.1092
7 0.40590000000000004 0.8342 0.0882 0.10529999999999999
7 0.6829000000000001 0.6729999999999999 0.1105 0.1066
7 0.7414000000000001 0.6987000000000001 0.0803 0.0895
7 0.7895 0.6586 0.0579 0.0645
7 0.8283 0.6881999999999999 0.056600000000000004 0.0579
7 0.8697 0.7171 0.0658 0.0737
7 0.927 0.7618 0.075 0.0789
7 0.8908 0.7961 0.1 0.0789
7 0.8901 0.9296 0.11449999999999999 0.0934
7 0.9678 0.6072 0.0645 0.0908
7 0.973 0.6855 0.053899999999999997 0.0842
7 0.8545999999999999 0.5 0.1408 0.1026
7 0.9362 0.4164 0.1276 0.125
7 0.8815999999999999 0.15789999999999998 0.1263 0.13419999999999999
7 0.7461 0.0632 0.15 0.1105
7 0.6947 0.20129999999999998 0.1553 0.12369999999999999
7 0.5941 0.273 0.1197 0.1092
7 0.6829000000000001 0.3868 0.1158 0.13949999999999999
7 0.3322 0.2487 0.1408 0.15
7 0.2309 0.1704 0.12240000000000001 0.1118
7 0.15460000000000002 0.0941 0.1487 0.1487
7 0.3053 0.9072 0.13949999999999999 0.1408
7 0.3757 0.9586 0.1118 0.08289999999999999
7 0.4461 0.9763 0.0895 0.047400000000000005
7 0.4954 0.8651000000000001 0.0908 0.1434
7 0.5611999999999999 0.8842 0.1092 0.13419999999999999
7 0.6670999999999999 0.8691 0.11320000000000001 0.12240000000000001
7 0.6816 0.9487000000000001 0.1 0.09210000000000002
7 0.6855 0.775 0.0895 0.1026
7 0.6138 0.75 0.0697 0.0868
7 0.0842 0.9723999999999999 0.1447 0.0553