7 0.0901 0.0993 0.12240000000000001 0.11710000000000001
7 0.31379999999999997 0.2579 0.1408 0.1368
7 0.1454 0.42369999999999997 0.1408 0.1474
7 0.0658 0.6592 0.1316 0.12890000000000001
7 0.0204 0.6046 0.0408 0.125
7 0.3257 0.46509999999999996 0.1566 0.1487
7 0.4355 0.4178 0.10529999999999999 0.1329
7 0.525 0.348 0.1158 0.1197
7 0.5816 0.1967 0.1184 0.1118
7 0.33880000000000005 0.11320000000000001 0.1329 0.1
7 0.4474 0.0868 0.1184 0.1
7 0.9059 0.6118 0.1355 0.1316
7 0.9671 0.6737000000000001 0.0658 0.1263
7 0.3822 0.6315999999999999 0.1276 0.10529999999999999
7 0.6224000000000001 0.802 0.1316 0.1408
7 0.8368000000000001 0.8303 0.1316 0.1158
7 0.5414 0.8671 0.1118 0.1026
7 0.4454 0.8625 0.1303 0.11449999999999999
7 0.3086 0.8447 0.1355 0.1158
7 0.2053 0.9506999999999999 0.1421 0.0987
7 0.0559 0.9737 0.1118 0.0526
7 0.3237 0.9795999999999999 0.1105 0.0408
7 0.4 0.9592 0.1079 0.0816
7 0.4849 0.9756999999999999 0.1092 0.0487