7 0.09 0.1 0.12 0.115
7 0.315 0.26 0.14 0.135
7 0.145 0.425 0.14 0.145
7 0.065 0.66 0.13 0.13
7 0.02 0.605 0.04 0.125
7 0.325 0.465 0.155 0.15
7 0.435 0.42 0.105 0.135
7 0.525 0.35 0.115 0.12
7 0.58 0.195 0.12 0.11
7 0.34 0.115 0.135 0.1
7 0.445 0.085 0.12 0.1
7 0.905 0.61 0.135 0.13
7 0.965 0.675 0.065 0.125
7 0.38 0.63 0.13 0.105
7 0.62 0.8 0.13 0.14
7 0.835 0.83 0.13 0.115
7 0.54 0.865 0.11 0.105
7 0.445 0.86 0.13 0.115
7 0.31 0.845 0.135 0.115
7 0.2 0.95 0.14 0.1
7 0.055 0.97 0.11 0.06
7 0.325 0.98 0.11 0.04
7 0.4 0.96 0.11 0.08
7 0.48 0.975 0.1 0.05