7 0.0901 0.0993 0.12239999999999998 0.11710000000000001
7 0.3138 0.2579 0.1408 0.13679999999999995
7 0.1454 0.42369999999999997 0.14079999999999998 0.14739999999999995
7 0.0658 0.6592 0.1316 0.12890000000000007
7 0.0204 0.6046 0.0408 0.12500000000000008
7 0.3257 0.46509999999999996 0.15659999999999996 0.14870000000000005
7 0.4355 0.4178 0.1053 0.1328999999999999
7 0.525 0.348 0.11579999999999999 0.11969999999999999
7 0.5816 0.1967 0.11840000000000003 0.1118
7 0.33880000000000005 0.11320000000000001 0.13290000000000002 0.1
7 0.4474 0.0868 0.11840000000000003 0.1
7 0.9059 0.6118000000000001 0.13550000000000012 0.13160000000000005
7 0.9671 0.6737000000000001 0.06580000000000012 0.12629999999999997
7 0.3822 0.6315999999999999 0.12760000000000002 0.1053
7 0.6224000000000001 0.802 0.13160000000000005 0.14080000000000012
7 0.8368000000000001 0.8303 0.13159999999999997 0.11580000000000013
7 0.5414 0.8671 0.11180000000000007 0.10259999999999991
7 0.4454 0.8625 0.1303 0.11449999999999988
7 0.3086 0.8447 0.13549999999999998 0.11580000000000013
7 0.2 0.95 0.14 0.1
7 0.0559 0.9737 0.1118 0.05259999999999991
7 0.3237 0.9795999999999999 0.11049999999999997 0.04080000000000013
7 0.4 0.9592 0.10789999999999993 0.08159999999999996
7 0.48 0.975 0.1 0.05