8 0.1165 0.08650000000000001 0.14900000000000002 0.12900000000000003
8 0.514 0.10300000000000001 0.09599999999999995 0.11600000000000002
8 0.7240000000000001 0.17 0.10400000000000005 0.11
8 0.8035 0.0815 0.10900000000000006 0.11900000000000002
8 0.8775 0.113 0.08699999999999988 0.10399999999999998
8 0.963 0.1235 0.07400000000000005 0.107
8 0.97 0.22149999999999997 0.06 0.095
8 0.7334999999999999 0.29350000000000004 0.09900000000000006 0.105
8 0.5375 0.40399999999999997 0.08299999999999998 0.09200000000000003
8 0.4025 0.3785 0.10700000000000003 0.09900000000000006
8 0.4495 0.456 0.07700000000000003 0.08
8 0.4635 0.27899999999999997 0.10299999999999997 0.09200000000000003
8 0.382 0.24600000000000002 0.11400000000000006 0.11200000000000003
8 0.1955 0.39049999999999996 0.11300000000000003 0.13099999999999995
8 0.19 0.518 0.1 0.10799999999999997
8 0.252 0.5965 0.12800000000000003 0.11500000000000007
8 0.428 0.623 0.09400000000000006 0.12800000000000003
8 0.5265 0.63 0.085 0.11800000000000005
8 0.573 0.682 0.07 0.07800000000000011
8 0.5435 0.5539999999999999 0.085 0.12200000000000003
8 0.6225 0.4935 0.08300000000000005 0.10700000000000003
8 0.691 0.4485 0.10599999999999994 0.085
8 0.743 0.5125 0.09400000000000006 0.095
8 0.6435 0.6045 0.09300000000000004 0.115
8 0.9095 0.4855 0.08300000000000012 0.105
8 0.9075 0.59 0.10900000000000006 0.09599999999999995
8 0.732 0.674 0.07599999999999994 0.08599999999999994
8 0.6595 0.718 0.05900000000000006 0.08199999999999989
8 0.6095 0.7685 0.07900000000000006 0.08699999999999988
8 0.051 0.9445 0.08400000000000002 0.11099999999999995
8 0.1595 0.925 0.09899999999999999 0.1319999999999999
8 0.27149999999999996 0.91 0.06299999999999997 0.09199999999999989
8 0.31549999999999995 0.8420000000000001 0.06699999999999999 0.07400000000000005
8 0.363 0.848 0.07799999999999997 0.06199999999999989
8 0.4515 0.8079999999999999 0.08099999999999995 0.07199999999999988
8 0.5485 0.7945 0.08099999999999995 0.06699999999999989
8 0.5765 0.8584999999999999 0.09700000000000003 0.08900000000000005
8 0.6775 0.8835 0.10300000000000004 0.11699999999999988
8 0.7985 0.9105 0.13300000000000012 0.105
8 0.8515 0.7765000000000001 0.06900000000000006 0.08699999999999988
8 0.888 0.7055 0.07400000000000005 0.08099999999999995
8 0.9475 0.7325 0.085 0.115
8 0.981 0.76 0.03800000000000012 0.06599999999999995
8 0.9795 0.92 0.040999999999999946 0.058000000000000114
8 0.662 0.9815 0.054000000000000055 0.03699999999999989
8 0.579 0.982 0.07799999999999997 0.03599999999999994
8 0.474 0.9205 0.08400000000000006 0.07900000000000006
8 0.753 0.9590000000000001 0.14 0.08199999999999989
8 0.365 0.9675 0.08799999999999997 0.06300000000000011
8 0.414 0.9015000000000001 0.07 0.06900000000000006
8 0.353 0.9095 0.07599999999999998 0.06699999999999989