8 0.115 0.085 0.15 0.13
8 0.515 0.105 0.095 0.115
8 0.725 0.17 0.105 0.11
8 0.805 0.08 0.11 0.12
8 0.88 0.115 0.085 0.105
8 0.96 0.12 0.08 0.1
8 0.97 0.22 0.06 0.095
8 0.735 0.295 0.1 0.105
8 0.54 0.405 0.085 0.09
8 0.4 0.38 0.105 0.1
8 0.45 0.455 0.075 0.08
8 0.465 0.28 0.105 0.09
8 0.38 0.245 0.115 0.11
8 0.195 0.39 0.115 0.13
8 0.19 0.52 0.1 0.11
8 0.25 0.595 0.13 0.115
8 0.43 0.625 0.095 0.13
8 0.525 0.63 0.085 0.12
8 0.575 0.68 0.07 0.08
8 0.545 0.555 0.085 0.12
8 0.62 0.495 0.085 0.105
8 0.69 0.45 0.105 0.085
8 0.745 0.51 0.095 0.095
8 0.645 0.605 0.095 0.115
8 0.91 0.485 0.085 0.105
8 0.91 0.59 0.11 0.095
8 0.73 0.675 0.075 0.085
8 0.66 0.72 0.06 0.08
8 0.61 0.77 0.08 0.085
8 0.05 0.945 0.085 0.11
8 0.16 0.925 0.1 0.13
8 0.27 0.91 0.065 0.09
8 0.315 0.84 0.065 0.075
8 0.365 0.85 0.08 0.06
8 0.45 0.81 0.08 0.07
8 0.55 0.795 0.08 0.065
8 0.575 0.86 0.095 0.09
8 0.68 0.885 0.105 0.115
8 0.8 0.91 0.135 0.105
8 0.85 0.775 0.07 0.085
8 0.89 0.705 0.075 0.08
8 0.95 0.73 0.085 0.115
8 0.98 0.76 0.04 0.065
8 0.98 0.92 0.04 0.06
8 0.66 0.98 0.055 0.035
8 0.58 0.98 0.08 0.035
8 0.475 0.92 0.085 0.08
8 0.755 0.96 0.14 0.08
8 0.365 0.965 0.09 0.07
8 0.415 0.9 0.07 0.07
8 0.355 0.91 0.075 0.065