8 0.1165 0.08650000000000001 0.149 0.129
8 0.514 0.10300000000000001 0.096 0.11599999999999999
8 0.7240000000000001 0.17 0.10400000000000001 0.11
8 0.8035 0.0815 0.109 0.11900000000000001
8 0.8775 0.113 0.087 0.10400000000000001
8 0.963 0.1235 0.07400000000000001 0.107
8 0.97 0.22149999999999997 0.06 0.095
8 0.7334999999999999 0.29350000000000004 0.099 0.105
8 0.5375 0.40399999999999997 0.083 0.092
8 0.4025 0.3785 0.107 0.099
8 0.4495 0.456 0.077 0.08
8 0.4635 0.27899999999999997 0.10300000000000001 0.092
8 0.382 0.24600000000000002 0.114 0.11199999999999999
8 0.1955 0.39049999999999996 0.113 0.131
8 0.19 0.518 0.1 0.10800000000000001
8 0.252 0.5965 0.128 0.115
8 0.428 0.623 0.094 0.128
8 0.5265 0.63 0.085 0.11800000000000001
8 0.573 0.682 0.07 0.078
8 0.5435 0.5539999999999999 0.085 0.122
8 0.6225 0.4935 0.083 0.107
8 0.691 0.4485 0.106 0.085
8 0.743 0.5125 0.094 0.095
8 0.6435 0.6045 0.09300000000000001 0.115
8 0.9095 0.4855 0.083 0.105
8 0.9075 0.59 0.109 0.096
8 0.732 0.674 0.076 0.086
8 0.6595 0.718 0.059000000000000004 0.08199999999999999
8 0.6095 0.7685 0.079 0.087
8 0.051 0.9445 0.084 0.111
8 0.1595 0.925 0.099 0.132
8 0.27149999999999996 0.91 0.063 0.092
8 0.3155 0.8420000000000001 0.067 0.07400000000000001
8 0.363 0.848 0.078 0.062
8 0.4515 0.8079999999999999 0.081 0.07200000000000001
8 0.5485 0.7945 0.081 0.067
8 0.5765 0.8584999999999999 0.09699999999999999 0.08900000000000001
8 0.6775 0.8835 0.10300000000000001 0.11699999999999999
8 0.7985 0.9105 0.133 0.105
8 0.8515 0.7765000000000001 0.069 0.087
8 0.888 0.7055 0.07400000000000001 0.081
8 0.9475 0.7325 0.085 0.115
8 0.981 0.76 0.038 0.066
8 0.9795 0.92 0.040999999999999995 0.057999999999999996
8 0.662 0.9815 0.054000000000000006 0.037000000000000005
8 0.579 0.982 0.078 0.036000000000000004
8 0.474 0.9205 0.084 0.079
8 0.753 0.9590000000000001 0.14 0.08199999999999999
8 0.365 0.9675 0.08800000000000001 0.063
8 0.414 0.9015000000000001 0.07 0.069
8 0.353 0.9095 0.076 0.067