7 0.41 0.58 0.145 0.135
7 0.495 0.695 0.14 0.145
7 0.685 0.735 0.15 0.15
7 0.64 0.825 0.105 0.105
7 0.58 0.88 0.14 0.145
7 0.9 0.895 0.14 0.15
7 0.355 0.795 0.13 0.14
7 0.41 0.85 0.14 0.115
7 0.38 0.92 0.145 0.1
7 0.26 0.93 0.1 0.105
7 0.165 0.935 0.13 0.13
7 0.115 0.86 0.095 0.105
7 0.04 0.94 0.075 0.115
7 0.07 0.97 0.1 0.06
7 0.04 0.66 0.075 0.105
7 0.065 0.745 0.105 0.115
7 0.025 0.78 0.05 0.105
7 0.105 0.585 0.11 0.09
7 0.13 0.54 0.11 0.105
7 0.035 0.125 0.07 0.13
7 0.03 0.225 0.06 0.13
7 0.15 0.28 0.135 0.135
7 0.205 0.37 0.13 0.135
7 0.76 0.43 0.145 0.145
7 0.94 0.56 0.105 0.11
7 0.965 0.39 0.065 0.125
7 0.96 0.475 0.075 0.115
7 0.84 0.14 0.1 0.115
7 0.75 0.14 0.115 0.11
7 0.7 0.055 0.155 0.11
7 0.375 0.025 0.09 0.045
7 0.435 0.025 0.11 0.05
7 0.49 0.085 0.105 0.105
7 0.325 0.15 0.145 0.125
7 0.085 0.025 0.11 0.05