7 0.4092 0.5796 0.1447 0.13290000000000007
7 0.4928 0.6947 0.13819999999999993 0.1447
7 0.6829000000000001 0.7349 0.15 0.15129999999999996
7 0.6408 0.8243 0.1053 0.10659999999999997
7 0.5821999999999999 0.8789 0.13819999999999993 0.1447
7 0.9 0.8967 0.13949999999999987 0.14870000000000005
7 0.3533 0.7961 0.1303 0.13949999999999987
7 0.41119999999999995 0.8506999999999999 0.13820000000000007 0.11449999999999988
7 0.3822 0.9197 0.1461 0.1
7 0.2586 0.9322 0.10130000000000003 0.10389999999999987
7 0.1632 0.9349 0.1316 0.1275999999999999
7 0.11380000000000003 0.8618000000000001 0.09610000000000002 0.1053
7 0.0375 0.9420999999999999 0.075 0.11580000000000013
7 0.07 0.97 0.1 0.06
7 0.0375 0.6586 0.075 0.10659999999999997
7 0.06709999999999999 0.7454000000000001 0.1026 0.11449999999999988
7 0.025699999999999997 0.7809 0.0513 0.10659999999999997
7 0.1059 0.5829 0.10920000000000002 0.08950000000000002
7 0.12830000000000003 0.5421 0.11180000000000001 0.10260000000000005
7 0.035 0.125 0.07 0.13
7 0.0316 0.2289 0.0632 0.1342
7 0.1487 0.2776 0.1368 0.1368
7 0.20329999999999998 0.3704 0.1276 0.13290000000000002
7 0.7612000000000001 0.4296 0.14610000000000015 0.1461
7 0.9375 0.5586 0.10389999999999987 0.11180000000000007
7 0.9664 0.3914 0.06710000000000008 0.125
7 0.9618000000000001 0.473 0.07629999999999995 0.11710000000000008
7 0.8414 0.1421 0.10129999999999996 0.11579999999999999
7 0.752 0.1375 0.11449999999999988 0.1118
7 0.7006999999999999 0.0559 0.15389999999999993 0.1118
7 0.3743 0.023700000000000002 0.08820000000000007 0.047400000000000005
7 0.435 0.025 0.11 0.05
7 0.4921 0.08289999999999999 0.1053 0.10259999999999998
7 0.3237 0.15 0.14739999999999998 0.12369999999999998
7 0.085 0.025 0.11 0.05