7 0.4092 0.5796 0.1447 0.1329
7 0.4928 0.6947 0.1382 0.1447
7 0.6829000000000001 0.7349 0.15 0.15130000000000002
7 0.6408 0.8243 0.10529999999999999 0.1066
7 0.5821999999999999 0.8789 0.1382 0.1447
7 0.9 0.8967 0.13949999999999999 0.1487
7 0.3533 0.7961 0.1303 0.13949999999999999
7 0.41119999999999995 0.8506999999999999 0.1382 0.11449999999999999
7 0.3822 0.9197 0.1461 0.1
7 0.2586 0.9322 0.1013 0.1039
7 0.1632 0.9349 0.1316 0.1276
7 0.11380000000000001 0.8618000000000001 0.09609999999999999 0.10529999999999999
7 0.0375 0.9420999999999999 0.075 0.1158
7 0.0737 0.9711 0.10529999999999999 0.0579
7 0.0375 0.6586 0.075 0.1066
7 0.06709999999999999 0.7454000000000001 0.1026 0.11449999999999999
7 0.025699999999999997 0.7809 0.0513 0.1066
7 0.1059 0.5829 0.1092 0.0895
7 0.1283 0.5421 0.1118 0.1026
7 0.0368 0.1309 0.0737 0.1276
7 0.0316 0.2289 0.0632 0.13419999999999999
7 0.1487 0.2776 0.1368 0.1368
7 0.20329999999999998 0.3704 0.1276 0.1329
7 0.7612000000000001 0.4296 0.1461 0.1461
7 0.9375 0.5586 0.1039 0.1118
7 0.9664 0.3914 0.06709999999999999 0.125
7 0.9618000000000001 0.473 0.07629999999999999 0.11710000000000001
7 0.8414 0.1421 0.1013 0.1158
7 0.752 0.1375 0.11449999999999999 0.1118
7 0.7006999999999999 0.0559 0.1539 0.1118
7 0.3743 0.023700000000000002 0.0882 0.047400000000000005
7 0.4382 0.028900000000000002 0.1158 0.0579
7 0.4921 0.08289999999999999 0.10529999999999999 0.1026
7 0.3237 0.15 0.1474 0.12369999999999999
7 0.0895 0.0276 0.1105 0.0553