8 0.28 0.125 0.105 0.11
8 0.06 0.025 0.1 0.05
8 0.075 0.145 0.095 0.125
8 0.175 0.29 0.11 0.1
8 0.04 0.33 0.08 0.125
8 0.09 0.37 0.135 0.115
8 0.135 0.52 0.13 0.105
8 0.23 0.525 0.105 0.135
8 0.165 0.64 0.135 0.135
8 0.35 0.435 0.115 0.11
8 0.675 0.37 0.07 0.1
8 0.63 0.195 0.095 0.1
8 0.74 0.17 0.095 0.125
8 0.78 0.285 0.125 0.115
8 0.975 0.215 0.05 0.11
8 0.765 0.465 0.115 0.1
8 0.865 0.5 0.12 0.135
8 0.88 0.62 0.1 0.095
8 0.76 0.575 0.125 0.1
8 0.62 0.66 0.13 0.085
8 0.555 0.77 0.095 0.105
8 0.855 0.815 0.105 0.13
8 0.465 0.945 0.18 0.105
8 0.585 0.98 0.07 0.04