8 0.2815 0.124 0.105 0.11199999999999999
8 0.06449999999999999 0.027000000000000003 0.105 0.054000000000000006
8 0.075 0.147 0.09600000000000002 0.12399999999999999
8 0.17550000000000002 0.2875 0.10899999999999999 0.10099999999999998
8 0.039 0.3275 0.078 0.12700000000000003
8 0.0915 0.3725 0.13699999999999998 0.115
8 0.13699999999999998 0.5185 0.12800000000000003 0.105
8 0.2285 0.5255 0.10700000000000003 0.13700000000000004
8 0.16649999999999998 0.6395000000000001 0.137 0.13699999999999996
8 0.35 0.434 0.11599999999999998 0.11200000000000003
8 0.6729999999999999 0.3685 0.06800000000000005 0.09900000000000002
8 0.6295000000000001 0.196 0.09300000000000004 0.10200000000000001
8 0.74 0.16949999999999998 0.09599999999999995 0.12300000000000003
8 0.7825 0.285 0.125 0.11400000000000002
8 0.9745 0.214 0.05099999999999994 0.10799999999999998
8 0.7655 0.46649999999999997 0.11300000000000011 0.10099999999999994
8 0.867 0.5015 0.11800000000000012 0.13299999999999998
8 0.8815000000000001 0.622 0.10099999999999994 0.09599999999999995
8 0.762 0.573 0.12400000000000005 0.09799999999999998
8 0.619 0.6605 0.13200000000000003 0.08699999999999995
8 0.5539999999999999 0.7709999999999999 0.09400000000000006 0.10599999999999994
8 0.8545 0.815 0.10300000000000012 0.13
8 0.465 0.9465 0.17799999999999996 0.10699999999999989
8 0.5895 0.9834999999999999 0.07099999999999994 0.03300000000000011