8 0.2815 0.124 0.105 0.11199999999999999
8 0.0645 0.027000000000000003 0.105 0.054000000000000006
8 0.075 0.147 0.096 0.124
8 0.17550000000000002 0.2875 0.109 0.10099999999999999
8 0.039 0.3275 0.078 0.127
8 0.0915 0.3725 0.13699999999999998 0.115
8 0.13699999999999998 0.5185 0.128 0.105
8 0.2285 0.5255 0.107 0.13699999999999998
8 0.16649999999999998 0.6395000000000001 0.13699999999999998 0.13699999999999998
8 0.35 0.434 0.11599999999999999 0.11199999999999999
8 0.6729999999999999 0.3685 0.068 0.099
8 0.6295000000000001 0.196 0.09300000000000001 0.102
8 0.74 0.16949999999999998 0.096 0.12300000000000001
8 0.7825 0.285 0.125 0.114
8 0.9745 0.214 0.051 0.10800000000000001
8 0.7655 0.46649999999999997 0.113 0.10099999999999999
8 0.867 0.5015 0.11800000000000001 0.133
8 0.8815000000000001 0.622 0.10099999999999999 0.096
8 0.762 0.573 0.124 0.098
8 0.619 0.6605 0.132 0.087
8 0.5539999999999999 0.7709999999999999 0.094 0.106
8 0.8545 0.815 0.10300000000000001 0.13
8 0.465 0.9465 0.17800000000000002 0.107
8 0.5895 0.9834999999999999 0.071 0.033