8 0.13949999999999999 0.0395 0.085 0.079
8 0.1075 0.14400000000000002 0.129 0.128
8 0.0385 0.225 0.077 0.146
8 0.12300000000000001 0.3715 0.132 0.149
8 0.061500000000000006 0.485 0.12300000000000001 0.11
8 0.10800000000000001 0.649 0.10400000000000001 0.102
8 0.0725 0.7204999999999999 0.113 0.099
8 0.09300000000000001 0.867 0.132 0.156
8 0.24 0.5285 0.094 0.085
8 0.2515 0.435 0.113 0.1
8 0.28 0.248 0.11 0.106
8 0.361 0.139 0.08199999999999999 0.078
8 0.4235 0.17550000000000002 0.073 0.09699999999999999
8 0.39549999999999996 0.2605 0.10300000000000001 0.087
8 0.488 0.3185 0.10400000000000001 0.125
8 0.5895 0.439 0.105 0.114
8 0.5685 0.5355 0.099 0.109
8 0.5105 0.653 0.091 0.124
8 0.5855 0.652 0.079 0.11800000000000001
8 0.765 0.4585 0.098 0.113
8 0.8375 0.46299999999999997 0.079 0.12
8 0.7265 0.355 0.10099999999999999 0.1
8 0.8025 0.2675 0.127 0.127
8 0.6335000000000001 0.226 0.083 0.084
8 0.6445000000000001 0.0235 0.081 0.047
8 0.866 0.8584999999999999 0.142 0.201
8 0.6405 0.9665 0.151 0.067