8 0.14 0.04 0.085 0.08
8 0.11 0.145 0.13 0.13
8 0.04 0.225 0.075 0.145
8 0.125 0.37 0.13 0.15
8 0.06 0.485 0.12 0.11
8 0.11 0.65 0.105 0.1
8 0.07 0.72 0.115 0.1
8 0.095 0.865 0.13 0.155
8 0.24 0.53 0.095 0.085
8 0.25 0.435 0.115 0.1
8 0.28 0.25 0.11 0.105
8 0.36 0.14 0.08 0.08
8 0.425 0.175 0.075 0.095
8 0.395 0.26 0.105 0.085
8 0.49 0.32 0.105 0.125
8 0.59 0.44 0.105 0.115
8 0.57 0.535 0.1 0.11
8 0.51 0.655 0.09 0.125
8 0.585 0.65 0.08 0.12
8 0.765 0.46 0.1 0.115
8 0.84 0.465 0.08 0.12
8 0.725 0.355 0.1 0.1
8 0.8 0.27 0.125 0.125
8 0.635 0.225 0.085 0.085
8 0.645 0.025 0.08 0.045
8 0.865 0.86 0.14 0.2
8 0.64 0.965 0.15 0.065