8 0.13949999999999999 0.0395 0.085 0.079
8 0.1075 0.14400000000000002 0.12899999999999998 0.128
8 0.0385 0.225 0.077 0.14600000000000002
8 0.12300000000000001 0.3715 0.13199999999999998 0.14900000000000002
8 0.061500000000000006 0.485 0.12300000000000001 0.11
8 0.10800000000000001 0.649 0.10399999999999998 0.10199999999999995
8 0.0725 0.7204999999999999 0.113 0.09900000000000006
8 0.09300000000000001 0.867 0.132 0.15599999999999994
8 0.24 0.5285 0.09399999999999999 0.085
8 0.2515 0.435 0.11299999999999998 0.1
8 0.28 0.248 0.11 0.10600000000000001
8 0.361 0.139 0.08200000000000003 0.07800000000000001
8 0.4235 0.17550000000000002 0.07299999999999997 0.09699999999999998
8 0.39549999999999996 0.2605 0.10299999999999997 0.08699999999999995
8 0.488 0.3185 0.10400000000000005 0.125
8 0.5895 0.439 0.105 0.11400000000000006
8 0.5685 0.5355 0.09900000000000006 0.10900000000000006
8 0.5105 0.653 0.09099999999999994 0.12400000000000005
8 0.5855 0.652 0.07900000000000006 0.11800000000000005
8 0.765 0.4585 0.09800000000000011 0.11299999999999998
8 0.8375 0.46299999999999997 0.07900000000000006 0.12
8 0.7265 0.355 0.10099999999999994 0.1
8 0.8025 0.2675 0.1269999999999999 0.12700000000000003
8 0.6335000000000001 0.226 0.08299999999999998 0.08399999999999999
8 0.6445000000000001 0.0235 0.08099999999999995 0.047
8 0.866 0.8584999999999999 0.14199999999999988 0.20099999999999996
8 0.6405 0.9665 0.15099999999999994 0.06699999999999989