8 0.32049999999999995 0.0405 0.08900000000000001 0.081
8 0.75 0.047 0.106 0.09
8 0.701 0.299 0.114 0.142
8 0.1625 0.6114999999999999 0.11699999999999999 0.159
8 0.1155 0.7865000000000001 0.053 0.075
8 0.0605 0.9345 0.121 0.131
8 0.257 0.9075 0.10400000000000001 0.155
8 0.423 0.9175 0.134 0.155
8 0.3105 0.977 0.073 0.046
8 0.5720000000000001 0.7265 0.10800000000000001 0.155
8 0.762 0.722 0.08 0.122
8 0.8 0.8155 0.10800000000000001 0.159
8 0.8775 0.9415 0.091 0.11699999999999999
8 0.9675 0.912 0.065 0.126
8 0.9765 0.5760000000000001 0.047 0.142
8 0.5795 0.519 0.091 0.14
8 0.6579999999999999 0.5185 0.08 0.133
8 0.1315 0.345 0.067 0.092
8 0.988 0.203 0.024 0.096