8 0.32049999999999995 0.0405 0.08900000000000002 0.081
8 0.75 0.04699999999999999 0.10599999999999994 0.09
8 0.701 0.299 0.11400000000000006 0.14200000000000002
8 0.1625 0.6114999999999999 0.117 0.15899999999999997
8 0.1155 0.7865000000000001 0.053000000000000005 0.075
8 0.0605 0.9345 0.121 0.13099999999999995
8 0.257 0.9075 0.10399999999999998 0.155
8 0.423 0.9175 0.13400000000000006 0.155
8 0.31050000000000005 0.977 0.07300000000000001 0.045999999999999944
8 0.5720000000000001 0.7265 0.10799999999999997 0.155
8 0.762 0.722 0.08 0.12199999999999989
8 0.8 0.8155 0.10800000000000011 0.15900000000000006
8 0.8775 0.9415 0.09099999999999994 0.11699999999999988
8 0.9675 0.912 0.065 0.12599999999999995
8 0.9765 0.5760000000000001 0.04699999999999989 0.14200000000000002
8 0.5795 0.519 0.09099999999999994 0.14
8 0.6579999999999999 0.5185 0.08 0.13299999999999998
8 0.1315 0.345 0.06699999999999999 0.09200000000000003
8 0.988 0.203 0.024000000000000056 0.09600000000000002