8 0.02 0.19 0.04 0.1
8 0.065 0.245 0.095 0.145
8 0.065 0.375 0.095 0.15
8 0.025 0.59 0.05 0.135
8 0.07 0.555 0.08 0.14
8 0.26 0.155 0.1 0.14
8 0.25 0.045 0.135 0.09
8 0.345 0.495 0.09 0.12
8 0.465 0.61 0.085 0.15
8 0.235 0.56 0.095 0.13
8 0.275 0.665 0.085 0.125
8 0.35 0.705 0.09 0.14
8 0.015 0.92 0.03 0.1
8 0.145 0.86 0.095 0.16
8 0.335 0.9 0.085 0.135
8 0.28 0.96 0.12 0.08
8 0.26 0.92 0.06 0.08
8 0.2 0.95 0.08 0.095
8 0.715 0.91 0.08 0.125
8 0.78 0.96 0.065 0.075
8 0.855 0.955 0.085 0.085
8 0.855 0.835 0.07 0.105
8 0.815 0.705 0.07 0.12
8 0.885 0.7 0.085 0.13
8 0.93 0.55 0.11 0.105
8 0.76 0.465 0.08 0.1
8 0.63 0.51 0.085 0.12
8 0.57 0.42 0.1 0.11
8 0.56 0.305 0.085 0.12
8 0.49 0.27 0.09 0.11
8 0.5 0.19 0.105 0.11
8 0.735 0.13 0.095 0.105
8 0.63 0.06 0.09 0.105
8 0.695 0.05 0.09 0.1
8 0.785 0.345 0.13 0.115
8 0.86 0.25 0.1 0.135
8 0.98 0.26 0.04 0.06
8 0.975 0.675 0.05 0.08
8 0.975 0.86 0.05 0.08
8 0.985 0.95 0.03 0.1