8 0.022000000000000002 0.1935 0.044000000000000004 0.099
8 0.063 0.2445 0.094 0.147
8 0.0635 0.377 0.095 0.15
8 0.025 0.59 0.05 0.136
8 0.069 0.5529999999999999 0.078 0.138
8 0.258 0.157 0.102 0.138
8 0.2515 0.044500000000000005 0.133 0.08900000000000001
8 0.34299999999999997 0.4965 0.092 0.11900000000000001
8 0.46549999999999997 0.6114999999999999 0.085 0.151
8 0.235 0.5615 0.096 0.131
8 0.27399999999999997 0.664 0.086 0.124
8 0.34950000000000003 0.7070000000000001 0.08900000000000001 0.14
8 0.0165 0.9255 0.033 0.107
8 0.14550000000000002 0.862 0.095 0.158
8 0.33399999999999996 0.8995000000000001 0.086 0.135
8 0.2775 0.963 0.121 0.07400000000000001
8 0.258 0.9225 0.057999999999999996 0.079
8 0.1985 0.9515 0.081 0.09699999999999999
8 0.715 0.9115000000000001 0.078 0.127
8 0.7795000000000001 0.9615 0.067 0.077
8 0.8534999999999999 0.9570000000000001 0.085 0.086
8 0.8545 0.8365 0.071 0.105
8 0.8145 0.706 0.069 0.11800000000000001
8 0.885 0.7 0.084 0.132
8 0.9285 0.5525 0.111 0.107
8 0.7609999999999999 0.46299999999999997 0.08199999999999999 0.102
8 0.6285000000000001 0.5085000000000001 0.087 0.11900000000000001
8 0.569 0.418 0.098 0.11
8 0.5615 0.307 0.087 0.12
8 0.49 0.2705 0.09 0.109
8 0.4975 0.19149999999999998 0.10300000000000001 0.111
8 0.736 0.13 0.094 0.106
8 0.6325 0.057999999999999996 0.08900000000000001 0.106
8 0.6955 0.051500000000000004 0.091 0.10099999999999999
8 0.7835 0.344 0.129 0.11599999999999999
8 0.862 0.2515 0.1 0.135
8 0.9834999999999999 0.2645 0.033 0.067
8 0.976 0.675 0.048 0.08199999999999999
8 0.9784999999999999 0.865 0.043 0.07400000000000001
8 0.9854999999999999 0.953 0.028999999999999998 0.094