8 0.022000000000000002 0.1935 0.044000000000000004 0.09899999999999999
8 0.063 0.2445 0.094 0.14699999999999996
8 0.0635 0.377 0.095 0.15
8 0.025 0.59 0.05 0.13599999999999995
8 0.069 0.5529999999999999 0.07800000000000001 0.13799999999999998
8 0.258 0.157 0.10199999999999995 0.138
8 0.2515 0.044500000000000005 0.13299999999999998 0.08900000000000001
8 0.34299999999999997 0.4965 0.09200000000000003 0.11900000000000005
8 0.46549999999999997 0.6115 0.085 0.15100000000000002
8 0.235 0.5615 0.09600000000000002 0.13099999999999995
8 0.27399999999999997 0.664 0.08600000000000002 0.12400000000000005
8 0.34950000000000003 0.7070000000000001 0.08900000000000002 0.14
8 0.0165 0.9255 0.033 0.10699999999999989
8 0.14550000000000002 0.862 0.095 0.1580000000000001
8 0.33399999999999996 0.8995000000000001 0.08599999999999998 0.135
8 0.2775 0.963 0.12099999999999998 0.07400000000000005
8 0.258 0.9225 0.05799999999999997 0.07900000000000006
8 0.1985 0.9515 0.08100000000000002 0.09699999999999989
8 0.715 0.9115000000000001 0.07800000000000011 0.1269999999999999
8 0.7795000000000001 0.9615 0.06699999999999989 0.07699999999999989
8 0.8534999999999999 0.9570000000000001 0.085 0.08599999999999994
8 0.8545 0.8365 0.07099999999999994 0.105
8 0.8145 0.706 0.06900000000000006 0.11800000000000012
8 0.885 0.7 0.08400000000000006 0.13199999999999995
8 0.9285 0.5525 0.11099999999999995 0.10700000000000003
8 0.7609999999999999 0.46299999999999997 0.08199999999999989 0.10200000000000004
8 0.6285000000000001 0.5085000000000001 0.08700000000000002 0.11900000000000005
8 0.569 0.418 0.09799999999999998 0.11
8 0.5615 0.30700000000000005 0.08700000000000002 0.12000000000000004
8 0.49 0.2705 0.09 0.10899999999999999
8 0.4975 0.19149999999999998 0.10299999999999997 0.11100000000000002
8 0.736 0.13 0.09400000000000006 0.10600000000000001
8 0.6325 0.057999999999999996 0.08900000000000005 0.106
8 0.6955 0.051500000000000004 0.09099999999999994 0.10099999999999998
8 0.7835 0.344 0.12900000000000006 0.11599999999999998
8 0.862 0.2515 0.1 0.135
8 0.9834999999999999 0.2645 0.03300000000000011 0.06700000000000003
8 0.976 0.675 0.04800000000000011 0.08199999999999996
8 0.9784999999999999 0.865 0.043000000000000115 0.07400000000000005
8 0.9854999999999999 0.953 0.029000000000000057 0.09400000000000006