8 0.41 0.07 0.16 0.14
8 0.645 0.045 0.13 0.09
8 0.6816 0.0888 0.09740000000000001 0.11710000000000001
8 0.845 0.04 0.15 0.08
8 0.975 0.035 0.05 0.07
8 0.8368000000000001 0.1539 0.12110000000000014 0.1368
8 0.8145 0.32630000000000003 0.13159999999999997 0.1711
8 0.5961 0.18359999999999999 0.12370000000000005 0.14340000000000003
8 0.4993 0.3553 0.13290000000000007 0.16049999999999998
8 0.748 0.6328999999999999 0.125 0.16839999999999997
8 0.8809 0.9158 0.14080000000000012 0.16840000000000002
8 0.2783 0.30589999999999995 0.09870000000000001 0.15389999999999998
8 0.2059 0.3454 0.10660000000000001 0.14340000000000003
8 0.028300000000000002 0.2572 0.056600000000000004 0.10659999999999997
8 0.030299999999999997 0.3921 0.0605 0.1053
8 0.0987 0.4579 0.10529999999999998 0.11579999999999999
8 0.0908 0.5507 0.0632 0.06969999999999998
8 0.12369999999999999 0.5118 0.05530000000000001 0.06579999999999998
8 0.038200000000000005 0.49340000000000006 0.0684 0.07629999999999995
8 0.0125 0.6704000000000001 0.025 0.08550000000000005
8 0.05 0.6224000000000001 0.1 0.13679999999999992
8 0.047400000000000005 0.7757 0.0868 0.125
8 0.0184 0.8717 0.0368 0.11180000000000007
8 0.0296 0.9493 0.0592 0.10129999999999996
8 0.245 0.975 0.11 0.05