8 0.4118 0.073 0.15789999999999998 0.1461
8 0.6454000000000001 0.048 0.1303 0.09609999999999999
8 0.6816 0.0888 0.0974 0.11710000000000001
8 0.85 0.0414 0.1421 0.08289999999999999
8 0.977 0.0375 0.0461 0.075
8 0.8368000000000001 0.1539 0.1211 0.1368
8 0.8145 0.32630000000000003 0.1316 0.1711
8 0.5961 0.18359999999999999 0.12369999999999999 0.1434
8 0.4993 0.3553 0.1329 0.1605
8 0.748 0.6329 0.125 0.1684
8 0.8809 0.9158 0.1408 0.1684
8 0.2783 0.3059 0.0987 0.1539
8 0.2059 0.3454 0.1066 0.1434
8 0.028300000000000002 0.2572 0.056600000000000004 0.1066
8 0.030299999999999997 0.3921 0.0605 0.10529999999999999
8 0.0987 0.4579 0.10529999999999999 0.1158
8 0.0908 0.5507 0.0632 0.0697
8 0.12369999999999999 0.5118 0.0553 0.0658
8 0.0382 0.49340000000000006 0.0684 0.07629999999999999
8 0.0125 0.6704000000000001 0.025 0.0855
8 0.05 0.6224000000000001 0.1 0.1368
8 0.047400000000000005 0.7757 0.0868 0.125
8 0.0184 0.8717 0.0368 0.1118
8 0.0296 0.9493 0.0592 0.1013
8 0.25 0.9756999999999999 0.1026 0.0487