8 0.41 0.07 0.16 0.14
8 0.645 0.045 0.13 0.09
8 0.68 0.09 0.095 0.115
8 0.845 0.04 0.15 0.08
8 0.975 0.035 0.05 0.07
8 0.835 0.155 0.12 0.135
8 0.815 0.325 0.13 0.17
8 0.595 0.185 0.125 0.145
8 0.5 0.355 0.135 0.16
8 0.75 0.635 0.125 0.17
8 0.88 0.915 0.14 0.17
8 0.28 0.305 0.1 0.155
8 0.205 0.345 0.105 0.145
8 0.03 0.255 0.055 0.105
8 0.03 0.39 0.06 0.105
8 0.1 0.46 0.105 0.115
8 0.09 0.55 0.065 0.07
8 0.125 0.51 0.055 0.065
8 0.04 0.495 0.07 0.075
8 0.01 0.665 0.02 0.09
8 0.05 0.62 0.1 0.135
8 0.045 0.775 0.085 0.125
8 0.02 0.87 0.035 0.11
8 0.03 0.95 0.06 0.1
8 0.245 0.975 0.11 0.05