8 0.145 0.23 0.115 0.165
8 0.31 0.235 0.11 0.165
8 0.265 0.3 0.105 0.15
8 0.145 0.495 0.11 0.16
8 0.07 0.52 0.075 0.1
8 0.195 0.75 0.105 0.155
8 0.29 0.04 0.12 0.08
8 0.5 0.17 0.09 0.115
8 0.49 0.305 0.105 0.155
8 0.64 0.455 0.115 0.15
8 0.665 0.35 0.085 0.095
8 0.705 0.205 0.07 0.095
8 0.74 0.23 0.065 0.095
8 0.7 0.045 0.105 0.085
8 0.83 0.085 0.115 0.14
8 0.845 0.015 0.09 0.03
8 0.865 0.335 0.09 0.13
8 0.905 0.405 0.1 0.135
8 0.955 0.46 0.09 0.12
8 0.76 0.415 0.1 0.12
8 0.85 0.465 0.07 0.09
8 0.915 0.57 0.095 0.095
8 0.93 0.53 0.06 0.075
8 0.915 0.65 0.065 0.09
8 0.965 0.66 0.07 0.14
8 0.805 0.68 0.055 0.11
8 0.835 0.62 0.06 0.08
8 0.745 0.68 0.075 0.115
8 0.675 0.825 0.095 0.155
8 0.71 0.735 0.055 0.055
8 0.425 0.695 0.1 0.125
8 0.465 0.76 0.085 0.13
8 0.41 0.845 0.09 0.135
8 0.66 0.92 0.09 0.115
8 0.85 0.84 0.065 0.115
8 0.89 0.895 0.095 0.14
8 0.95 0.945 0.1 0.11
8 0.29 0.97 0.1 0.06
8 0.205 0.955 0.07 0.09
8 0.035 0.97 0.07 0.055