8 0.1454 0.2303 0.11710000000000001 0.1632
8 0.3099 0.2368 0.1118 0.1632
8 0.2658 0.3013 0.1026 0.15
8 0.1467 0.4961 0.1092 0.1605
8 0.0711 0.5217 0.07629999999999999 0.1013
8 0.1974 0.752 0.10529999999999999 0.1566
8 0.2882 0.0421 0.1184 0.0842
8 0.5013000000000001 0.1684 0.09210000000000002 0.11320000000000001
8 0.4901 0.30260000000000004 0.1066 0.15259999999999999
8 0.6375 0.4539 0.11710000000000001 0.15
8 0.6664 0.35 0.0855 0.0974
8 0.7026 0.2039 0.0684 0.0947
8 0.7382 0.22829999999999998 0.0632 0.0934
8 0.6987000000000001 0.0434 0.1026 0.0868
8 0.8321999999999999 0.0862 0.11449999999999999 0.1408
8 0.852 0.0171 0.0855 0.0342
8 0.8671 0.33490000000000003 0.09210000000000002 0.1303
8 0.9066 0.4072 0.1 0.1355
8 0.9579000000000001 0.4645 0.0842 0.1263
8 0.7618 0.4164 0.1 0.1197
8 0.8487 0.4658 0.0684 0.09210000000000002
8 0.9158 0.5724 0.0947 0.0947
8 0.9276000000000001 0.5289 0.0579 0.0737
8 0.9158 0.648 0.0658 0.0882
8 0.9638 0.6592 0.0724 0.1421
8 0.8026000000000001 0.6803 0.0553 0.1105
8 0.8336 0.6211 0.061799999999999994 0.0816
8 0.7454000000000001 0.6809000000000001 0.075 0.11710000000000001
8 0.6743000000000001 0.825 0.0934 0.1553
8 0.7092 0.7354999999999999 0.0526 0.0553
8 0.423 0.6947 0.1013 0.12369999999999999
8 0.4671 0.7612000000000001 0.0842 0.1276
8 0.4125 0.8434 0.0908 0.1368
8 0.6592 0.9217 0.0895 0.11710000000000001
8 0.8487 0.8388 0.0658 0.11710000000000001
8 0.8881999999999999 0.8934000000000001 0.0947 0.1421
8 0.95 0.9447 0.1 0.1105
8 0.2928 0.973 0.1013 0.053899999999999997
8 0.20920000000000002 0.9579000000000001 0.0711 0.0842
8 0.0362 0.9717 0.0724 0.056600000000000004