8 0.1454 0.2303 0.11710000000000001 0.1632
8 0.3099 0.2368 0.1118 0.1632
8 0.2658 0.30129999999999996 0.10259999999999998 0.14999999999999997
8 0.1467 0.4961 0.10919999999999998 0.16049999999999998
8 0.0711 0.5217 0.0763 0.10129999999999996
8 0.1974 0.752 0.1053 0.15659999999999996
8 0.2882 0.0421 0.11840000000000003 0.0842
8 0.5013000000000001 0.1684 0.09209999999999993 0.11320000000000001
8 0.4901 0.30260000000000004 0.10659999999999997 0.15259999999999999
8 0.6375 0.4539 0.11710000000000008 0.15
8 0.6664 0.35 0.08550000000000005 0.09739999999999999
8 0.7026 0.2039 0.06840000000000003 0.09469999999999999
8 0.7382 0.22829999999999998 0.06319999999999994 0.09340000000000004
8 0.6987000000000001 0.0434 0.10259999999999991 0.0868
8 0.8321999999999999 0.0862 0.11449999999999988 0.1408
8 0.852 0.0171 0.08550000000000012 0.0342
8 0.8671 0.33490000000000003 0.09210000000000008 0.1303
8 0.9066 0.4072 0.1 0.13549999999999998
8 0.9579000000000001 0.4645 0.08419999999999987 0.12629999999999997
8 0.7618 0.4164 0.1 0.11969999999999999
8 0.8487 0.4658 0.06840000000000003 0.09210000000000008
8 0.9158 0.5724 0.09469999999999999 0.09469999999999999
8 0.9276000000000001 0.5289 0.057899999999999924 0.07370000000000004
8 0.9158 0.648 0.06580000000000012 0.08819999999999993
8 0.9638 0.6592 0.07240000000000009 0.1421000000000001
8 0.8026000000000001 0.6803 0.05530000000000001 0.11050000000000004
8 0.8336 0.6211 0.06180000000000007 0.08159999999999996
8 0.7454000000000001 0.6809000000000001 0.075 0.11710000000000008
8 0.6743000000000001 0.825 0.09340000000000004 0.15530000000000002
8 0.7092 0.7354999999999999 0.05259999999999991 0.05530000000000001
8 0.423 0.6947 0.10129999999999996 0.12370000000000005
8 0.4671 0.7612000000000001 0.08420000000000001 0.1275999999999999
8 0.4125 0.8434 0.09079999999999998 0.13680000000000006
8 0.6592 0.9217 0.08949999999999995 0.11710000000000008
8 0.8487 0.8388 0.06580000000000012 0.11710000000000008
8 0.8881999999999999 0.8934000000000001 0.09469999999999999 0.1421000000000001
8 0.95 0.9447 0.1 0.11050000000000011
8 0.2928 0.973 0.10129999999999999 0.053899999999999865
8 0.20920000000000002 0.9579000000000001 0.0711 0.08419999999999987
8 0.0362 0.9717 0.0724 0.05659999999999996