8 0.254 0.0625 0.11399999999999999 0.125
8 0.0355 0.4335 0.071 0.10900000000000006
8 0.214 0.3565 0.14 0.17299999999999996
8 0.2515 0.5005 0.08700000000000002 0.11299999999999998
8 0.2955 0.6235 0.09100000000000001 0.131
8 0.52 0.6154999999999999 0.05799999999999997 0.095
8 0.519 0.3455 0.12599999999999995 0.14700000000000002
8 0.509 0.4385 0.09400000000000006 0.10700000000000003
8 0.389 0.5825 0.1 0.13099999999999995
8 0.4035 0.6975 0.08900000000000005 0.10900000000000006
8 0.53 0.7775 0.06200000000000003 0.09900000000000006
8 0.6709999999999999 0.7879999999999999 0.07199999999999995 0.14199999999999988
8 0.76 0.7925 0.11199999999999989 0.15099999999999994
8 0.5975 0.6845 0.06099999999999994 0.06300000000000011
8 0.591 0.759 0.06599999999999995 0.07
8 0.5925 0.8265 0.06299999999999997 0.06099999999999994
8 0.255 0.8575 0.03200000000000003 0.043000000000000115
8 0.1855 0.917 0.038999999999999986 0.05
8 0.126 0.7215 0.06199999999999999 0.08099999999999995
8 0.0825 0.6585 0.04100000000000001 0.055
8 0.0225 0.664 0.045 0.13800000000000004
8 0.0455 0.813 0.091 0.14
8 0.016 0.9590000000000001 0.032 0.08199999999999989
8 0.4965 0.961 0.07099999999999994 0.07800000000000011
8 0.8005 0.9845 0.09300000000000011 0.030999999999999944
8 0.3705 0.9575 0.105 0.085
8 0.1085 0.9179999999999999 0.095 0.07599999999999994
8 0.111 0.86 0.06599999999999999 0.06199999999999989
8 0.131 0.9725 0.12400000000000003 0.055