8 0.254 0.0625 0.114 0.125
8 0.0355 0.4335 0.071 0.109
8 0.214 0.3565 0.14 0.17300000000000001
8 0.2515 0.5005 0.087 0.113
8 0.2955 0.6235 0.091 0.131
8 0.52 0.6154999999999999 0.057999999999999996 0.095
8 0.519 0.3455 0.126 0.147
8 0.509 0.4385 0.094 0.107
8 0.389 0.5825 0.1 0.131
8 0.4035 0.6975 0.08900000000000001 0.109
8 0.53 0.7775 0.062 0.099
8 0.6709999999999999 0.7879999999999999 0.07200000000000001 0.142
8 0.76 0.7925 0.11199999999999999 0.151
8 0.5975 0.6845 0.061 0.063
8 0.591 0.759 0.066 0.07
8 0.5925 0.8265 0.063 0.061
8 0.255 0.8575 0.032 0.043
8 0.1855 0.917 0.039 0.05
8 0.126 0.7215 0.062 0.081
8 0.0825 0.6585 0.040999999999999995 0.055
8 0.0225 0.664 0.045 0.138
8 0.0455 0.813 0.091 0.14
8 0.016 0.9590000000000001 0.032 0.08199999999999999
8 0.4965 0.961 0.071 0.078
8 0.8005 0.9845 0.09300000000000001 0.031
8 0.3705 0.9575 0.105 0.085
8 0.1085 0.9179999999999999 0.095 0.076
8 0.111 0.86 0.066 0.062
8 0.131 0.9725 0.124 0.055