8 0.25 0.06 0.12 0.12
8 0.035 0.435 0.07 0.11
8 0.215 0.355 0.14 0.175
8 0.25 0.5 0.085 0.115
8 0.295 0.625 0.09 0.13
8 0.52 0.615 0.06 0.095
8 0.52 0.345 0.125 0.145
8 0.51 0.44 0.095 0.105
8 0.39 0.58 0.1 0.13
8 0.405 0.7 0.09 0.11
8 0.53 0.78 0.06 0.1
8 0.67 0.79 0.07 0.14
8 0.76 0.79 0.11 0.15
8 0.6 0.685 0.06 0.065
8 0.59 0.76 0.065 0.07
8 0.59 0.825 0.065 0.06
8 0.255 0.86 0.03 0.045
8 0.185 0.915 0.04 0.05
8 0.125 0.72 0.06 0.08
8 0.08 0.66 0.04 0.055
8 0.02 0.66 0.04 0.14
8 0.045 0.815 0.09 0.14
8 0.015 0.96 0.03 0.08
8 0.495 0.96 0.07 0.08
8 0.8 0.985 0.095 0.03
8 0.365 0.955 0.11 0.09
8 0.11 0.92 0.095 0.075
8 0.11 0.86 0.065 0.06
8 0.13 0.97 0.125 0.055