8 0.4671 0.45130000000000003 0.14209999999999995 0.18420000000000003
8 0.2375 0.7045999999999999 0.1566 0.18819999999999992
8 0.5112 0.8848999999999999 0.09079999999999998 0.15390000000000015
8 0.925 0.8053 0.1421000000000001 0.18159999999999996
8 0.9809 0.6065999999999999 0.03819999999999993 0.12889999999999993
8 0.7987000000000001 0.4868 0.11050000000000011 0.14209999999999995
8 0.6236999999999999 0.1072 0.13950000000000004 0.1724
8 0.3868 0.0434 0.12890000000000001 0.0868
8 0.35 0.09870000000000001 0.12890000000000001 0.1368
8 0.1697 0.0421 0.11840000000000002 0.0842
8 0.1125 0.0908 0.125 0.14739999999999998
8 0.97 0.04 0.06 0.08