8 0.4671 0.45130000000000003 0.1421 0.18420000000000003
8 0.2375 0.7045999999999999 0.1566 0.1882
8 0.5112 0.8848999999999999 0.0908 0.1539
8 0.925 0.8053 0.1421 0.1816
8 0.9809 0.6065999999999999 0.0382 0.12890000000000001
8 0.7987000000000001 0.4868 0.1105 0.1421
8 0.6236999999999999 0.1072 0.13949999999999999 0.1724
8 0.3868 0.0434 0.12890000000000001 0.0868
8 0.35 0.0987 0.12890000000000001 0.1368
8 0.1697 0.0421 0.1184 0.0842
8 0.1125 0.0908 0.125 0.1474
8 0.9723999999999999 0.042800000000000005 0.0553 0.0855