8 0.03149999999999999 0.609 0.061 0.13200000000000003
8 0.051 0.049 0.102 0.098
8 0.46549999999999997 0.058499999999999996 0.08700000000000002 0.11699999999999999
8 0.306 0.0475 0.11 0.095
8 0.33299999999999996 0.1435 0.14400000000000002 0.139
8 0.32799999999999996 0.539 0.10799999999999997 0.17200000000000004
8 0.44 0.8375 0.08 0.10900000000000006
8 0.812 0.61 0.06800000000000012 0.09800000000000005
8 0.8595 0.20350000000000001 0.08099999999999995 0.143
8 0.8565 0.365 0.075 0.11799999999999997
8 0.9575 0.3555 0.085 0.125
8 0.9795 0.198 0.040999999999999946 0.07799999999999999
8 0.9570000000000001 0.0165 0.08599999999999994 0.033
8 0.5925 0.239 0.037000000000000026 0.07399999999999998
8 0.6295000000000001 0.2555 0.055 0.09100000000000001
8 0.6355 0.3275 0.06300000000000004 0.06299999999999997
8 0.721 0.3925 0.10800000000000011 0.17700000000000002
8 0.595 0.6755 0.09400000000000006 0.15099999999999994
8 0.6645 0.6645 0.05900000000000006 0.08099999999999995
8 0.242 0.7655 0.11600000000000002 0.11099999999999995
8 0.257 0.89 0.13399999999999998 0.15
8 0.7045 0.83 0.053000000000000116 0.09
8 0.728 0.8905 0.04800000000000011 0.08699999999999988
8 0.9525 0.6675 0.095 0.14900000000000005
8 0.82 0.804 0.09199999999999989 0.1880000000000001
8 0.9684999999999999 0.961 0.05900000000000006 0.07800000000000011