8 0.0315 0.609 0.061 0.132
8 0.051 0.049 0.102 0.098
8 0.46549999999999997 0.058499999999999996 0.087 0.11699999999999999
8 0.306 0.0475 0.11 0.095
8 0.33299999999999996 0.1435 0.14400000000000002 0.139
8 0.32799999999999996 0.539 0.10800000000000001 0.172
8 0.44 0.8375 0.08 0.109
8 0.812 0.61 0.068 0.098
8 0.8595 0.20350000000000001 0.081 0.14300000000000002
8 0.8565 0.365 0.075 0.11800000000000001
8 0.9575 0.3555 0.085 0.125
8 0.9795 0.198 0.040999999999999995 0.078
8 0.9570000000000001 0.0165 0.086 0.033
8 0.5925 0.239 0.037000000000000005 0.07400000000000001
8 0.6295000000000001 0.2555 0.055 0.091
8 0.6355 0.3275 0.063 0.063
8 0.721 0.3925 0.10800000000000001 0.177
8 0.595 0.6755 0.094 0.151
8 0.6645 0.6645 0.059000000000000004 0.081
8 0.242 0.7655 0.11599999999999999 0.111
8 0.257 0.89 0.134 0.15
8 0.7045 0.83 0.053 0.09
8 0.728 0.8905 0.048 0.087
8 0.9525 0.6675 0.095 0.149
8 0.82 0.804 0.092 0.188
8 0.9684999999999999 0.961 0.059000000000000004 0.078