8 0.03 0.61 0.06 0.13
8 0.05 0.05 0.1 0.1
8 0.465 0.06 0.085 0.115
8 0.305 0.05 0.11 0.095
8 0.335 0.145 0.145 0.14
8 0.33 0.54 0.11 0.17
8 0.44 0.84 0.08 0.11
8 0.81 0.61 0.07 0.1
8 0.86 0.205 0.08 0.145
8 0.855 0.365 0.075 0.12
8 0.955 0.35 0.09 0.12
8 0.98 0.2 0.04 0.08
8 0.95 0.015 0.08 0.03
8 0.59 0.24 0.035 0.075
8 0.63 0.255 0.055 0.09
8 0.635 0.33 0.065 0.065
8 0.72 0.39 0.11 0.175
8 0.595 0.675 0.095 0.15
8 0.665 0.665 0.06 0.08
8 0.24 0.765 0.115 0.11
8 0.255 0.89 0.135 0.15
8 0.705 0.83 0.055 0.09
8 0.73 0.89 0.05 0.085
8 0.95 0.67 0.095 0.15
8 0.82 0.805 0.09 0.19
8 0.97 0.96 0.06 0.08