7 0.7020000000000001 0.3664 0.08289999999999999 0.11449999999999999
7 0.7132 0.5092 0.0789 0.1105
7 0.7848999999999999 0.5454 0.1039 0.1092
7 0.8395 0.7071999999999999 0.0658 0.0855
7 0.8724 0.6487 0.0684 0.0895
7 0.9467 0.6395000000000001 0.0776 0.11320000000000001
7 0.8961 0.7434000000000001 0.0658 0.09210000000000002
7 0.9237000000000001 0.8368000000000001 0.0605 0.0737
7 0.8599 0.8691 0.0776 0.075
7 0.8711 0.8316 0.0737 0.0684
7 0.7961 0.8283 0.0842 0.1013
7 0.7585999999999999 0.7138 0.06709999999999999 0.1197
7 0.9815999999999999 0.8033 0.0368 0.0882
7 0.5934 0.6796 0.0658 0.08289999999999999
7 0.6079 0.6362 0.0658 0.08289999999999999
7 0.6118 0.7559 0.0605 0.08289999999999999
7 0.6355 0.6901 0.0553 0.0908
7 0.4947 0.7816 0.0789 0.1105
7 0.5579 0.8170999999999999 0.0553 0.0789
7 0.5895 0.8421 0.0658 0.0868
7 0.5638000000000001 0.977 0.0724 0.0461
7 0.6724 0.9638 0.0658 0.0724
7 0.7559 0.9743 0.061799999999999994 0.0513