7 0.7 0.365 0.085 0.115
7 0.715 0.51 0.08 0.11
7 0.785 0.545 0.105 0.11
7 0.84 0.705 0.065 0.085
7 0.87 0.65 0.07 0.09
7 0.945 0.64 0.08 0.115
7 0.895 0.745 0.065 0.09
7 0.925 0.835 0.06 0.075
7 0.86 0.87 0.08 0.075
7 0.87 0.83 0.075 0.07
7 0.795 0.83 0.085 0.1
7 0.76 0.715 0.065 0.12
7 0.98 0.805 0.035 0.09
7 0.595 0.68 0.065 0.085
7 0.61 0.635 0.065 0.085
7 0.61 0.755 0.06 0.085
7 0.635 0.69 0.055 0.09
7 0.495 0.78 0.08 0.11
7 0.56 0.815 0.055 0.08
7 0.59 0.84 0.065 0.085
7 0.56 0.975 0.08 0.05
7 0.67 0.965 0.065 0.07
7 0.755 0.975 0.06 0.05