7 0.7020000000000001 0.3664 0.08289999999999992 0.11450000000000003
7 0.7132 0.5092 0.07889999999999986 0.11049999999999997
7 0.7848999999999999 0.5454 0.10390000000000015 0.10920000000000002
7 0.8395 0.7071999999999999 0.06580000000000012 0.08550000000000012
7 0.8724 0.6487 0.06840000000000003 0.08949999999999995
7 0.9467 0.6395000000000001 0.0775999999999999 0.11319999999999993
7 0.8961 0.7434000000000001 0.06580000000000012 0.09210000000000008
7 0.9237000000000001 0.8368000000000001 0.060500000000000116 0.07370000000000004
7 0.8599 0.8691 0.0775999999999999 0.075
7 0.8711 0.8316 0.07370000000000004 0.06840000000000003
7 0.7961 0.8283 0.08419999999999987 0.10129999999999996
7 0.7585999999999999 0.7138 0.06710000000000008 0.11969999999999999
7 0.9815999999999999 0.8033 0.03680000000000007 0.08819999999999993
7 0.5934 0.6796 0.06579999999999998 0.08289999999999992
7 0.6079 0.6362 0.06579999999999998 0.08290000000000006
7 0.6118 0.7559 0.06049999999999997 0.08289999999999992
7 0.6355 0.6901 0.05530000000000001 0.09080000000000013
7 0.4947 0.7816 0.07890000000000001 0.11050000000000011
7 0.5579 0.8170999999999999 0.05530000000000001 0.07889999999999986
7 0.5895 0.8421 0.06579999999999998 0.08680000000000007
7 0.56 0.975 0.08 0.05
7 0.6724 0.9638 0.06580000000000005 0.07240000000000009
7 0.7559 0.9743 0.06180000000000007 0.05129999999999996