7 0.048499999999999995 0.441 0.079 0.106
7 0.287 0.4425 0.07200000000000001 0.09699999999999999
7 0.6755 0.508 0.091 0.12
7 0.1315 0.5579999999999999 0.069 0.094
7 0.14150000000000001 0.6679999999999999 0.081 0.098
7 0.026000000000000002 0.8215 0.052000000000000005 0.11699999999999999
7 0.0935 0.889 0.083 0.09
7 0.1065 0.973 0.071 0.054000000000000006
7 0.29350000000000004 0.8955 0.083 0.087
7 0.4485 0.7609999999999999 0.043 0.062
7 0.6175 0.6785 0.083 0.127
7 0.5165 0.633 0.059000000000000004 0.07400000000000001
7 0.42 0.8440000000000001 0.09 0.10800000000000001
7 0.4775 0.9259999999999999 0.075 0.084
7 0.627 0.9884999999999999 0.076 0.023
7 0.8465 0.9740000000000001 0.063 0.052000000000000005
7 0.9209999999999999 0.9109999999999999 0.066 0.106
7 0.976 0.7995 0.048 0.09300000000000001
7 0.8465 0.794 0.081 0.1
7 0.7895 0.8654999999999999 0.081 0.099
7 0.7545000000000001 0.9434999999999999 0.063 0.10099999999999999
7 0.36700000000000005 0.9784999999999999 0.057999999999999996 0.043
7 0.4035 0.9645 0.055 0.071
7 0.457 0.9834999999999999 0.064 0.033