7 0.048499999999999995 0.441 0.07900000000000001 0.10599999999999994
7 0.287 0.4425 0.072 0.09700000000000003
7 0.6755 0.508 0.09099999999999994 0.12
7 0.1315 0.5579999999999999 0.06900000000000002 0.09400000000000006
7 0.14150000000000001 0.6679999999999999 0.08099999999999997 0.09800000000000005
7 0.026000000000000002 0.8215 0.052000000000000005 0.11699999999999988
7 0.0935 0.889 0.083 0.09
7 0.1065 0.973 0.071 0.054000000000000055
7 0.29350000000000004 0.8955 0.08299999999999998 0.08699999999999988
7 0.4485 0.7609999999999999 0.04299999999999997 0.06199999999999989
7 0.6175 0.6785 0.08300000000000005 0.12699999999999995
7 0.5165 0.633 0.05900000000000006 0.07400000000000005
7 0.42 0.8440000000000001 0.09 0.10800000000000011
7 0.4775 0.9259999999999999 0.075 0.08400000000000006
7 0.627 0.9884999999999999 0.07599999999999994 0.023000000000000114
7 0.8465 0.9740000000000001 0.06300000000000011 0.05199999999999989
7 0.9209999999999999 0.9109999999999999 0.06599999999999995 0.10599999999999994
7 0.976 0.7995 0.04800000000000011 0.09300000000000011
7 0.8465 0.794 0.08099999999999995 0.1
7 0.7895 0.8654999999999999 0.08099999999999995 0.09900000000000006
7 0.7545000000000001 0.9434999999999999 0.06300000000000011 0.10099999999999994
7 0.36700000000000005 0.9784999999999999 0.05799999999999997 0.043000000000000115
7 0.4035 0.9645 0.055 0.07099999999999994
7 0.457 0.9834999999999999 0.06400000000000006 0.03300000000000011