7 0.05 0.44 0.08 0.105
7 0.285 0.44 0.07 0.095
7 0.675 0.51 0.09 0.12
7 0.13 0.56 0.07 0.095
7 0.14 0.67 0.08 0.1
7 0.025 0.82 0.05 0.115
7 0.095 0.89 0.085 0.09
7 0.105 0.97 0.07 0.06
7 0.295 0.895 0.085 0.085
7 0.45 0.76 0.045 0.06
7 0.62 0.68 0.085 0.125
7 0.515 0.635 0.06 0.075
7 0.42 0.845 0.09 0.11
7 0.48 0.925 0.075 0.085
7 0.62 0.985 0.08 0.03
7 0.845 0.975 0.065 0.05
7 0.92 0.91 0.065 0.105
7 0.975 0.8 0.05 0.095
7 0.845 0.795 0.08 0.1
7 0.79 0.865 0.08 0.1
7 0.755 0.945 0.065 0.1
7 0.36 0.975 0.06 0.05
7 0.405 0.965 0.055 0.07
7 0.45 0.98 0.06 0.04