7 0.1 0.025 0.06 0.045
7 0.215 0.065 0.07 0.085
7 0.26 0.095 0.075 0.075
7 0.365 0.035 0.07 0.07
7 0.445 0.02 0.085 0.04
7 0.44 0.24 0.065 0.08
7 0.05 0.245 0.05 0.105
7 0.15 0.26 0.08 0.105
7 0.255 0.265 0.065 0.065
7 0.285 0.335 0.08 0.09
7 0.24 0.375 0.065 0.08
7 0.33 0.385 0.05 0.08
7 0.4 0.4 0.075 0.075
7 0.425 0.36 0.055 0.075
7 0.645 0.13 0.05 0.075
7 0.625 0.04 0.07 0.08
7 0.66 0.21 0.065 0.08
7 0.76 0.17 0.07 0.1
7 0.82 0.115 0.075 0.11
7 0.85 0.03 0.08 0.055
7 0.685 0.275 0.055 0.07
7 0.685 0.345 0.06 0.08
7 0.72 0.345 0.075 0.095
7 0.775 0.36 0.06 0.08
7 0.8 0.31 0.08 0.07
7 0.8 0.395 0.06 0.085
7 0.91 0.27 0.07 0.105
7 0.97 0.19 0.06 0.1
7 0.98 0.27 0.04 0.085
7 0.93 0.35 0.075 0.085
7 0.915 0.42 0.04 0.07
7 0.94 0.515 0.08 0.115
7 0.98 0.495 0.04 0.115
7 0.855 0.455 0.075 0.075
7 0.81 0.545 0.065 0.105
7 0.87 0.53 0.055 0.12
7 0.87 0.61 0.075 0.065
7 0.865 0.67 0.095 0.065
7 0.945 0.67 0.055 0.095
7 0.76 0.47 0.06 0.085
7 0.705 0.435 0.07 0.085
7 0.655 0.465 0.055 0.085
7 0.69 0.51 0.08 0.085
7 0.605 0.47 0.075 0.08
7 0.565 0.515 0.065 0.075
7 0.525 0.455 0.08 0.09
7 0.47 0.445 0.065 0.1
7 0.41 0.54 0.045 0.055
7 0.165 0.415 0.065 0.08
7 0.09 0.46 0.055 0.075
7 0.025 0.46 0.05 0.065
7 0.015 0.525 0.03 0.07
7 0.17 0.495 0.06 0.09
7 0.23 0.475 0.07 0.095
7 0.15 0.55 0.065 0.08
7 0.11 0.535 0.07 0.085
7 0.065 0.53 0.07 0.085
7 0.02 0.615 0.04 0.09
7 0.275 0.575 0.055 0.07
7 0.27 0.675 0.05 0.06
7 0.27 0.625 0.05 0.055
7 0.285 0.7 0.05 0.065
7 0.445 0.61 0.06 0.07
7 0.385 0.64 0.05 0.065
7 0.36 0.715 0.07 0.07
7 0.47 0.69 0.04 0.09
7 0.475 0.55 0.045 0.07
7 0.51 0.56 0.045 0.08
7 0.55 0.6 0.065 0.115
7 0.6 0.61 0.05 0.09
7 0.705 0.615 0.04 0.055
7 0.755 0.64 0.06 0.065
7 0.7 0.68 0.065 0.07
7 0.75 0.705 0.055 0.07
7 0.73 0.76 0.055 0.075
7 0.76 0.865 0.06 0.075
7 0.78 0.825 0.05 0.045
7 0.8 0.785 0.045 0.055
7 0.65 0.69 0.04 0.075
7 0.095 0.67 0.05 0.06
7 0.035 0.7 0.05 0.065
7 0.09 0.73 0.07 0.075
7 0.205 0.72 0.04 0.06
7 0.205 0.78 0.07 0.065
7 0.235 0.83 0.055 0.105
7 0.21 0.96 0.09 0.075
7 0.215 0.905 0.05 0.045
7 0.02 0.84 0.04 0.095
7 0.025 0.93 0.05 0.06
7 0.015 0.98 0.03 0.04
7 0.06 0.865 0.05 0.06
7 0.085 0.91 0.055 0.075
7 0.13 0.86 0.065 0.06
7 0.145 0.915 0.035 0.07
7 0.08 0.97 0.06 0.06
7 0.3 0.85 0.065 0.085
7 0.365 0.865 0.065 0.07
7 0.345 0.825 0.055 0.065
7 0.395 0.815 0.065 0.075
7 0.43 0.775 0.06 0.08
7 0.43 0.88 0.07 0.085
7 0.32 0.93 0.045 0.045
7 0.37 0.91 0.075 0.05
7 0.395 0.955 0.06 0.055
7 0.355 0.98 0.095 0.04
7 0.445 0.975 0.085 0.05
7 0.53 0.97 0.09 0.06
7 0.56 0.935 0.04 0.055
7 0.51 0.88 0.045 0.07
7 0.495 0.82 0.045 0.065
7 0.525 0.765 0.07 0.065
7 0.66 0.77 0.055 0.055
7 0.68 0.86 0.085 0.06
7 0.705 0.895 0.06 0.065
7 0.95 0.92 0.08 0.095
7 0.98 0.8 0.04 0.085
7 0.88 0.825 0.055 0.11
7 0.84 0.835 0.065 0.085
7 0.815 0.955 0.11 0.075
7 0.83 0.895 0.07 0.06
7 0.735 0.98 0.05 0.04
7 0.64 0.965 0.095 0.07
7 0.61 0.765 0.07 0.095
7 0.57 0.835 0.11 0.085