7 0.1005 0.023 0.061 0.046
7 0.2155 0.0645 0.071 0.083
7 0.2615 0.0935 0.075 0.077
7 0.3675 0.0365 0.067 0.073
7 0.44299999999999995 0.02 0.084 0.04
7 0.44049999999999995 0.24100000000000002 0.065 0.08
7 0.0525 0.2465 0.051 0.105
7 0.152 0.2625 0.078 0.105
7 0.2545 0.266 0.065 0.066
7 0.284 0.3335 0.078 0.091
7 0.2415 0.37450000000000006 0.063 0.079
7 0.331 0.3845 0.052000000000000005 0.079
7 0.40049999999999997 0.402 0.075 0.07400000000000001
7 0.4265 0.3625 0.053 0.075
7 0.6445000000000001 0.1315 0.051 0.077
7 0.6305 0.0425 0.069 0.085
7 0.6575 0.2095 0.063 0.081
7 0.76 0.16949999999999998 0.07200000000000001 0.10099999999999999
7 0.8195 0.11699999999999999 0.075 0.10800000000000001
7 0.8490000000000001 0.0275 0.078 0.055
7 0.687 0.275 0.055999999999999994 0.068
7 0.6845 0.34700000000000003 0.061 0.078
7 0.7204999999999999 0.34700000000000003 0.073 0.096
7 0.773 0.35850000000000004 0.062 0.079
7 0.8025 0.309 0.081 0.068
7 0.7985 0.39399999999999996 0.061 0.086
7 0.9109999999999999 0.27149999999999996 0.07 0.105
7 0.9704999999999999 0.1875 0.059000000000000004 0.099
7 0.9790000000000001 0.2695 0.042 0.085
7 0.932 0.3515 0.076 0.087
7 0.9159999999999999 0.4175 0.038 0.069
7 0.9420000000000001 0.513 0.08199999999999999 0.11599999999999999
7 0.9795 0.4935 0.040999999999999995 0.115
7 0.8554999999999999 0.4545 0.075 0.077
7 0.8115000000000001 0.5429999999999999 0.067 0.10400000000000001
7 0.8704999999999999 0.531 0.055 0.11800000000000001
7 0.8725 0.6075 0.073 0.063
7 0.8645 0.6695 0.09300000000000001 0.065
7 0.9440000000000001 0.6695 0.055999999999999994 0.095
7 0.76 0.4685 0.062 0.083
7 0.7065 0.4335 0.071 0.087
7 0.6555 0.4635 0.057 0.087
7 0.688 0.5105 0.078 0.085
7 0.605 0.4725 0.07400000000000001 0.079
7 0.563 0.513 0.066 0.07400000000000001
7 0.525 0.45299999999999996 0.078 0.092
7 0.47 0.445 0.066 0.1
7 0.4105 0.5425 0.045 0.053
7 0.1635 0.41450000000000004 0.063 0.079
7 0.0925 0.4595 0.055 0.075
7 0.0245 0.45799999999999996 0.049 0.064
7 0.017 0.5325 0.034 0.065
7 0.171 0.49450000000000005 0.06 0.091
7 0.2275 0.4765 0.069 0.09300000000000001
7 0.151 0.552 0.064 0.078
7 0.111 0.5335 0.07 0.087
7 0.065 0.5315 0.07 0.087
7 0.022000000000000002 0.613 0.044000000000000004 0.09
7 0.2755 0.5745 0.057 0.069
7 0.27 0.6755 0.052000000000000005 0.059000000000000004
7 0.27 0.624 0.05 0.054000000000000006
7 0.28600000000000003 0.701 0.05 0.064
7 0.4445 0.6075 0.061 0.071
7 0.3845 0.6385000000000001 0.049 0.065
7 0.35950000000000004 0.7170000000000001 0.069 0.07200000000000001
7 0.4715 0.6925 0.040999999999999995 0.08900000000000001
7 0.4765 0.552 0.047 0.068
7 0.511 0.5579999999999999 0.046 0.08199999999999999
7 0.55 0.5995 0.064 0.113
7 0.6015 0.609 0.049 0.08800000000000001
7 0.706 0.6164999999999999 0.042 0.055
7 0.7545000000000001 0.6405 0.061 0.063
7 0.7020000000000001 0.6815000000000001 0.064 0.069
7 0.752 0.703 0.055999999999999994 0.07
7 0.7304999999999999 0.7605 0.055 0.073
7 0.7595000000000001 0.8634999999999999 0.061 0.077
7 0.7785 0.8234999999999999 0.049 0.045
7 0.7979999999999999 0.7829999999999999 0.044000000000000004 0.055999999999999994
7 0.65 0.6920000000000001 0.042 0.076
7 0.094 0.6679999999999999 0.048 0.062
7 0.036000000000000004 0.6984999999999999 0.048 0.067
7 0.08800000000000001 0.7295 0.07 0.073
7 0.207 0.7215 0.042 0.059000000000000004
7 0.204 0.7795000000000001 0.068 0.063
7 0.2365 0.8305 0.055 0.107
7 0.212 0.9620000000000001 0.092 0.076
7 0.213 0.9055 0.05 0.045
7 0.02 0.8420000000000001 0.04 0.096
7 0.026000000000000002 0.9309999999999999 0.052000000000000005 0.062
7 0.017 0.981 0.034 0.038
7 0.058499999999999996 0.8634999999999999 0.049 0.061
7 0.08449999999999999 0.9109999999999999 0.055 0.07400000000000001
7 0.1275 0.8575 0.065 0.059000000000000004
7 0.1435 0.9129999999999999 0.033 0.07
7 0.078 0.97 0.06 0.06
7 0.2995 0.851 0.065 0.086
7 0.3655 0.866 0.067 0.07200000000000001
7 0.34299999999999997 0.8270000000000001 0.054000000000000006 0.066
7 0.3935 0.8134999999999999 0.067 0.075
7 0.43200000000000005 0.775 0.06 0.08
7 0.43 0.8805 0.07 0.083
7 0.318 0.9305 0.044000000000000004 0.043
7 0.3715 0.912 0.073 0.05
7 0.395 0.9555 0.057999999999999996 0.055
7 0.3565 0.9804999999999999 0.09699999999999999 0.039
7 0.444 0.9740000000000001 0.084 0.052000000000000005
7 0.532 0.9690000000000001 0.09 0.062
7 0.5579999999999999 0.935 0.04 0.055999999999999994
7 0.5075 0.8785 0.047 0.069
7 0.494 0.8220000000000001 0.046 0.064
7 0.524 0.763 0.07200000000000001 0.064
7 0.659 0.772 0.054000000000000006 0.054000000000000006
7 0.68 0.862 0.084 0.062
7 0.7055 0.8955 0.061 0.063
7 0.95 0.9215000000000001 0.08 0.09300000000000001
7 0.9795 0.7979999999999999 0.040999999999999995 0.086
7 0.8825 0.823 0.053 0.10800000000000001
7 0.8420000000000001 0.835 0.064 0.086
7 0.8170000000000001 0.9555 0.11 0.077
7 0.8315 0.8959999999999999 0.069 0.057999999999999996
7 0.7334999999999999 0.9795 0.049 0.040999999999999995
7 0.642 0.9655 0.096 0.069
7 0.61 0.7659999999999999 0.07 0.096
7 0.5725 0.8340000000000001 0.111 0.086