7 0.8704999999999999 0.1305 0.06300000000000011 0.08100000000000002
7 0.757 0.281 0.08599999999999994 0.09599999999999997
7 0.6825 0.2165 0.04900000000000006 0.05700000000000003
7 0.5005 0.2255 0.065 0.075
7 0.596 0.332 0.07799999999999997 0.10599999999999998
7 0.6695 0.425 0.055 0.08400000000000006
7 0.7125 0.46399999999999997 0.08699999999999988 0.11200000000000003
7 0.593 0.47950000000000004 0.07 0.08700000000000002
7 0.6829999999999999 0.647 0.08599999999999994 0.11
7 0.708 0.7845 0.06199999999999989 0.08900000000000005
7 0.825 0.7865000000000001 0.09599999999999995 0.08900000000000005
7 0.8205 0.878 0.10300000000000012 0.09599999999999995
7 0.866 0.9745 0.11800000000000012 0.05099999999999994
7 0.8734999999999999 0.4775 0.08699999999999988 0.105
7 0.9015000000000001 0.556 0.11099999999999995 0.08599999999999994
7 0.9620000000000001 0.5015 0.07599999999999994 0.10099999999999994
7 0.971 0.4415 0.058000000000000114 0.08700000000000002
7 0.42 0.532 0.05799999999999997 0.08
7 0.45899999999999996 0.35950000000000004 0.04799999999999997 0.07299999999999997
7 0.262 0.31 0.07200000000000002 0.08
7 0.2965 0.368 0.06700000000000003 0.08599999999999994
7 0.0825 0.213 0.07300000000000001 0.1
7 0.0925 0.3 0.09699999999999999 0.1
7 0.0105 0.26649999999999996 0.021 0.07899999999999999
7 0.046 0.018500000000000003 0.064 0.037000000000000005
7 0.159 0.0155 0.06400000000000002 0.028999999999999998
7 0.1215 0.048499999999999995 0.075 0.09699999999999999
7 0.2345 0.054000000000000006 0.06100000000000001 0.08199999999999999
7 0.253 0.0125 0.05 0.025
7 0.3195 0.1035 0.07100000000000001 0.069
7 0.327 0.021 0.06400000000000002 0.042
7 0.4635 0.0725 0.08299999999999998 0.07300000000000001
7 0.4625 0.026000000000000002 0.05700000000000003 0.052000000000000005
7 0.419 0.132 0.08 0.07200000000000001
7 0.35 0.2915 0.06400000000000002 0.075
7 0.39799999999999996 0.2075 0.08 0.07100000000000001
7 0.4205 0.292 0.065 0.11199999999999996
7 0.0245 0.179 0.049 0.08
7 0.0425 0.1355 0.06699999999999999 0.073
7 0.163 0.509 0.06600000000000002 0.08200000000000003
7 0.022000000000000002 0.5045000000000001 0.044000000000000004 0.105
7 0.0535 0.583 0.056999999999999995 0.07400000000000005
7 0.156 0.6095 0.07400000000000002 0.07699999999999996
7 0.1175 0.674 0.06100000000000001 0.07800000000000004
7 0.1585 0.706 0.063 0.08599999999999994
7 0.166 0.8025 0.07399999999999998 0.10099999999999994
7 0.1445 0.7585 0.05299999999999999 0.04699999999999989
7 0.24100000000000002 0.8245 0.08 0.06900000000000006
7 0.0105 0.802 0.021 0.08599999999999994
7 0.3455 0.915 0.055 0.08400000000000006
7 0.41100000000000003 0.9695 0.07 0.06099999999999994
7 0.47600000000000003 0.7965000000000001 0.07400000000000005 0.095
7 0.5525 0.7925 0.06700000000000003 0.085
7 0.5875 0.8584999999999999 0.06700000000000003 0.06900000000000006
7 0.5915 0.9209999999999999 0.06900000000000006 0.06599999999999995
7 0.3935 0.6425 0.05299999999999997 0.08900000000000005
7 0.4545 0.6495000000000001 0.05700000000000003 0.12099999999999994
7 0.2875 0.6335 0.09099999999999998 0.08899999999999998
7 0.2645 0.598 0.065 0.08800000000000004
7 0.2775 0.711 0.085 0.09199999999999989
7 0.3245 0.7215 0.08099999999999997 0.085
7 0.524 0.6135 0.06200000000000003 0.08700000000000002
7 0.5935 0.6015 0.08099999999999995 0.06299999999999997
7 0.5745 0.6695 0.10700000000000003 0.08099999999999995