7 0.87 0.13 0.065 0.08
7 0.755 0.28 0.085 0.095
7 0.68 0.215 0.05 0.055
7 0.5 0.225 0.065 0.075
7 0.595 0.33 0.08 0.105
7 0.67 0.425 0.055 0.085
7 0.71 0.465 0.085 0.11
7 0.595 0.48 0.07 0.085
7 0.685 0.645 0.085 0.11
7 0.71 0.785 0.06 0.09
7 0.825 0.785 0.095 0.09
7 0.82 0.88 0.105 0.095
7 0.865 0.975 0.12 0.05
7 0.875 0.48 0.085 0.105
7 0.9 0.555 0.11 0.085
7 0.96 0.5 0.075 0.1
7 0.97 0.44 0.06 0.085
7 0.42 0.53 0.06 0.08
7 0.46 0.36 0.05 0.075
7 0.26 0.31 0.07 0.08
7 0.295 0.37 0.065 0.085
7 0.08 0.215 0.075 0.1
7 0.09 0.3 0.095 0.1
7 0.01 0.265 0.02 0.08
7 0.045 0.02 0.065 0.035
7 0.16 0.015 0.065 0.03
7 0.12 0.05 0.075 0.095
7 0.235 0.055 0.06 0.08
7 0.255 0.01 0.05 0.02
7 0.32 0.105 0.07 0.07
7 0.325 0.02 0.065 0.04
7 0.465 0.07 0.085 0.075
7 0.46 0.025 0.055 0.05
7 0.42 0.13 0.08 0.07
7 0.35 0.29 0.065 0.075
7 0.4 0.21 0.08 0.07
7 0.42 0.29 0.065 0.11
7 0.025 0.18 0.05 0.08
7 0.04 0.135 0.065 0.075
7 0.165 0.51 0.065 0.08
7 0.02 0.5 0.04 0.1
7 0.055 0.585 0.055 0.075
7 0.155 0.61 0.075 0.075
7 0.12 0.675 0.06 0.08
7 0.16 0.705 0.065 0.085
7 0.165 0.8 0.075 0.1
7 0.145 0.76 0.055 0.045
7 0.24 0.825 0.08 0.07
7 0.01 0.8 0.02 0.085
7 0.345 0.915 0.055 0.085
7 0.41 0.97 0.07 0.06
7 0.475 0.795 0.075 0.095
7 0.55 0.79 0.065 0.085
7 0.59 0.86 0.065 0.07
7 0.59 0.92 0.07 0.065
7 0.395 0.64 0.055 0.09
7 0.455 0.65 0.055 0.12
7 0.29 0.635 0.09 0.09
7 0.265 0.6 0.065 0.09
7 0.28 0.71 0.085 0.09
7 0.325 0.72 0.08 0.085
7 0.525 0.615 0.06 0.085
7 0.595 0.6 0.08 0.065
7 0.575 0.67 0.105 0.08