7 0.8704999999999999 0.1305 0.063 0.081
7 0.757 0.281 0.086 0.096
7 0.6825 0.2165 0.049 0.057
7 0.5005 0.2255 0.065 0.075
7 0.596 0.332 0.078 0.106
7 0.6695 0.425 0.055 0.084
7 0.7125 0.46399999999999997 0.087 0.11199999999999999
7 0.593 0.47950000000000004 0.07 0.087
7 0.6829999999999999 0.647 0.086 0.11
7 0.708 0.7845 0.062 0.08900000000000001
7 0.825 0.7865000000000001 0.096 0.08900000000000001
7 0.8205 0.878 0.10300000000000001 0.096
7 0.866 0.9745 0.11800000000000001 0.051
7 0.8734999999999999 0.4775 0.087 0.105
7 0.9015000000000001 0.556 0.111 0.086
7 0.9620000000000001 0.5015 0.076 0.10099999999999999
7 0.971 0.4415 0.057999999999999996 0.087
7 0.42 0.532 0.057999999999999996 0.08
7 0.45899999999999996 0.35950000000000004 0.048 0.073
7 0.262 0.31 0.07200000000000001 0.08
7 0.2965 0.368 0.067 0.086
7 0.0825 0.213 0.073 0.1
7 0.0925 0.3 0.09699999999999999 0.1
7 0.0105 0.26649999999999996 0.021 0.079
7 0.046 0.018500000000000003 0.064 0.037000000000000005
7 0.159 0.0155 0.064 0.028999999999999998
7 0.1215 0.048499999999999995 0.075 0.09699999999999999
7 0.2345 0.054000000000000006 0.061 0.08199999999999999
7 0.253 0.0125 0.05 0.025
7 0.3195 0.1035 0.071 0.069
7 0.327 0.021 0.064 0.042
7 0.4635 0.0725 0.083 0.073
7 0.4625 0.026000000000000002 0.057 0.052000000000000005
7 0.419 0.132 0.08 0.07200000000000001
7 0.35 0.2915 0.064 0.075
7 0.39799999999999996 0.2075 0.08 0.071
7 0.4205 0.292 0.065 0.11199999999999999
7 0.0245 0.179 0.049 0.08
7 0.0425 0.1355 0.067 0.073
7 0.163 0.509 0.066 0.08199999999999999
7 0.022000000000000002 0.5045000000000001 0.044000000000000004 0.105
7 0.0535 0.583 0.057 0.07400000000000001
7 0.156 0.6095 0.07400000000000001 0.077
7 0.1175 0.674 0.061 0.078
7 0.1585 0.706 0.063 0.086
7 0.166 0.8025 0.07400000000000001 0.10099999999999999
7 0.1445 0.7585 0.053 0.047
7 0.24100000000000002 0.8245 0.08 0.069
7 0.0105 0.802 0.021 0.086
7 0.3455 0.915 0.055 0.084
7 0.41100000000000003 0.9695 0.07 0.061
7 0.47600000000000003 0.7965000000000001 0.07400000000000001 0.095
7 0.5525 0.7925 0.067 0.085
7 0.5875 0.8584999999999999 0.067 0.069
7 0.5915 0.9209999999999999 0.069 0.066
7 0.3935 0.6425 0.053 0.08900000000000001
7 0.4545 0.6495000000000001 0.057 0.121
7 0.2875 0.6335000000000001 0.091 0.08900000000000001
7 0.2645 0.598 0.065 0.08800000000000001
7 0.2775 0.711 0.085 0.092
7 0.3245 0.7215 0.081 0.085
7 0.524 0.6135 0.062 0.087
7 0.5935 0.6015 0.081 0.063
7 0.5745 0.6695 0.107 0.081