7 0.025 0.05 0.05 0.1
7 0.155 0.03 0.09 0.06
7 0.3 0.03 0.095 0.055
7 0.46 0.12 0.095 0.09
7 0.63 0.035 0.085 0.065
7 0.785 0.05 0.07 0.07
7 0.885 0.02 0.1 0.035
7 0.16 0.185 0.06 0.07
7 0.03 0.18 0.055 0.085
7 0.015 0.28 0.03 0.08
7 0.065 0.285 0.06 0.105
7 0.185 0.135 0.065 0.075
7 0.325 0.095 0.065 0.065
7 0.345 0.16 0.05 0.06
7 0.26 0.135 0.11 0.095
7 0.395 0.265 0.055 0.06
7 0.345 0.3 0.04 0.06
7 0.26 0.34 0.05 0.07
7 0.135 0.39 0.05 0.055
7 0.51 0.17 0.055 0.07
7 0.565 0.17 0.05 0.065
7 0.625 0.165 0.05 0.07
7 0.66 0.11 0.04 0.085
7 0.705 0.09 0.045 0.085
7 0.715 0.185 0.06 0.07
7 0.9 0.08 0.075 0.05
7 0.86 0.11 0.065 0.06
7 0.93 0.185 0.065 0.055
7 0.97 0.045 0.06 0.065
7 0.865 0.195 0.075 0.08
7 0.92 0.13 0.045 0.05
7 0.965 0.12 0.065 0.11
7 0.98 0.285 0.035 0.065
7 0.81 0.255 0.04 0.07
7 0.835 0.305 0.05 0.055
7 0.86 0.275 0.05 0.06
7 0.61 0.23 0.08 0.05
7 0.465 0.215 0.06 0.05
7 0.44 0.275 0.06 0.075
7 0.37 0.36 0.03 0.085
7 0.43 0.405 0.075 0.07
7 0.325 0.445 0.045 0.075
7 0.265 0.5 0.06 0.075
7 0.175 0.505 0.075 0.095
7 0.09 0.43 0.035 0.085
7 0.045 0.435 0.055 0.095
7 0.525 0.29 0.065 0.065
7 0.575 0.43 0.05 0.06
7 0.625 0.425 0.045 0.06
7 0.615 0.315 0.055 0.055
7 0.59 0.37 0.05 0.06
7 0.61 0.36 0.035 0.055
7 0.53 0.36 0.07 0.075
7 0.5 0.44 0.07 0.09
7 0.66 0.305 0.055 0.07
7 0.655 0.36 0.04 0.055
7 0.68 0.37 0.045 0.075
7 0.725 0.38 0.05 0.065
7 0.71 0.265 0.06 0.075
7 0.735 0.295 0.045 0.055
7 0.765 0.345 0.04 0.075
7 0.795 0.34 0.05 0.095
7 0.865 0.37 0.055 0.08
7 0.925 0.325 0.08 0.08
7 0.925 0.395 0.08 0.07
7 0.84 0.47 0.06 0.085
7 0.78 0.48 0.05 0.08
7 0.78 0.42 0.055 0.055
7 0.73 0.45 0.055 0.07
7 0.75 0.53 0.06 0.06
7 0.82 0.545 0.1 0.06
7 0.655 0.505 0.105 0.085
7 0.675 0.445 0.05 0.07
7 0.335 0.565 0.03 0.07
7 0.355 0.605 0.035 0.09
7 0.375 0.555 0.03 0.06
7 0.405 0.535 0.04 0.05
7 0.43 0.49 0.065 0.055
7 0.475 0.535 0.045 0.055
7 0.305 0.675 0.045 0.06
7 0.34 0.67 0.045 0.08
7 0.265 0.575 0.035 0.055
7 0.03 0.72 0.055 0.07
7 0.015 0.675 0.03 0.065
7 0.045 0.67 0.04 0.05
7 0.085 0.78 0.065 0.07
7 0.02 0.805 0.04 0.085
7 0.15 0.69 0.06 0.05
7 0.14 0.75 0.045 0.05
7 0.18 0.735 0.065 0.06
7 0.22 0.665 0.07 0.07
7 0.205 0.63 0.06 0.08
7 0.25 0.63 0.045 0.055
7 0.455 0.595 0.085 0.06
7 0.53 0.65 0.08 0.05
7 0.535 0.605 0.07 0.05
7 0.445 0.695 0.045 0.065
7 0.48 0.69 0.04 0.055
7 0.535 0.715 0.045 0.065
7 0.555 0.685 0.045 0.04
7 0.495 0.735 0.05 0.055
7 0.61 0.73 0.05 0.065
7 0.525 0.78 0.07 0.045
7 0.575 0.82 0.05 0.06
7 0.63 0.66 0.085 0.065
7 0.715 0.61 0.07 0.08
7 0.745 0.69 0.055 0.075
7 0.64 0.59 0.065 0.08
7 0.55 0.57 0.085 0.065
7 0.575 0.51 0.09 0.08
7 0.965 0.55 0.07 0.06
7 0.97 0.5 0.055 0.065
7 0.965 0.455 0.07 0.07
7 0.915 0.535 0.04 0.14
7 0.975 0.61 0.045 0.07
7 0.975 0.685 0.05 0.08
7 0.965 0.755 0.07 0.07
7 0.975 0.83 0.05 0.065
7 0.975 0.9 0.05 0.055
7 0.92 0.97 0.04 0.06
7 0.965 0.97 0.05 0.06
7 0.7 0.75 0.045 0.05
7 0.66 0.8 0.05 0.09
7 0.66 0.89 0.055 0.055
7 0.7 0.865 0.04 0.045
7 0.71 0.82 0.045 0.04
7 0.81 0.735 0.09 0.08
7 0.88 0.74 0.08 0.065
7 0.93 0.705 0.065 0.07
7 0.85 0.605 0.04 0.065
7 0.855 0.665 0.06 0.06
7 0.895 0.68 0.045 0.055
7 0.91 0.82 0.06 0.055
7 0.91 0.89 0.06 0.08
7 0.84 0.895 0.075 0.095
7 0.86 0.815 0.05 0.08
7 0.79 0.82 0.085 0.075
7 0.785 0.925 0.06 0.065
7 0.795 0.97 0.05 0.05
7 0.7 0.95 0.065 0.095
7 0.725 0.895 0.055 0.065
7 0.66 0.975 0.065 0.045
7 0.6 0.95 0.08 0.07
7 0.555 0.945 0.04 0.075
7 0.505 0.98 0.085 0.04
7 0.545 0.86 0.06 0.06
7 0.495 0.885 0.05 0.085
7 0.45 0.9 0.055 0.09
7 0.41 0.88 0.04 0.11
7 0.35 0.95 0.045 0.06
7 0.3 0.985 0.075 0.03
7 0.23 0.985 0.06 0.03
7 0.05 0.98 0.06 0.035
7 0.12 0.975 0.08 0.05
7 0.325 0.795 0.05 0.05
7 0.37 0.815 0.05 0.05
7 0.36 0.77 0.035 0.045
7 0.395 0.785 0.04 0.06
7 0.435 0.79 0.04 0.07
7 0.32 0.87 0.055 0.065
7 0.28 0.86 0.045 0.075
7 0.28 0.815 0.05 0.1
7 0.015 0.925 0.025 0.09
7 0.185 0.925 0.1 0.08
7 0.14 0.825 0.065 0.055
7 0.205 0.855 0.05 0.055
7 0.215 0.8 0.075 0.08
7 0.1 0.86 0.065 0.06
7 0.04 0.88 0.04 0.095
7 0.1 0.92 0.065 0.07
7 0.05 0.955 0.045 0.04