7 0.027000000000000003 0.0525 0.054000000000000006 0.105
7 0.1585 0.0325 0.09699999999999999 0.065
7 0.2995 0.0285 0.09699999999999999 0.057
7 0.4595 0.12050000000000001 0.095 0.091
7 0.6285000000000001 0.0335 0.087 0.067
7 0.7865000000000001 0.0495 0.071 0.071
7 0.8835 0.018000000000000002 0.10099999999999999 0.036000000000000004
7 0.16149999999999998 0.18600000000000003 0.061 0.068
7 0.027999999999999997 0.1815 0.055999999999999994 0.085
7 0.0165 0.27899999999999997 0.033 0.08199999999999999
7 0.0645 0.2845 0.059000000000000004 0.105
7 0.1865 0.1335 0.063 0.075
7 0.3235 0.096 0.063 0.064
7 0.34450000000000003 0.162 0.051 0.06
7 0.262 0.135 0.11 0.096
7 0.39299999999999996 0.2645 0.054000000000000006 0.061
7 0.3455 0.3025 0.040999999999999995 0.059000000000000004
7 0.258 0.341 0.05 0.07200000000000001
7 0.13699999999999998 0.39149999999999996 0.052000000000000005 0.057
7 0.512 0.172 0.054000000000000006 0.07
7 0.564 0.1725 0.052000000000000005 0.063
7 0.627 0.16649999999999998 0.05 0.069
7 0.66 0.1075 0.04 0.083
7 0.7045 0.08900000000000001 0.043 0.084
7 0.715 0.184 0.057999999999999996 0.068
7 0.898 0.078 0.076 0.048
7 0.8615 0.10949999999999999 0.065 0.061
7 0.9295 0.18600000000000003 0.063 0.055999999999999994
7 0.97 0.0435 0.06 0.063
7 0.8640000000000001 0.19699999999999998 0.076 0.078
7 0.9205 0.131 0.045 0.052000000000000005
7 0.9670000000000001 0.121 0.066 0.11199999999999999
7 0.9825 0.28350000000000003 0.035 0.063
7 0.8095 0.2555 0.039 0.069
7 0.836 0.307 0.048 0.054000000000000006
7 0.861 0.27399999999999997 0.052000000000000005 0.062
7 0.6125 0.231 0.081 0.05
7 0.46649999999999997 0.2155 0.059000000000000004 0.051
7 0.44 0.2755 0.057999999999999996 0.075
7 0.369 0.3605 0.032 0.087
7 0.43 0.40399999999999997 0.076 0.068
7 0.3235 0.44299999999999995 0.047 0.07400000000000001
7 0.263 0.4985 0.06 0.077
7 0.1765 0.507 0.077 0.096
7 0.0875 0.43200000000000005 0.035 0.084
7 0.0435 0.435 0.053 0.094
7 0.523 0.292 0.064 0.066
7 0.574 0.4315 0.048 0.059000000000000004
7 0.625 0.424 0.046 0.062
7 0.6135 0.3135 0.057 0.053
7 0.589 0.3725 0.052000000000000005 0.059000000000000004
7 0.6104999999999999 0.3605 0.033 0.053
7 0.531 0.35950000000000004 0.07 0.073
7 0.502 0.4395 0.068 0.091
7 0.6609999999999999 0.303 0.055999999999999994 0.068
7 0.654 0.3625 0.038 0.055
7 0.6805 0.3705 0.043 0.075
7 0.7240000000000001 0.3775 0.052000000000000005 0.065
7 0.7125 0.26649999999999996 0.059000000000000004 0.075
7 0.7334999999999999 0.294 0.047 0.055999999999999994
7 0.764 0.34700000000000003 0.038 0.07400000000000001
7 0.7945 0.3425 0.049 0.095
7 0.8640000000000001 0.3705 0.055999999999999994 0.081
7 0.9265000000000001 0.325 0.081 0.078
7 0.9259999999999999 0.39299999999999996 0.08 0.07
7 0.8390000000000001 0.4705 0.06 0.087
7 0.7795000000000001 0.47950000000000004 0.051 0.079
7 0.7815000000000001 0.41950000000000004 0.055 0.057
7 0.7315 0.4515 0.057 0.069
7 0.7490000000000001 0.5315 0.057999999999999996 0.059000000000000004
7 0.821 0.544 0.098 0.06
7 0.657 0.505 0.106 0.084
7 0.6755 0.44549999999999995 0.051 0.069
7 0.335 0.5655 0.03 0.071
7 0.3565 0.605 0.037000000000000005 0.09
7 0.37549999999999994 0.5545 0.031 0.059000000000000004
7 0.40399999999999997 0.537 0.038 0.052000000000000005
7 0.4305 0.49200000000000005 0.063 0.055999999999999994
7 0.47350000000000003 0.5345 0.047 0.057
7 0.306 0.6735 0.046 0.061
7 0.3395 0.67 0.043 0.08
7 0.264 0.575 0.036000000000000004 0.055999999999999994
7 0.0315 0.72 0.055 0.07200000000000001
7 0.0155 0.6759999999999999 0.031 0.066
7 0.044500000000000005 0.669 0.040999999999999995 0.05
7 0.08449999999999999 0.782 0.063 0.068
7 0.019 0.8055 0.038 0.083
7 0.1475 0.688 0.059000000000000004 0.052000000000000005
7 0.14 0.7484999999999999 0.046 0.051
7 0.1775 0.737 0.065 0.06
7 0.2205 0.667 0.069 0.068
7 0.20550000000000002 0.63 0.059000000000000004 0.078
7 0.2515 0.6325 0.043 0.053
7 0.4535 0.5945 0.085 0.061
7 0.5275 0.6505 0.081 0.049
7 0.537 0.607 0.07200000000000001 0.052000000000000005
7 0.4445 0.6970000000000001 0.043 0.064
7 0.47850000000000004 0.6875 0.040999999999999995 0.053
7 0.534 0.7155 0.046 0.063
7 0.556 0.6859999999999999 0.044000000000000004 0.038
7 0.494 0.736 0.048 0.055999999999999994
7 0.608 0.7304999999999999 0.048 0.065
7 0.527 0.7785 0.07 0.047
7 0.574 0.8220000000000001 0.052000000000000005 0.062
7 0.6295000000000001 0.6595 0.085 0.063
7 0.7134999999999999 0.608 0.069 0.08
7 0.7454999999999999 0.691 0.055 0.076
7 0.6425 0.589 0.067 0.08
7 0.5505 0.568 0.085 0.064
7 0.573 0.512 0.08800000000000001 0.08
7 0.9684999999999999 0.551 0.063 0.057999999999999996
7 0.9725 0.5025 0.055 0.065
7 0.9684999999999999 0.455 0.063 0.07
7 0.9159999999999999 0.537 0.038 0.14
7 0.9765 0.611 0.047 0.07
7 0.9754999999999999 0.6859999999999999 0.049 0.08199999999999999
7 0.9675 0.757 0.065 0.068
7 0.976 0.8295 0.048 0.067
7 0.9740000000000001 0.9015000000000001 0.052000000000000005 0.055
7 0.9175 0.973 0.039 0.054000000000000006
7 0.9725 0.973 0.051 0.054000000000000006
7 0.6984999999999999 0.752 0.047 0.052000000000000005
7 0.6625 0.8025 0.051 0.091
7 0.6605 0.8875 0.053 0.057
7 0.6984999999999999 0.8640000000000001 0.039 0.046
7 0.708 0.8225 0.046 0.040999999999999995
7 0.8109999999999999 0.737 0.08800000000000001 0.08
7 0.8805 0.7425 0.079 0.063
7 0.9315000000000001 0.7070000000000001 0.067 0.068
7 0.8504999999999999 0.607 0.039 0.064
7 0.857 0.6659999999999999 0.057999999999999996 0.062
7 0.8945000000000001 0.6785 0.043 0.053
7 0.9125 0.8205 0.061 0.055
7 0.9085 0.8895000000000001 0.059000000000000004 0.079
7 0.838 0.8965000000000001 0.076 0.09300000000000001
7 0.8590000000000001 0.8134999999999999 0.048 0.081
7 0.7885 0.8225 0.087 0.075
7 0.7845 0.9259999999999999 0.059000000000000004 0.064
7 0.794 0.97 0.048 0.05
7 0.6975 0.9484999999999999 0.067 0.095
7 0.727 0.8959999999999999 0.055999999999999994 0.066
7 0.6605 0.977 0.067 0.046
7 0.599 0.948 0.078 0.07
7 0.5539999999999999 0.943 0.042 0.07400000000000001
7 0.505 0.981 0.086 0.038
7 0.545 0.86 0.06 0.062
7 0.49700000000000005 0.8855 0.048 0.083
7 0.45049999999999996 0.902 0.057 0.09
7 0.40850000000000003 0.8805 0.040999999999999995 0.109
7 0.349 0.951 0.046 0.06
7 0.299 0.985 0.07400000000000001 0.03
7 0.2325 0.9875 0.061 0.025
7 0.0495 0.982 0.061 0.036000000000000004
7 0.12 0.978 0.08 0.044000000000000004
7 0.325 0.797 0.05 0.048
7 0.37200000000000005 0.8145 0.052000000000000005 0.049
7 0.35850000000000004 0.7705 0.037000000000000005 0.047
7 0.39649999999999996 0.7859999999999999 0.039 0.057999999999999996
7 0.433 0.7905 0.038 0.071
7 0.3185 0.87 0.053 0.064
7 0.282 0.8625 0.044000000000000004 0.075
7 0.28 0.815 0.052000000000000005 0.098
7 0.014499999999999999 0.924 0.023 0.09
7 0.18600000000000003 0.9245 0.102 0.081
7 0.1425 0.8255 0.067 0.055
7 0.2045 0.857 0.049 0.055999999999999994
7 0.21350000000000002 0.7985 0.075 0.079
7 0.1025 0.861 0.065 0.06
7 0.0425 0.8775 0.039 0.09300000000000001
7 0.09949999999999999 0.9209999999999999 0.067 0.068
7 0.048499999999999995 0.953 0.043 0.038