7 0.027000000000000003 0.0525 0.054000000000000006 0.105
7 0.1585 0.0325 0.09699999999999999 0.065
7 0.2995 0.0285 0.09699999999999996 0.057
7 0.4595 0.12050000000000001 0.095 0.09100000000000001
7 0.6285000000000001 0.0335 0.08700000000000002 0.067
7 0.7865000000000001 0.0495 0.07099999999999994 0.071
7 0.8835 0.018000000000000002 0.10099999999999994 0.036000000000000004
7 0.16149999999999998 0.18600000000000003 0.06100000000000001 0.06799999999999999
7 0.027999999999999997 0.1815 0.055999999999999994 0.085
7 0.0165 0.27899999999999997 0.033 0.08200000000000003
7 0.0645 0.28450000000000003 0.059000000000000004 0.10500000000000004
7 0.1865 0.1335 0.06299999999999999 0.07500000000000001
7 0.3235 0.096 0.06299999999999997 0.06400000000000002
7 0.34450000000000003 0.162 0.050999999999999976 0.06
7 0.262 0.135 0.11 0.09600000000000002
7 0.39299999999999996 0.2645 0.054000000000000055 0.06100000000000001
7 0.3455 0.3025 0.040999999999999946 0.059000000000000025
7 0.258 0.341 0.05 0.07200000000000002
7 0.13699999999999998 0.39149999999999996 0.05200000000000001 0.05700000000000003
7 0.512 0.172 0.054000000000000055 0.07
7 0.564 0.1725 0.052000000000000025 0.06299999999999999
7 0.627 0.16649999999999998 0.05 0.06899999999999999
7 0.66 0.1075 0.04 0.083
7 0.7045 0.08900000000000001 0.043000000000000115 0.08400000000000002
7 0.715 0.184 0.058000000000000114 0.06799999999999999
7 0.898 0.078 0.07599999999999994 0.04799999999999999
7 0.8615 0.10949999999999999 0.065 0.061000000000000006
7 0.9295 0.18600000000000003 0.06300000000000011 0.056000000000000015
7 0.97 0.0435 0.06 0.063
7 0.8640000000000001 0.19699999999999998 0.07599999999999994 0.07799999999999999
7 0.9205 0.131 0.045 0.05199999999999999
7 0.9670000000000001 0.121 0.06599999999999995 0.11199999999999999
7 0.9825 0.28350000000000003 0.035 0.06299999999999997
7 0.8095 0.2555 0.039000000000000055 0.06899999999999999
7 0.836 0.307 0.04800000000000011 0.053999999999999986
7 0.861 0.27399999999999997 0.05199999999999989 0.06200000000000003
7 0.6125 0.231 0.08099999999999995 0.05
7 0.46649999999999997 0.2155 0.05900000000000006 0.05100000000000002
7 0.44 0.2755 0.05799999999999997 0.075
7 0.369 0.3605 0.03200000000000003 0.08700000000000002
7 0.43 0.40399999999999997 0.07599999999999994 0.06799999999999998
7 0.3235 0.44299999999999995 0.04700000000000003 0.07400000000000005
7 0.263 0.4985 0.06 0.07700000000000003
7 0.1765 0.507 0.07700000000000001 0.09599999999999995
7 0.0875 0.43200000000000005 0.035 0.08400000000000006
7 0.0435 0.435 0.053000000000000005 0.09400000000000006
7 0.523 0.292 0.06400000000000006 0.06600000000000002
7 0.574 0.4315 0.04799999999999997 0.05900000000000006
7 0.625 0.424 0.045999999999999944 0.06200000000000003
7 0.6135 0.3135 0.05700000000000003 0.05299999999999997
7 0.589 0.3725 0.052000000000000025 0.05900000000000006
7 0.6104999999999999 0.3605 0.032999999999999974 0.05299999999999997
7 0.531 0.35950000000000004 0.07 0.07299999999999997
7 0.502 0.4395 0.06799999999999998 0.09099999999999994
7 0.6609999999999999 0.30300000000000005 0.055999999999999946 0.068
7 0.654 0.3625 0.03800000000000004 0.055
7 0.6805 0.3705 0.043000000000000115 0.075
7 0.7240000000000001 0.3775 0.05199999999999989 0.065
7 0.7125 0.26649999999999996 0.05900000000000006 0.075
7 0.7334999999999999 0.294 0.04699999999999989 0.05599999999999998
7 0.764 0.34700000000000003 0.03800000000000012 0.07400000000000002
7 0.7945 0.3425 0.04900000000000006 0.095
7 0.8640000000000001 0.3705 0.055999999999999946 0.08099999999999995
7 0.9265000000000001 0.325 0.08099999999999995 0.07799999999999997
7 0.9259999999999999 0.39299999999999996 0.08 0.07
7 0.8390000000000001 0.4705 0.06 0.08700000000000002
7 0.7795000000000001 0.47950000000000004 0.05099999999999994 0.07900000000000006
7 0.7815000000000001 0.41950000000000004 0.055 0.05700000000000003
7 0.7315 0.4515 0.056999999999999884 0.06900000000000006
7 0.7490000000000001 0.5315 0.058000000000000114 0.05900000000000006
7 0.821 0.544 0.09800000000000011 0.06
7 0.657 0.505 0.10599999999999994 0.08400000000000006
7 0.6755 0.44549999999999995 0.05099999999999994 0.06900000000000006
7 0.335 0.5655 0.03 0.07099999999999994
7 0.3565 0.605 0.037000000000000026 0.09
7 0.37549999999999994 0.5545 0.030999999999999944 0.05900000000000006
7 0.40399999999999997 0.537 0.03799999999999997 0.052000000000000025
7 0.4305 0.49200000000000005 0.06299999999999997 0.055999999999999946
7 0.47350000000000003 0.5345 0.04700000000000003 0.05700000000000003
7 0.306 0.6735 0.04599999999999998 0.06099999999999994
7 0.3395 0.67 0.04299999999999997 0.08
7 0.264 0.575 0.03600000000000001 0.055999999999999946
7 0.0315 0.72 0.055 0.07199999999999988
7 0.0155 0.6759999999999999 0.031 0.06599999999999995
7 0.044500000000000005 0.669 0.040999999999999995 0.05
7 0.08449999999999999 0.782 0.063 0.06800000000000012
7 0.019 0.8055 0.038 0.08300000000000012
7 0.1475 0.688 0.05899999999999998 0.05199999999999989
7 0.14 0.7484999999999999 0.04600000000000001 0.05099999999999994
7 0.1775 0.737 0.065 0.06
7 0.2205 0.667 0.06899999999999999 0.06800000000000005
7 0.20550000000000002 0.63 0.05899999999999998 0.07800000000000004
7 0.2515 0.6325 0.04299999999999997 0.05300000000000004
7 0.4535 0.5945 0.085 0.06099999999999994
7 0.5275 0.6505 0.08099999999999995 0.04900000000000006
7 0.537 0.607 0.07200000000000002 0.052000000000000025
7 0.4445 0.6970000000000001 0.04299999999999997 0.06400000000000006
7 0.47850000000000004 0.6875 0.040999999999999946 0.053000000000000116
7 0.534 0.7155 0.045999999999999944 0.06300000000000011
7 0.556 0.6859999999999999 0.04400000000000006 0.03800000000000012
7 0.494 0.736 0.04799999999999997 0.055999999999999946
7 0.608 0.7304999999999999 0.04799999999999997 0.065
7 0.527 0.7785 0.07 0.04699999999999989
7 0.574 0.8220000000000001 0.052000000000000025 0.06199999999999989
7 0.6295000000000001 0.6595 0.085 0.06300000000000004
7 0.7134999999999999 0.608 0.06900000000000006 0.08
7 0.7454999999999999 0.691 0.055 0.07599999999999994
7 0.6425 0.589 0.06699999999999996 0.08
7 0.5505 0.568 0.085 0.06400000000000006
7 0.573 0.512 0.08799999999999997 0.08
7 0.9684999999999999 0.551 0.06300000000000011 0.05799999999999997
7 0.9725 0.5025 0.055 0.065
7 0.9684999999999999 0.455 0.06300000000000011 0.07
7 0.9159999999999999 0.537 0.03800000000000012 0.14
7 0.9765 0.611 0.04699999999999989 0.06999999999999992
7 0.9754999999999999 0.6859999999999999 0.04900000000000006 0.08199999999999989
7 0.9675 0.757 0.065 0.06800000000000012
7 0.976 0.8295 0.04800000000000011 0.06699999999999989
7 0.9740000000000001 0.9015000000000001 0.05199999999999989 0.055
7 0.9175 0.973 0.039000000000000055 0.054000000000000055
7 0.9725 0.973 0.05099999999999994 0.054000000000000055
7 0.6984999999999999 0.752 0.04699999999999989 0.05199999999999989
7 0.6625 0.8025 0.05099999999999994 0.09099999999999994
7 0.6605 0.8875 0.05300000000000004 0.056999999999999884
7 0.6984999999999999 0.8640000000000001 0.039000000000000055 0.045999999999999944
7 0.708 0.8225 0.045999999999999944 0.040999999999999946
7 0.8109999999999999 0.737 0.08800000000000012 0.08
7 0.8805 0.7425 0.07900000000000006 0.06300000000000011
7 0.9315000000000001 0.7070000000000001 0.06699999999999989 0.06800000000000012
7 0.8504999999999999 0.607 0.039000000000000055 0.06400000000000006
7 0.857 0.6659999999999999 0.058000000000000114 0.06199999999999996
7 0.8945000000000001 0.6785 0.043000000000000115 0.053000000000000116
7 0.9125 0.8205 0.06099999999999994 0.055
7 0.9085 0.8895000000000001 0.05900000000000006 0.07900000000000006
7 0.838 0.8965000000000001 0.07599999999999994 0.09300000000000011
7 0.8590000000000001 0.8134999999999999 0.04800000000000011 0.08099999999999995
7 0.7885 0.8225 0.08699999999999988 0.075
7 0.7845 0.9259999999999999 0.05900000000000006 0.06400000000000006
7 0.794 0.97 0.04800000000000011 0.05
7 0.6975 0.9484999999999999 0.06699999999999989 0.095
7 0.727 0.8959999999999999 0.055999999999999946 0.06599999999999995
7 0.6605 0.977 0.06699999999999996 0.045999999999999944
7 0.599 0.948 0.07799999999999997 0.07
7 0.5539999999999999 0.943 0.04200000000000003 0.07400000000000005
7 0.505 0.981 0.08599999999999994 0.03800000000000012
7 0.545 0.86 0.06 0.06199999999999989
7 0.49700000000000005 0.8855 0.04799999999999997 0.08300000000000012
7 0.45049999999999996 0.902 0.05700000000000003 0.09
7 0.40850000000000003 0.8805 0.040999999999999946 0.10900000000000006
7 0.349 0.951 0.045999999999999944 0.06
7 0.299 0.985 0.07400000000000002 0.03
7 0.2325 0.9875 0.06100000000000001 0.025
7 0.0495 0.982 0.061 0.03599999999999994
7 0.12 0.978 0.08 0.04400000000000006
7 0.325 0.797 0.05 0.04800000000000011
7 0.37200000000000005 0.8145 0.052000000000000025 0.04900000000000006
7 0.35850000000000004 0.7705 0.037000000000000026 0.04699999999999989
7 0.39649999999999996 0.7859999999999999 0.039000000000000055 0.058000000000000114
7 0.433 0.7905 0.03799999999999997 0.07099999999999994
7 0.3185 0.87 0.05299999999999997 0.06400000000000006
7 0.282 0.8625 0.043999999999999984 0.075
7 0.28 0.815 0.052000000000000025 0.09800000000000011
7 0.014499999999999997 0.924 0.023 0.09
7 0.18600000000000003 0.9245 0.10200000000000001 0.08099999999999995
7 0.1425 0.8255 0.067 0.055
7 0.2045 0.857 0.04899999999999999 0.055999999999999946
7 0.21350000000000002 0.7985 0.075 0.07900000000000006
7 0.1025 0.861 0.065 0.06
7 0.0425 0.8775 0.03900000000000001 0.09300000000000011
7 0.09949999999999999 0.9209999999999999 0.06699999999999999 0.06800000000000012
7 0.048499999999999995 0.953 0.04300000000000001 0.03800000000000012