7 0.025 0.079 0.05 0.06400000000000002
7 0.077 0.15350000000000003 0.055999999999999994 0.06500000000000002
7 0.0255 0.154 0.051 0.07800000000000001
7 0.0245 0.2335 0.045 0.07299999999999997
7 0.049 0.28850000000000003 0.044000000000000004 0.06900000000000002
7 0.162 0.24600000000000002 0.06200000000000001 0.08200000000000003
7 0.1745 0.057999999999999996 0.05700000000000001 0.076
7 0.2155 0.044000000000000004 0.05100000000000002 0.07400000000000001
7 0.27949999999999997 0.1555 0.07100000000000001 0.08300000000000002
7 0.3375 0.0695 0.055 0.073
7 0.337 0.1445 0.04200000000000003 0.06299999999999999
7 0.4115 0.015 0.07099999999999994 0.03
7 0.584 0.16949999999999998 0.08 0.065
7 0.603 0.23850000000000002 0.07800000000000004 0.07100000000000001
7 0.5910000000000001 0.3425 0.10600000000000001 0.09099999999999998
7 0.6045 0.466 0.07900000000000006 0.09599999999999995
7 0.792 0.41 0.06800000000000012 0.09799999999999998
7 0.847 0.124 0.06400000000000006 0.08400000000000002
7 0.8765000000000001 0.1865 0.075 0.095
7 0.8675 0.021 0.06900000000000006 0.042
7 0.517 0.07950000000000002 0.05799999999999997 0.083
7 0.4805 0.1 0.06099999999999994 0.06199999999999999
7 0.447 0.171 0.07 0.07
7 0.4775 0.2065 0.06099999999999994 0.07700000000000003
7 0.22399999999999998 0.3435 0.07 0.07700000000000003
7 0.19649999999999998 0.4265 0.05700000000000003 0.075
7 0.40549999999999997 0.42450000000000004 0.06099999999999994 0.08900000000000005
7 0.44299999999999995 0.502 0.055999999999999946 0.08799999999999997
7 0.068 0.38549999999999995 0.04799999999999999 0.08299999999999998
7 0.0965 0.47 0.05099999999999999 0.07
7 0.022000000000000002 0.38799999999999996 0.044000000000000004 0.08799999999999997
7 0.39049999999999996 0.597 0.06099999999999994 0.08599999999999994
7 0.344 0.69 0.04799999999999997 0.06
7 0.3455 0.6455 0.059000000000000025 0.05099999999999994
7 0.386 0.73 0.07200000000000002 0.06199999999999989
7 0.39049999999999996 0.6920000000000001 0.04700000000000003 0.06400000000000006
7 0.401 0.789 0.06200000000000003 0.07800000000000011
7 0.33549999999999996 0.7955 0.029000000000000057 0.055
7 0.612 0.7020000000000001 0.06800000000000005 0.10199999999999988
7 0.687 0.731 0.06599999999999995 0.07
7 0.7835 0.7140000000000001 0.08099999999999995 0.11199999999999989
7 0.9470000000000001 0.6315 0.06199999999999989 0.07899999999999999
7 0.9440000000000001 0.706 0.08 0.07800000000000011
7 0.902 0.8425 0.06800000000000012 0.085
7 0.9854999999999999 0.8490000000000001 0.029000000000000057 0.07800000000000011
7 0.917 0.9305 0.05 0.06099999999999994
7 0.9715 0.968 0.056999999999999884 0.06400000000000006
7 0.7645000000000001 0.86 0.06300000000000011 0.07800000000000011
7 0.777 0.9695 0.06199999999999989 0.06099999999999994
7 0.674 0.9345 0.08599999999999994 0.08900000000000005
7 0.6409999999999999 0.981 0.054000000000000055 0.03800000000000012
7 0.612 0.8215 0.06 0.08099999999999995
7 0.528 0.8765000000000001 0.06400000000000006 0.09300000000000011
7 0.4525 0.9055 0.095 0.065
7 0.5075 0.972 0.055 0.055999999999999946
7 0.27449999999999997 0.9159999999999999 0.075 0.07
7 0.207 0.9625 0.06200000000000003 0.06699999999999989
7 0.21350000000000002 0.8775 0.055 0.07699999999999989
7 0.0415 0.508 0.051 0.07799999999999997
7 0.102 0.542 0.08399999999999999 0.06400000000000006
7 0.0345 0.6134999999999999 0.059000000000000004 0.08499999999999992
7 0.08 0.6140000000000001 0.05199999999999999 0.060000000000000074
7 0.1495 0.604 0.05700000000000001 0.06799999999999998
7 0.17149999999999999 0.5635 0.055 0.06099999999999994
7 0.204 0.6015 0.06799999999999998 0.08700000000000002
7 0.1075 0.6679999999999999 0.04699999999999999 0.054000000000000055
7 0.0165 0.7295 0.033 0.04900000000000006
7 0.0525 0.7025 0.065 0.06099999999999994
7 0.071 0.741 0.045999999999999985 0.055999999999999946
7 0.13 0.7755 0.06799999999999999 0.06699999999999989
7 0.075 0.8390000000000001 0.05600000000000001 0.07199999999999988
7 0.0235 0.8734999999999999 0.047 0.07099999999999994
7 0.0105 0.938 0.021 0.058000000000000114
7 0.077 0.9795 0.034 0.040999999999999946
7 0.11199999999999999 0.9575 0.043999999999999984 0.065
7 0.1005 0.899 0.04300000000000001 0.06800000000000012
7 0.134 0.873 0.05 0.06400000000000006
7 0.1525 0.8315 0.04899999999999999 0.04900000000000006