7 0.025 0.079 0.05 0.064
7 0.077 0.1535 0.055999999999999994 0.065
7 0.0255 0.154 0.051 0.078
7 0.0245 0.2335 0.045 0.073
7 0.049 0.28850000000000003 0.044000000000000004 0.069
7 0.162 0.24600000000000002 0.062 0.08199999999999999
7 0.1745 0.057999999999999996 0.057 0.076
7 0.2155 0.044000000000000004 0.051 0.07400000000000001
7 0.27949999999999997 0.1555 0.071 0.083
7 0.3375 0.0695 0.055 0.073
7 0.337 0.1445 0.042 0.063
7 0.4115 0.015 0.071 0.03
7 0.584 0.16949999999999998 0.08 0.065
7 0.603 0.23850000000000002 0.078 0.071
7 0.591 0.3425 0.106 0.091
7 0.6045 0.466 0.079 0.096
7 0.792 0.41 0.068 0.098
7 0.847 0.124 0.064 0.084
7 0.8765000000000001 0.1865 0.075 0.095
7 0.8675 0.021 0.069 0.042
7 0.517 0.0795 0.057999999999999996 0.083
7 0.4805 0.1 0.061 0.062
7 0.447 0.171 0.07 0.07
7 0.4775 0.2065 0.061 0.077
7 0.22399999999999998 0.3435 0.07 0.077
7 0.19649999999999998 0.4265 0.057 0.075
7 0.40549999999999997 0.42450000000000004 0.061 0.08900000000000001
7 0.44299999999999995 0.502 0.055999999999999994 0.08800000000000001
7 0.068 0.38549999999999995 0.048 0.083
7 0.0965 0.47 0.051 0.07
7 0.022000000000000002 0.38799999999999996 0.044000000000000004 0.08800000000000001
7 0.39049999999999996 0.597 0.061 0.086
7 0.344 0.69 0.048 0.06
7 0.3455 0.6455 0.059000000000000004 0.051
7 0.386 0.73 0.07200000000000001 0.062
7 0.39049999999999996 0.6920000000000001 0.047 0.064
7 0.401 0.789 0.062 0.078
7 0.33549999999999996 0.7955 0.028999999999999998 0.055
7 0.612 0.7020000000000001 0.068 0.102
7 0.687 0.731 0.066 0.07
7 0.7835 0.7140000000000001 0.081 0.11199999999999999
7 0.9470000000000001 0.6315 0.062 0.079
7 0.9440000000000001 0.706 0.08 0.078
7 0.902 0.8425 0.068 0.085
7 0.9854999999999999 0.8490000000000001 0.028999999999999998 0.078
7 0.917 0.9305 0.05 0.061
7 0.9715 0.968 0.057 0.064
7 0.7645000000000001 0.86 0.063 0.078
7 0.777 0.9695 0.062 0.061
7 0.674 0.9345 0.086 0.08900000000000001
7 0.6409999999999999 0.981 0.054000000000000006 0.038
7 0.612 0.8215 0.06 0.081
7 0.528 0.8765000000000001 0.064 0.09300000000000001
7 0.4525 0.9055 0.095 0.065
7 0.5075 0.972 0.055 0.055999999999999994
7 0.27449999999999997 0.9159999999999999 0.075 0.07
7 0.207 0.9625 0.062 0.067
7 0.21350000000000002 0.8775 0.055 0.077
7 0.0415 0.508 0.051 0.078
7 0.102 0.542 0.084 0.064
7 0.0345 0.6135 0.059000000000000004 0.085
7 0.08 0.614 0.052000000000000005 0.06
7 0.1495 0.604 0.057 0.068
7 0.17149999999999999 0.5635 0.055 0.061
7 0.204 0.6015 0.068 0.087
7 0.1075 0.6679999999999999 0.047 0.054000000000000006
7 0.0165 0.7295 0.033 0.049
7 0.0525 0.7025 0.065 0.061
7 0.071 0.741 0.046 0.055999999999999994
7 0.13 0.7755 0.068 0.067
7 0.075 0.8390000000000001 0.055999999999999994 0.07200000000000001
7 0.0235 0.8734999999999999 0.047 0.071
7 0.0105 0.938 0.021 0.057999999999999996
7 0.077 0.9795 0.034 0.040999999999999995
7 0.11199999999999999 0.9575 0.044000000000000004 0.065
7 0.1005 0.899 0.043 0.068
7 0.134 0.873 0.05 0.064
7 0.1525 0.8315 0.049 0.049