7 0.025 0.08 0.05 0.065
7 0.075 0.155 0.055 0.065
7 0.025 0.155 0.05 0.08
7 0.025 0.235 0.045 0.075
7 0.05 0.29 0.045 0.07
7 0.16 0.245 0.06 0.08
7 0.175 0.06 0.055 0.075
7 0.215 0.045 0.05 0.075
7 0.28 0.155 0.07 0.085
7 0.34 0.07 0.055 0.075
7 0.335 0.145 0.04 0.065
7 0.41 0.015 0.07 0.03
7 0.585 0.17 0.08 0.065
7 0.605 0.24 0.08 0.07
7 0.59 0.34 0.105 0.09
7 0.605 0.465 0.08 0.095
7 0.79 0.41 0.07 0.1
7 0.845 0.125 0.065 0.085
7 0.875 0.185 0.075 0.095
7 0.87 0.02 0.07 0.04
7 0.515 0.08 0.06 0.085
7 0.48 0.1 0.06 0.06
7 0.445 0.17 0.07 0.07
7 0.48 0.205 0.06 0.075
7 0.225 0.345 0.07 0.075
7 0.195 0.425 0.055 0.075
7 0.405 0.425 0.06 0.09
7 0.445 0.5 0.055 0.09
7 0.07 0.385 0.05 0.085
7 0.095 0.47 0.05 0.07
7 0.02 0.385 0.04 0.09
7 0.39 0.595 0.06 0.085
7 0.345 0.69 0.05 0.06
7 0.345 0.645 0.06 0.05
7 0.385 0.73 0.07 0.06
7 0.39 0.69 0.045 0.065
7 0.4 0.79 0.06 0.08
7 0.335 0.795 0.03 0.055
7 0.61 0.7 0.07 0.1
7 0.685 0.73 0.065 0.07
7 0.785 0.715 0.08 0.11
7 0.945 0.63 0.06 0.08
7 0.945 0.705 0.08 0.08
7 0.9 0.84 0.07 0.085
7 0.985 0.85 0.03 0.08
7 0.915 0.93 0.05 0.06
7 0.965 0.965 0.05 0.07
7 0.765 0.86 0.065 0.08
7 0.775 0.97 0.06 0.06
7 0.675 0.935 0.085 0.09
7 0.64 0.98 0.055 0.04
7 0.61 0.82 0.06 0.08
7 0.53 0.875 0.065 0.095
7 0.45 0.905 0.095 0.065
7 0.51 0.97 0.055 0.055
7 0.275 0.915 0.075 0.07
7 0.205 0.96 0.06 0.065
7 0.215 0.88 0.055 0.075
7 0.04 0.51 0.05 0.08
7 0.1 0.54 0.085 0.065
7 0.035 0.615 0.06 0.085
7 0.08 0.615 0.05 0.06
7 0.15 0.605 0.055 0.07
7 0.17 0.565 0.055 0.06
7 0.205 0.6 0.07 0.085
7 0.11 0.67 0.045 0.055
7 0.015 0.725 0.03 0.05
7 0.05 0.7 0.065 0.06
7 0.07 0.74 0.045 0.055
7 0.13 0.775 0.07 0.065
7 0.075 0.84 0.055 0.07
7 0.025 0.875 0.045 0.07
7 0.01 0.94 0.02 0.06
7 0.075 0.98 0.035 0.04
7 0.11 0.96 0.045 0.065
7 0.1 0.9 0.045 0.07
7 0.135 0.875 0.05 0.065
7 0.15 0.83 0.05 0.05