7 0.5816 0.28550000000000003 0.0895 0.1211
7 0.6586 0.1961 0.0592 0.10529999999999999
7 0.6973999999999999 0.1954 0.0553 0.0908
7 0.6132 0.0493 0.0895 0.0934
7 0.6664 0.34409999999999996 0.0645 0.0882
7 0.7045999999999999 0.3546 0.0408 0.06709999999999999
7 0.7513 0.4388 0.0579 0.0855
7 0.8375 0.4592 0.0461 0.0711
7 0.8763 0.4336 0.0711 0.0934
7 0.7618 0.5829 0.0789 0.0737
7 0.775 0.5539000000000001 0.0711 0.0789
7 0.5428000000000001 0.5868 0.0882 0.11320000000000001
7 0.598 0.7020000000000001 0.08289999999999999 0.1276
7 0.7533 0.7454000000000001 0.0855 0.09609999999999999
7 0.7809 0.7112 0.0776 0.08289999999999999
7 0.8454 0.6224000000000001 0.061799999999999994 0.0868
7 0.8868 0.6559 0.0658 0.0934
7 0.9151 0.752 0.0697 0.12240000000000001
7 0.9125 0.6895 0.0461 0.0632
7 0.9520000000000001 0.75 0.0645 0.1026
7 0.9743 0.6973999999999999 0.0513 0.0737
7 0.9138 0.5743 0.0855 0.0987
7 0.9553 0.6211 0.0895 0.0868
7 0.977 0.5895 0.0461 0.0895
7 0.9651000000000001 0.5316 0.0697 0.1026
7 0.7920999999999999 0.19079999999999997 0.0553 0.0816
7 0.8190999999999999 0.1362 0.0645 0.0697
7 0.8401000000000001 0.1888 0.061799999999999994 0.0776
7 0.8526 0.2849 0.0553 0.075
7 0.8717 0.2408 0.0697 0.0868
7 0.8961 0.33880000000000005 0.0579 0.0592
7 0.8941 0.2849 0.061799999999999994 0.0855
7 0.8842 0.1072 0.0632 0.06709999999999999
7 0.8875 0.0638 0.075 0.056600000000000004
7 0.9059 0.025 0.08289999999999999 0.05
7 0.9197 0.1928 0.0816 0.0776
7 0.9355 0.14279999999999998 0.0632 0.0697
7 0.9493 0.09210000000000002 0.0592 0.0632
7 0.9723999999999999 0.0362 0.0553 0.0724
7 0.973 0.1329 0.053899999999999997 0.1474
7 0.9605 0.2888 0.0789 0.0776
7 0.9789 0.2395 0.0421 0.05
7 0.9854999999999999 0.3493 0.028900000000000002 0.09609999999999999
7 0.9849 0.4428 0.030299999999999997 0.053899999999999997
7 0.9868000000000001 0.8967 0.0263 0.0908
7 0.9822 0.7743000000000001 0.0355 0.08289999999999999
7 0.8197 0.8704000000000001 0.0789 0.09609999999999999
7 0.8355 0.9658 0.0605 0.0658
7 0.8545999999999999 0.9066 0.0724 0.0789
7 0.9184 0.9776 0.0658 0.0447