7 0.58 0.285 0.09 0.12
7 0.66 0.195 0.06 0.105
7 0.695 0.195 0.055 0.09
7 0.615 0.05 0.09 0.095
7 0.665 0.345 0.065 0.09
7 0.705 0.355 0.04 0.065
7 0.75 0.44 0.06 0.085
7 0.84 0.46 0.045 0.07
7 0.875 0.435 0.07 0.095
7 0.76 0.585 0.08 0.075
7 0.775 0.555 0.07 0.08
7 0.545 0.585 0.09 0.115
7 0.6 0.7 0.085 0.13
7 0.755 0.745 0.085 0.095
7 0.78 0.71 0.08 0.085
7 0.845 0.62 0.06 0.085
7 0.885 0.655 0.065 0.095
7 0.915 0.75 0.07 0.12
7 0.91 0.69 0.045 0.065
7 0.95 0.75 0.065 0.105
7 0.975 0.695 0.05 0.075
7 0.915 0.575 0.085 0.1
7 0.955 0.615 0.09 0.09
7 0.975 0.585 0.05 0.09
7 0.965 0.53 0.07 0.105
7 0.79 0.19 0.055 0.08
7 0.82 0.135 0.065 0.07
7 0.84 0.19 0.06 0.08
7 0.855 0.285 0.055 0.075
7 0.87 0.24 0.07 0.085
7 0.895 0.34 0.06 0.06
7 0.895 0.285 0.06 0.085
7 0.885 0.105 0.065 0.065
7 0.89 0.065 0.075 0.055
7 0.905 0.025 0.085 0.05
7 0.92 0.195 0.08 0.08
7 0.935 0.145 0.065 0.07
7 0.95 0.09 0.06 0.065
7 0.97 0.035 0.06 0.07
7 0.97 0.13 0.06 0.14
7 0.96 0.29 0.08 0.08
7 0.98 0.24 0.04 0.05
7 0.985 0.35 0.03 0.095
7 0.98 0.435 0.04 0.05
7 0.985 0.895 0.025 0.09
7 0.98 0.775 0.035 0.085
7 0.82 0.87 0.08 0.095
7 0.835 0.965 0.06 0.065
7 0.855 0.905 0.07 0.08
7 0.915 0.975 0.07 0.05