7 0.5816 0.28550000000000003 0.08950000000000002 0.12110000000000003
7 0.6586 0.1961 0.05919999999999995 0.1053
7 0.6973999999999999 0.1954 0.05530000000000001 0.09079999999999998
7 0.6132 0.0493 0.08950000000000002 0.0934
7 0.6664 0.34409999999999996 0.06449999999999996 0.08819999999999997
7 0.7045999999999999 0.3546 0.04080000000000013 0.06709999999999994
7 0.7513 0.4388 0.057899999999999924 0.08549999999999996
7 0.8375 0.4592 0.046100000000000134 0.0711
7 0.8763 0.4336 0.07110000000000014 0.09340000000000004
7 0.7618 0.5829 0.07889999999999986 0.07370000000000004
7 0.775 0.5539000000000001 0.07110000000000014 0.07890000000000001
7 0.5428000000000001 0.5868 0.08819999999999993 0.11320000000000008
7 0.598 0.7020000000000001 0.08289999999999992 0.1276
7 0.7533 0.7454000000000001 0.08550000000000012 0.09609999999999985
7 0.7809 0.7112 0.0775999999999999 0.08289999999999992
7 0.8454 0.6224000000000001 0.06180000000000007 0.08679999999999993
7 0.8868 0.6559 0.06580000000000012 0.09340000000000004
7 0.9151 0.752 0.06969999999999998 0.12240000000000009
7 0.9125 0.6895 0.046100000000000134 0.06319999999999994
7 0.9520000000000001 0.75 0.06449999999999989 0.10259999999999991
7 0.9743 0.6973999999999999 0.05129999999999996 0.07370000000000004
7 0.9138 0.5743 0.08550000000000012 0.09870000000000005
7 0.955 0.615 0.09 0.09
7 0.975 0.585 0.05 0.09
7 0.9651000000000001 0.5316 0.06969999999999998 0.10260000000000005
7 0.7920999999999999 0.19079999999999997 0.05530000000000001 0.08159999999999998
7 0.8190999999999999 0.13620000000000002 0.06449999999999989 0.06970000000000001
7 0.8401000000000001 0.1888 0.06180000000000007 0.07759999999999997
7 0.8526 0.28489999999999993 0.05530000000000001 0.07499999999999997
7 0.8717 0.2408 0.06969999999999998 0.0868
7 0.8961 0.33880000000000005 0.057899999999999924 0.059200000000000016
7 0.8941 0.2849 0.06180000000000007 0.08550000000000005
7 0.8842 0.1072 0.06319999999999994 0.0671
7 0.8875 0.06380000000000001 0.075 0.05660000000000001
7 0.9059 0.025 0.08289999999999992 0.05
7 0.9197 0.1928 0.08159999999999996 0.07759999999999997
7 0.9355 0.1428 0.06319999999999994 0.06970000000000001
7 0.9493 0.09210000000000002 0.05919999999999988 0.0632
7 0.97 0.035 0.06 0.07
7 0.973 0.1329 0.053899999999999865 0.14740000000000003
7 0.9605 0.2888 0.07889999999999986 0.07759999999999997
7 0.9789 0.2395 0.04210000000000008 0.05
7 0.9854999999999999 0.3493 0.028899999999999863 0.09609999999999999
7 0.98 0.435 0.04 0.05
7 0.9868000000000001 0.8967 0.026299999999999955 0.09080000000000013
7 0.9822 0.7743000000000001 0.035500000000000115 0.08289999999999992
7 0.8197 0.8704000000000001 0.07889999999999986 0.09609999999999985
7 0.8355 0.9658 0.060500000000000116 0.06580000000000012
7 0.8545999999999999 0.9066 0.07240000000000009 0.07889999999999986
7 0.9184 0.9776 0.06580000000000012 0.04469999999999999