7 0.02 0.025 0.035 0.045
7 0.015 0.1 0.03 0.05
7 0.05 0.07 0.06 0.055
7 0.055 0.015 0.045 0.025
7 0.085 0.04 0.05 0.055
7 0.025 0.2 0.04 0.07
7 0.105 0.165 0.045 0.065
7 0.14 0.135 0.04 0.065
7 0.19 0.11 0.06 0.075
7 0.135 0.045 0.065 0.09
7 0.19 0.03 0.055 0.06
7 0.065 0.165 0.05 0.06
7 0.03 0.245 0.055 0.05
7 0.025 0.385 0.045 0.05
7 0.035 0.34 0.055 0.055
7 0.04 0.3 0.055 0.055
7 0.02 0.44 0.04 0.06
7 0.015 0.53 0.03 0.085
7 0.08 0.5 0.04 0.04
7 0.02 0.62 0.04 0.08
7 0.06 0.57 0.05 0.055
7 0.085 0.615 0.04 0.05
7 0.125 0.54 0.065 0.07
7 0.03 0.69 0.06 0.085
7 0.02 0.915 0.04 0.07
7 0.05 0.88 0.06 0.105
7 0.045 0.815 0.03 0.05
7 0.05 0.975 0.04 0.05
7 0.11 0.96 0.06 0.08
7 0.125 0.33 0.05 0.065
7 0.1 0.445 0.035 0.05
7 0.135 0.45 0.05 0.095
7 0.16 0.37 0.055 0.1
7 0.22 0.405 0.05 0.055
7 0.18 0.435 0.045 0.05
7 0.29 0.37 0.035 0.055
7 0.205 0.345 0.045 0.05
7 0.24 0.35 0.045 0.065
7 0.11 0.265 0.045 0.065
7 0.14 0.235 0.06 0.065
7 0.16 0.195 0.05 0.055
7 0.19 0.215 0.06 0.055
7 0.235 0.225 0.035 0.045
7 0.255 0.255 0.035 0.06
7 0.3 0.265 0.04 0.07
7 0.335 0.27 0.04 0.075
7 0.305 0.32 0.035 0.035
7 0.245 0.175 0.04 0.06
7 0.28 0.175 0.04 0.065
7 0.32 0.175 0.05 0.055
7 0.24 0.05 0.06 0.055
7 0.25 0.095 0.06 0.06
7 0.295 0.03 0.05 0.06
7 0.355 0.02 0.07 0.04
7 0.3 0.105 0.045 0.065
7 0.35 0.11 0.075 0.09
7 0.425 0.145 0.065 0.06
7 0.425 0.1 0.085 0.055
7 0.45 0.025 0.045 0.05
7 0.48 0.075 0.045 0.065
7 0.54 0.03 0.06 0.055
7 0.545 0.1 0.04 0.05
7 0.575 0.06 0.025 0.04
7 0.485 0.155 0.03 0.06
7 0.515 0.155 0.04 0.045
7 0.39 0.245 0.05 0.05
7 0.425 0.275 0.06 0.07
7 0.485 0.235 0.03 0.07
7 0.535 0.225 0.05 0.07
7 0.585 0.19 0.045 0.065
7 0.615 0.15 0.05 0.075
7 0.59 0.02 0.03 0.035
7 0.62 0.04 0.05 0.045
7 0.65 0.015 0.045 0.03
7 0.685 0.05 0.06 0.04
7 0.705 0.02 0.055 0.04
7 0.79 0.045 0.055 0.05
7 0.82 0.035 0.045 0.065
7 0.98 0.02 0.04 0.04
7 0.95 0.11 0.075 0.07
7 0.885 0.095 0.045 0.055
7 0.84 0.155 0.07 0.085
7 0.835 0.1 0.055 0.05
7 0.725 0.15 0.06 0.095
7 0.685 0.14 0.035 0.065
7 0.685 0.22 0.06 0.07
7 0.955 0.22 0.05 0.06
7 0.9 0.235 0.055 0.085
7 0.865 0.23 0.04 0.065
7 0.25 0.435 0.04 0.065
7 0.28 0.46 0.05 0.055
7 0.33 0.48 0.05 0.075
7 0.71 0.58 0.05 0.07
7 0.925 0.58 0.045 0.065
7 0.785 0.675 0.05 0.055
7 0.705 0.71 0.04 0.045
7 0.67 0.755 0.055 0.065
7 0.61 0.76 0.055 0.095
7 0.9 0.89 0.045 0.075
7 0.925 0.785 0.04 0.07
7 0.985 0.55 0.03 0.04
7 0.985 0.4 0.03 0.06
7 0.97 0.295 0.04 0.06
7 0.93 0.355 0.045 0.05
7 0.905 0.33 0.045 0.05
7 0.86 0.295 0.04 0.08
7 0.815 0.3 0.06 0.055
7 0.78 0.35 0.045 0.055
7 0.765 0.315 0.04 0.055
7 0.79 0.42 0.045 0.06
7 0.825 0.39 0.04 0.065
7 0.83 0.47 0.06 0.08
7 0.885 0.455 0.06 0.06
7 0.705 0.455 0.055 0.07
7 0.705 0.36 0.04 0.06
7 0.71 0.33 0.04 0.065
7 0.625 0.44 0.055 0.07
7 0.59 0.515 0.045 0.09
7 0.55 0.505 0.04 0.05
7 0.545 0.59 0.045 0.08
7 0.615 0.59 0.075 0.065
7 0.63 0.64 0.045 0.05
7 0.57 0.665 0.045 0.05
7 0.485 0.3 0.04 0.04
7 0.455 0.345 0.065 0.055
7 0.43 0.405 0.06 0.075
7 0.475 0.38 0.045 0.045
7 0.495 0.435 0.06 0.065
7 0.515 0.345 0.05 0.065
7 0.585 0.38 0.06 0.1
7 0.605 0.32 0.045 0.055
7 0.66 0.385 0.06 0.085
7 0.645 0.335 0.04 0.05
7 0.54 0.375 0.045 0.095
7 0.445 0.475 0.07 0.06
7 0.38 0.505 0.06 0.07
7 0.495 0.53 0.055 0.065
7 0.44 0.535 0.065 0.07
7 0.23 0.55 0.04 0.065
7 0.225 0.49 0.05 0.065
7 0.36 0.61 0.05 0.075
7 0.3 0.53 0.035 0.06
7 0.335 0.54 0.035 0.06
7 0.375 0.555 0.06 0.05
7 0.41 0.61 0.03 0.05
7 0.46 0.665 0.06 0.055
7 0.46 0.62 0.06 0.045
7 0.475 0.725 0.055 0.06
7 0.52 0.71 0.045 0.065
7 0.42 0.835 0.04 0.045
7 0.46 0.835 0.045 0.06
7 0.485 0.79 0.05 0.045
7 0.43 0.79 0.045 0.05
7 0.4 0.94 0.05 0.065
7 0.42 0.88 0.04 0.035
7 0.4 0.67 0.045 0.065
7 0.415 0.705 0.03 0.055
7 0.25 0.66 0.055 0.065
7 0.2 0.615 0.055 0.06
7 0.155 0.64 0.045 0.09
7 0.115 0.655 0.06 0.06
7 0.11 0.705 0.05 0.05
7 0.085 0.775 0.05 0.08
7 0.125 0.75 0.045 0.06
7 0.16 0.72 0.04 0.08
7 0.305 0.65 0.08 0.055
7 0.29 0.695 0.055 0.05
7 0.335 0.705 0.07 0.07
7 0.37 0.76 0.06 0.075
7 0.205 0.765 0.065 0.085
7 0.255 0.76 0.06 0.075
7 0.31 0.755 0.065 0.04
7 0.3 0.85 0.05 0.055
7 0.31 0.8 0.05 0.035
7 0.35 0.84 0.035 0.055
7 0.185 0.84 0.04 0.05
7 0.13 0.895 0.05 0.06
7 0.215 0.91 0.06 0.07
7 0.215 0.85 0.04 0.035
7 0.24 0.89 0.04 0.05
7 0.18 0.905 0.045 0.065
7 0.225 0.965 0.055 0.07
7 0.31 0.975 0.045 0.045
7 0.27 0.95 0.045 0.075
7 0.325 0.945 0.085 0.07
7 0.3 0.9 0.05 0.045
7 0.475 0.965 0.05 0.055
7 0.545 0.9 0.04 0.055
7 0.56 0.845 0.035 0.06
7 0.59 0.87 0.035 0.05
7 0.535 0.97 0.03 0.06
7 0.575 0.965 0.03 0.065
7 0.61 0.93 0.035 0.07
7 0.62 0.96 0.04 0.08
7 0.68 0.905 0.055 0.085
7 0.71 0.86 0.055 0.11
7 0.755 0.78 0.095 0.095
7 0.86 0.7 0.08 0.065
7 0.885 0.655 0.055 0.06
7 0.85 0.79 0.06 0.11
7 0.755 0.93 0.035 0.08
7 0.775 0.875 0.045 0.08
7 0.785 0.95 0.055 0.065
7 0.835 0.93 0.07 0.095
7 0.8 0.98 0.045 0.035
7 0.7 0.98 0.07 0.04
7 0.75 0.985 0.035 0.03
7 0.875 0.99 0.045 0.015
7 0.965 0.97 0.05 0.06
7 0.98 0.925 0.035 0.065
7 0.98 0.87 0.04 0.05
7 0.98 0.795 0.04 0.06
7 0.98 0.73 0.04 0.06
7 0.985 0.68 0.03 0.06