7 0.0175 0.023 0.035 0.046
7 0.015 0.09949999999999999 0.03 0.049
7 0.048 0.071 0.057999999999999996 0.054000000000000006
7 0.057 0.013000000000000001 0.044000000000000004 0.026000000000000002
7 0.08449999999999999 0.0425 0.049 0.057
7 0.023 0.2 0.04 0.07
7 0.106 0.1655 0.046 0.063
7 0.14150000000000001 0.13699999999999998 0.039 0.064
7 0.192 0.1085 0.057999999999999996 0.075
7 0.1335 0.0455 0.063 0.091
7 0.1875 0.029500000000000002 0.057 0.059000000000000004
7 0.0635 0.16449999999999998 0.049 0.061
7 0.0285 0.245 0.057 0.05
7 0.0245 0.386 0.045 0.048
7 0.034 0.341 0.055999999999999994 0.055999999999999994
7 0.0375 0.299 0.057 0.054000000000000006
7 0.0225 0.4465 0.045 0.065
7 0.016 0.5325 0.032 0.085
7 0.08 0.5 0.038 0.04
7 0.0215 0.618 0.043 0.078
7 0.057999999999999996 0.5675 0.052000000000000005 0.057
7 0.086 0.617 0.04 0.048
7 0.1235 0.5395 0.063 0.069
7 0.028999999999999998 0.6875 0.057999999999999996 0.085
7 0.02 0.9129999999999999 0.04 0.07200000000000001
7 0.0525 0.88 0.061 0.106
7 0.047 0.815 0.032 0.05
7 0.048499999999999995 0.9745 0.039 0.051
7 0.11449999999999999 0.9634999999999999 0.063 0.073
7 0.125 0.3275 0.048 0.063
7 0.1015 0.4445 0.037000000000000005 0.051
7 0.133 0.4495 0.052000000000000005 0.095
7 0.1605 0.368 0.055 0.098
7 0.22 0.406 0.052000000000000005 0.055999999999999994
7 0.1775 0.436 0.047 0.05
7 0.2905 0.368 0.033 0.055999999999999994
7 0.2045 0.345 0.043 0.05
7 0.2395 0.3505 0.043 0.063
7 0.11199999999999999 0.2635 0.044000000000000004 0.063
7 0.13849999999999998 0.237 0.059000000000000004 0.064
7 0.1605 0.19399999999999998 0.049 0.054000000000000006
7 0.192 0.21350000000000002 0.06 0.055
7 0.23600000000000002 0.22399999999999998 0.034 0.046
7 0.2535 0.254 0.037000000000000005 0.06
7 0.3025 0.265 0.039 0.068
7 0.33649999999999997 0.26899999999999996 0.039 0.076
7 0.3055 0.319 0.037000000000000005 0.034
7 0.243 0.177 0.04 0.06
7 0.2825 0.174 0.039 0.066
7 0.3215 0.1745 0.051 0.057
7 0.23800000000000002 0.0495 0.062 0.053
7 0.2515 0.09699999999999999 0.059000000000000004 0.057999999999999996
7 0.2945 0.03 0.049 0.06
7 0.354 0.022000000000000002 0.068 0.044000000000000004
7 0.3015 0.10300000000000001 0.047 0.066
7 0.3505 0.11 0.073 0.08800000000000001
7 0.42700000000000005 0.147 0.064 0.062
7 0.425 0.099 0.086 0.054000000000000006
7 0.44799999999999995 0.0245 0.044000000000000004 0.049
7 0.4825 0.073 0.043 0.064
7 0.539 0.0285 0.06 0.057
7 0.5435 0.10099999999999999 0.039 0.05
7 0.5755 0.059000000000000004 0.023 0.038
7 0.486 0.157 0.027999999999999997 0.06
7 0.5165 0.1545 0.039 0.047
7 0.3875 0.24600000000000002 0.051 0.052000000000000005
7 0.4235 0.275 0.061 0.068
7 0.485 0.2345 0.032 0.069
7 0.5329999999999999 0.22699999999999998 0.052000000000000005 0.068
7 0.5835 0.188 0.043 0.066
7 0.616 0.149 0.05 0.076
7 0.5925 0.0175 0.031 0.035
7 0.621 0.0425 0.05 0.043
7 0.6485 0.0155 0.043 0.031
7 0.684 0.048 0.06 0.042
7 0.7034999999999999 0.019 0.053 0.038
7 0.789 0.044000000000000004 0.054000000000000006 0.052000000000000005
7 0.8215 0.033 0.043 0.066
7 0.9790000000000001 0.0195 0.042 0.039
7 0.9525 0.10949999999999999 0.073 0.071
7 0.8859999999999999 0.0955 0.046 0.053
7 0.8384999999999999 0.1545 0.069 0.085
7 0.8355 0.09849999999999999 0.053 0.051
7 0.7265 0.1505 0.059000000000000004 0.09699999999999999
7 0.687 0.1405 0.036000000000000004 0.067
7 0.684 0.218 0.057999999999999996 0.068
7 0.953 0.2175 0.05 0.059000000000000004
7 0.8995000000000001 0.233 0.053 0.086
7 0.8645 0.2275 0.040999999999999995 0.063
7 0.2515 0.433 0.040999999999999995 0.064
7 0.282 0.45899999999999996 0.052000000000000005 0.054000000000000006
7 0.331 0.47950000000000004 0.052000000000000005 0.075
7 0.7075 0.579 0.049 0.07
7 0.9265000000000001 0.5815 0.043 0.065
7 0.785 0.6765000000000001 0.052000000000000005 0.055
7 0.7055 0.7125 0.040999999999999995 0.047
7 0.6685 0.7535 0.055 0.067
7 0.609 0.7595000000000001 0.055999999999999994 0.095
7 0.9015000000000001 0.889 0.047 0.076
7 0.9255 0.7855 0.039 0.071
7 0.9875 0.5535 0.025 0.047
7 0.9884999999999999 0.40299999999999997 0.023 0.064
7 0.972 0.2965 0.042 0.061
7 0.9295 0.35450000000000004 0.043 0.049
7 0.9045000000000001 0.32799999999999996 0.045 0.052000000000000005
7 0.8590000000000001 0.2965 0.04 0.079
7 0.813 0.3025 0.06 0.057
7 0.779 0.3505 0.044000000000000004 0.053
7 0.767 0.315 0.042 0.054000000000000006
7 0.789 0.418 0.044000000000000004 0.06
7 0.8265 0.3925 0.040999999999999995 0.063
7 0.828 0.4675 0.057999999999999996 0.079
7 0.884 0.455 0.057999999999999996 0.06
7 0.706 0.457 0.054000000000000006 0.068
7 0.703 0.361 0.038 0.06
7 0.7105 0.3325 0.039 0.065
7 0.627 0.442 0.054000000000000006 0.068
7 0.5925 0.5155 0.047 0.08900000000000001
7 0.552 0.505 0.042 0.052000000000000005
7 0.5455 0.588 0.045 0.08199999999999999
7 0.614 0.5925 0.076 0.067
7 0.6295000000000001 0.6415000000000001 0.047 0.051
7 0.5715 0.6659999999999999 0.047 0.05
7 0.48450000000000004 0.3 0.040999999999999995 0.038
7 0.4545 0.34450000000000003 0.065 0.053
7 0.43200000000000005 0.4035 0.062 0.075
7 0.47350000000000003 0.3795 0.043 0.045
7 0.496 0.435 0.06 0.064
7 0.515 0.34450000000000003 0.048 0.065
7 0.585 0.3775 0.06 0.10099999999999999
7 0.6054999999999999 0.3195 0.045 0.053
7 0.6625 0.38299999999999995 0.061 0.084
7 0.6445000000000001 0.336 0.040999999999999995 0.052000000000000005
7 0.54 0.377 0.044000000000000004 0.094
7 0.4445 0.47350000000000003 0.071 0.061
7 0.38049999999999995 0.5045000000000001 0.061 0.069
7 0.493 0.5315 0.054000000000000006 0.067
7 0.4385 0.5329999999999999 0.063 0.068
7 0.2275 0.5495 0.040999999999999995 0.063
7 0.223 0.48950000000000005 0.05 0.063
7 0.3605 0.6075 0.049 0.075
7 0.3005 0.53 0.033 0.06
7 0.33549999999999996 0.542 0.037000000000000005 0.062
7 0.374 0.5539999999999999 0.062 0.05
7 0.40850000000000003 0.6075 0.028999999999999998 0.049
7 0.462 0.6635 0.06 0.057
7 0.4575 0.619 0.059000000000000004 0.046
7 0.47350000000000003 0.7240000000000001 0.053 0.062
7 0.518 0.708 0.044000000000000004 0.064
7 0.4215 0.8345 0.039 0.047
7 0.45899999999999996 0.8355 0.044000000000000004 0.059000000000000004
7 0.48700000000000004 0.7885 0.048 0.045
7 0.4305 0.7895 0.047 0.051
7 0.40049999999999997 0.9395 0.049 0.065
7 0.4205 0.8825 0.039 0.037000000000000005
7 0.3975 0.6709999999999999 0.047 0.064
7 0.414 0.7055 0.03 0.053
7 0.2515 0.6575 0.053 0.067
7 0.20149999999999998 0.616 0.053 0.062
7 0.1545 0.6405 0.043 0.08900000000000001
7 0.115 0.6535 0.062 0.059000000000000004
7 0.1105 0.7040000000000001 0.051 0.05
7 0.083 0.774 0.05 0.08199999999999999
7 0.124 0.752 0.046 0.057999999999999996
7 0.1575 0.718 0.040999999999999995 0.08199999999999999
7 0.3065 0.6485 0.079 0.055
7 0.2875 0.695 0.053 0.052000000000000005
7 0.336 0.705 0.07 0.07200000000000001
7 0.3715 0.762 0.061 0.07400000000000001
7 0.2045 0.7659999999999999 0.065 0.086
7 0.2555 0.7615000000000001 0.061 0.077
7 0.3105 0.755 0.063 0.04
7 0.3005 0.8490000000000001 0.049 0.055999999999999994
7 0.3125 0.8005 0.051 0.035
7 0.34950000000000003 0.838 0.037000000000000005 0.054000000000000006
7 0.185 0.838 0.042 0.048
7 0.131 0.895 0.05 0.057999999999999996
7 0.214 0.9075 0.06 0.071
7 0.215 0.8490000000000001 0.042 0.036000000000000004
7 0.242 0.8905 0.04 0.049
7 0.1775 0.9059999999999999 0.045 0.066
7 0.2235 0.9640000000000001 0.057 0.068
7 0.3085 0.977 0.047 0.046
7 0.27 0.9495 0.046 0.077
7 0.3265 0.9470000000000001 0.083 0.07
7 0.298 0.898 0.052000000000000005 0.046
7 0.473 0.9645 0.052000000000000005 0.053
7 0.5455 0.8995000000000001 0.039 0.057
7 0.5579999999999999 0.846 0.036000000000000004 0.06
7 0.5915 0.8690000000000001 0.037000000000000005 0.05
7 0.5415 0.973 0.031 0.054000000000000006
7 0.5760000000000001 0.9640000000000001 0.032 0.066
7 0.6075 0.9285 0.037000000000000005 0.071
7 0.6225 0.961 0.039 0.078
7 0.6775 0.9055 0.055 0.083
7 0.71 0.8625 0.054000000000000006 0.109
7 0.7545000000000001 0.7815000000000001 0.09699999999999999 0.095
7 0.8590000000000001 0.7005 0.078 0.065
7 0.883 0.6555 0.055999999999999994 0.059000000000000004
7 0.852 0.7879999999999999 0.057999999999999996 0.11199999999999999
7 0.7559999999999999 0.9279999999999999 0.034 0.08
7 0.7745000000000001 0.8740000000000001 0.045 0.078
7 0.7835 0.9515 0.053 0.063
7 0.835 0.9325 0.07200000000000001 0.09300000000000001
7 0.7975 0.9825 0.047 0.035
7 0.7005 0.98 0.069 0.04
7 0.7475 0.985 0.035 0.03
7 0.8765000000000001 0.9915 0.047 0.017
7 0.972 0.973 0.048 0.054000000000000006
7 0.982 0.9265000000000001 0.036000000000000004 0.065
7 0.9804999999999999 0.871 0.039 0.052000000000000005
7 0.9804999999999999 0.7929999999999999 0.039 0.06
7 0.9834999999999999 0.737 0.033 0.066
7 0.985 0.6775 0.03 0.059000000000000004