7 0.0175 0.023 0.035 0.046
7 0.015 0.09949999999999999 0.03 0.048999999999999995
7 0.048 0.071 0.05799999999999999 0.05400000000000001
7 0.057 0.013000000000000001 0.044000000000000004 0.026000000000000002
7 0.08449999999999999 0.0425 0.048999999999999995 0.056999999999999995
7 0.023 0.2 0.04 0.07
7 0.106 0.1655 0.04599999999999998 0.06299999999999999
7 0.14150000000000001 0.13699999999999998 0.03900000000000001 0.06399999999999999
7 0.192 0.1085 0.05799999999999997 0.075
7 0.1335 0.0455 0.063 0.091
7 0.1875 0.029500000000000002 0.05700000000000001 0.059000000000000004
7 0.0635 0.16449999999999998 0.049000000000000016 0.06100000000000001
7 0.0285 0.245 0.057 0.05
7 0.0245 0.386 0.045 0.04799999999999997
7 0.033999999999999996 0.341 0.055999999999999994 0.05599999999999998
7 0.0375 0.299 0.056999999999999995 0.05400000000000002
7 0.0225 0.4465 0.045 0.065
7 0.016 0.5325 0.032 0.085
7 0.08 0.5 0.038000000000000006 0.04
7 0.0215 0.618 0.043 0.07800000000000004
7 0.057999999999999996 0.5675 0.05200000000000001 0.05700000000000003
7 0.086 0.617 0.04 0.04800000000000004
7 0.1235 0.5395 0.063 0.06900000000000006
7 0.028999999999999998 0.6875 0.057999999999999996 0.085
7 0.02 0.9129999999999999 0.04 0.07199999999999988
7 0.0525 0.88 0.061000000000000006 0.10599999999999994
7 0.047 0.815 0.03200000000000001 0.05
7 0.048499999999999995 0.9745 0.03900000000000001 0.05099999999999994
7 0.11449999999999999 0.9634999999999999 0.063 0.07300000000000012
7 0.125 0.3275 0.04800000000000001 0.06299999999999997
7 0.1015 0.4445 0.03699999999999999 0.05099999999999994
7 0.133 0.4495 0.05199999999999999 0.095
7 0.1605 0.368 0.055 0.09799999999999998
7 0.22 0.406 0.052000000000000025 0.055999999999999946
7 0.1775 0.436 0.047000000000000014 0.05
7 0.2905 0.368 0.032999999999999974 0.055999999999999946
7 0.2045 0.345 0.04299999999999997 0.05
7 0.2395 0.3505 0.04299999999999997 0.06299999999999997
7 0.11199999999999999 0.2635 0.043999999999999984 0.06299999999999997
7 0.13849999999999998 0.237 0.059000000000000025 0.06399999999999999
7 0.1605 0.19399999999999998 0.04899999999999999 0.053999999999999986
7 0.192 0.21350000000000002 0.06 0.055
7 0.23600000000000002 0.22399999999999998 0.03399999999999999 0.04600000000000001
7 0.2535 0.254 0.037000000000000026 0.06
7 0.3025 0.265 0.03900000000000002 0.06799999999999998
7 0.33649999999999997 0.26899999999999996 0.03900000000000002 0.07600000000000001
7 0.3055 0.319 0.03699999999999999 0.03400000000000002
7 0.243 0.177 0.04 0.06
7 0.2825 0.174 0.038999999999999986 0.06600000000000002
7 0.3215 0.1745 0.050999999999999976 0.05700000000000001
7 0.23800000000000002 0.0495 0.06200000000000003 0.05299999999999999
7 0.2515 0.09699999999999999 0.05899999999999998 0.05800000000000001
7 0.2945 0.03 0.04899999999999999 0.06
7 0.354 0.022000000000000002 0.06799999999999998 0.044000000000000004
7 0.3015 0.10300000000000001 0.04700000000000003 0.066
7 0.3505 0.11 0.07299999999999997 0.08800000000000001
7 0.42700000000000005 0.147 0.06400000000000006 0.06200000000000001
7 0.425 0.099 0.08599999999999994 0.05400000000000001
7 0.44799999999999995 0.0245 0.04400000000000006 0.049
7 0.4825 0.073 0.04299999999999997 0.064
7 0.539 0.0285 0.06 0.057
7 0.5435 0.10099999999999999 0.039000000000000055 0.05
7 0.5755 0.059000000000000004 0.022999999999999972 0.038000000000000006
7 0.486 0.157 0.027999999999999973 0.06
7 0.5165 0.1545 0.039000000000000055 0.047000000000000014
7 0.3875 0.24600000000000002 0.05099999999999994 0.052000000000000025
7 0.4235 0.275 0.06099999999999994 0.06799999999999998
7 0.485 0.2345 0.03200000000000003 0.06899999999999999
7 0.5329999999999999 0.22699999999999998 0.052000000000000025 0.06799999999999998
7 0.5835 0.188 0.04299999999999997 0.06600000000000002
7 0.616 0.149 0.049999999999999926 0.07599999999999998
7 0.5925 0.0175 0.030999999999999944 0.035
7 0.621 0.0425 0.049999999999999926 0.04300000000000001
7 0.6485 0.0155 0.043000000000000045 0.031
7 0.684 0.048 0.06 0.04200000000000001
7 0.7034999999999999 0.019 0.053000000000000116 0.038
7 0.789 0.044000000000000004 0.054000000000000055 0.05199999999999999
7 0.8215 0.033 0.043000000000000115 0.066
7 0.9790000000000001 0.0195 0.041999999999999885 0.039
7 0.9525 0.10949999999999999 0.07300000000000012 0.07100000000000001
7 0.8859999999999999 0.0955 0.045999999999999944 0.053000000000000005
7 0.8384999999999999 0.1545 0.06900000000000006 0.085
7 0.8355 0.09849999999999999 0.053000000000000116 0.05099999999999999
7 0.7265 0.1505 0.05900000000000006 0.09699999999999998
7 0.687 0.1405 0.03599999999999994 0.067
7 0.684 0.218 0.058000000000000114 0.06799999999999998
7 0.953 0.2175 0.05 0.05899999999999998
7 0.8995000000000001 0.233 0.053000000000000116 0.08600000000000002
7 0.8645 0.2275 0.040999999999999946 0.06299999999999997
7 0.2515 0.433 0.041000000000000016 0.06400000000000006
7 0.282 0.45899999999999996 0.052000000000000025 0.054000000000000055
7 0.331 0.47950000000000004 0.052000000000000025 0.075
7 0.7075 0.579 0.04900000000000006 0.07
7 0.9265000000000001 0.5815 0.043000000000000115 0.065
7 0.785 0.6765000000000001 0.05199999999999989 0.055
7 0.7055 0.7125 0.040999999999999946 0.04699999999999989
7 0.6685 0.7535 0.055 0.06699999999999989
7 0.609 0.7595000000000001 0.055999999999999946 0.095
7 0.9015000000000001 0.889 0.04699999999999989 0.07599999999999994
7 0.9255 0.7855 0.039000000000000055 0.07099999999999994
7 0.9875 0.5535 0.025 0.04700000000000003
7 0.9884999999999999 0.40299999999999997 0.023000000000000114 0.06400000000000006
7 0.972 0.2965 0.041999999999999885 0.06099999999999998
7 0.9295 0.35450000000000004 0.043000000000000115 0.04900000000000006
7 0.9045000000000001 0.32799999999999996 0.045 0.052000000000000025
7 0.8590000000000001 0.2965 0.04 0.07900000000000001
7 0.813 0.3025 0.06 0.05700000000000003
7 0.779 0.3505 0.04400000000000006 0.05299999999999997
7 0.767 0.315 0.041999999999999885 0.05400000000000002
7 0.789 0.418 0.04400000000000006 0.06
7 0.8265 0.3925 0.040999999999999946 0.06299999999999997
7 0.828 0.4675 0.058000000000000114 0.07900000000000006
7 0.884 0.455 0.058000000000000114 0.06
7 0.706 0.457 0.054000000000000055 0.06799999999999998
7 0.703 0.361 0.03800000000000012 0.06
7 0.7105 0.3325 0.039000000000000055 0.065
7 0.627 0.442 0.054000000000000055 0.06799999999999998
7 0.5925 0.5155 0.04700000000000003 0.08900000000000005
7 0.552 0.505 0.04200000000000003 0.052000000000000025
7 0.5455 0.588 0.045 0.08200000000000003
7 0.6140000000000001 0.5925 0.07600000000000001 0.06700000000000003
7 0.6295000000000001 0.6415000000000001 0.04699999999999996 0.05099999999999994
7 0.5715 0.6659999999999999 0.04700000000000003 0.05
7 0.48450000000000004 0.3 0.040999999999999946 0.03799999999999997
7 0.4545 0.34450000000000003 0.065 0.05299999999999997
7 0.43200000000000005 0.4035 0.06200000000000003 0.075
7 0.47350000000000003 0.3795 0.04299999999999997 0.045
7 0.496 0.435 0.06 0.06400000000000006
7 0.515 0.34450000000000003 0.04799999999999997 0.065
7 0.585 0.3775 0.06 0.10099999999999994
7 0.6054999999999999 0.3195 0.045 0.053000000000000005
7 0.6625 0.38299999999999995 0.06099999999999994 0.08400000000000006
7 0.6445000000000001 0.336 0.040999999999999946 0.052000000000000025
7 0.54 0.377 0.04400000000000006 0.09400000000000006
7 0.4445 0.47350000000000003 0.07099999999999994 0.06099999999999994
7 0.38049999999999995 0.5045000000000001 0.06099999999999994 0.06900000000000006
7 0.493 0.5315 0.054000000000000055 0.06700000000000003
7 0.4385 0.5329999999999999 0.06299999999999997 0.06799999999999998
7 0.2275 0.5495 0.041000000000000016 0.06299999999999997
7 0.223 0.48950000000000005 0.05 0.06299999999999997
7 0.3605 0.6075 0.04900000000000006 0.075
7 0.3005 0.53 0.032999999999999974 0.06
7 0.33549999999999996 0.542 0.037000000000000026 0.06200000000000003
7 0.374 0.5539999999999999 0.06200000000000003 0.05
7 0.40850000000000003 0.6075 0.029000000000000057 0.04900000000000006
7 0.462 0.6635 0.06 0.05699999999999996
7 0.4575 0.6190000000000001 0.05900000000000006 0.04600000000000001
7 0.47350000000000003 0.7240000000000001 0.05299999999999997 0.06199999999999989
7 0.518 0.708 0.04400000000000006 0.06400000000000006
7 0.4215 0.8345 0.039000000000000055 0.04699999999999989
7 0.45899999999999996 0.8355 0.04400000000000006 0.05900000000000006
7 0.48700000000000004 0.7885 0.04799999999999997 0.045
7 0.4305 0.7895 0.04700000000000003 0.05099999999999994
7 0.40049999999999997 0.9395 0.04900000000000006 0.065
7 0.4205 0.8825 0.039000000000000055 0.03699999999999989
7 0.3975 0.6709999999999999 0.04700000000000003 0.06400000000000006
7 0.414 0.7055 0.03 0.053000000000000116
7 0.2515 0.6575 0.05299999999999997 0.06699999999999996
7 0.20149999999999998 0.616 0.05299999999999997 0.06200000000000003
7 0.1545 0.6405 0.04299999999999999 0.08900000000000005
7 0.115 0.6535 0.06199999999999999 0.05900000000000006
7 0.1105 0.7040000000000001 0.05100000000000002 0.05
7 0.083 0.774 0.05 0.08199999999999989
7 0.124 0.752 0.04599999999999998 0.058000000000000114
7 0.1575 0.718 0.041000000000000016 0.08199999999999989
7 0.3065 0.6485 0.07900000000000001 0.055
7 0.2875 0.695 0.05299999999999997 0.05199999999999989
7 0.336 0.705 0.07 0.07199999999999988
7 0.3715 0.762 0.06099999999999994 0.07400000000000005
7 0.2045 0.7659999999999999 0.065 0.08599999999999994
7 0.2555 0.7615000000000001 0.06100000000000001 0.07699999999999989
7 0.31050000000000005 0.755 0.063 0.04
7 0.3005 0.8490000000000001 0.04899999999999999 0.055999999999999946
7 0.3125 0.8005 0.050999999999999976 0.035
7 0.34950000000000003 0.838 0.037000000000000026 0.054000000000000055
7 0.185 0.838 0.04200000000000003 0.04800000000000011
7 0.131 0.895 0.05 0.058000000000000114
7 0.214 0.9075 0.06 0.07099999999999994
7 0.215 0.8490000000000001 0.04200000000000003 0.03599999999999994
7 0.242 0.8905 0.04 0.04900000000000006
7 0.1775 0.9059999999999999 0.045 0.06599999999999995
7 0.2235 0.9640000000000001 0.05700000000000003 0.06800000000000012
7 0.3085 0.977 0.04700000000000003 0.045999999999999944
7 0.27 0.9495 0.04600000000000001 0.07699999999999989
7 0.3265 0.9470000000000001 0.08299999999999998 0.07
7 0.298 0.898 0.05199999999999999 0.045999999999999944
7 0.473 0.9645 0.052000000000000025 0.053000000000000116
7 0.5455 0.8995000000000001 0.039000000000000055 0.056999999999999884
7 0.5579999999999999 0.846 0.03599999999999994 0.06
7 0.5915 0.8690000000000001 0.037000000000000026 0.05
7 0.5415 0.973 0.030999999999999944 0.054000000000000055
7 0.5760000000000001 0.9640000000000001 0.03200000000000003 0.06599999999999995
7 0.6075 0.9285 0.037000000000000026 0.07099999999999994
7 0.6225 0.961 0.039000000000000055 0.07800000000000011
7 0.6775 0.9055 0.055 0.08300000000000012
7 0.71 0.8625 0.054000000000000055 0.10900000000000006
7 0.7545000000000001 0.7815000000000001 0.09699999999999989 0.095
7 0.8590000000000001 0.7005 0.07800000000000011 0.065
7 0.883 0.6555 0.055999999999999946 0.05900000000000006
7 0.852 0.7879999999999999 0.058000000000000114 0.11199999999999989
7 0.7559999999999999 0.9279999999999999 0.03400000000000006 0.08
7 0.7745000000000001 0.8740000000000001 0.045 0.07800000000000011
7 0.7835 0.9515 0.053000000000000116 0.06300000000000011
7 0.835 0.9325 0.07199999999999988 0.09300000000000011
7 0.7975 0.9825 0.04699999999999989 0.035
7 0.7005 0.98 0.06900000000000006 0.04
7 0.7475 0.985 0.035 0.03
7 0.8765000000000001 0.9915 0.04699999999999989 0.016999999999999887
7 0.972 0.973 0.04800000000000011 0.054000000000000055
7 0.982 0.9265000000000001 0.03599999999999994 0.065
7 0.9804999999999999 0.871 0.039000000000000055 0.05199999999999989
7 0.9804999999999999 0.7929999999999999 0.039000000000000055 0.06
7 0.9834999999999999 0.737 0.03300000000000011 0.06599999999999995
7 0.985 0.6775 0.03 0.05900000000000006