7 0.945 0.84 0.08 0.075
7 0.95 0.795 0.09 0.07
7 0.93 0.68 0.08 0.11
7 0.93 0.565 0.065 0.075
7 0.975 0.58 0.05 0.08
7 0.84 0.505 0.09 0.09
7 0.815 0.455 0.075 0.085
7 0.895 0.445 0.06 0.08
7 0.925 0.42 0.055 0.065
7 0.95 0.45 0.06 0.08
7 0.975 0.4 0.05 0.075
7 0.98 0.36 0.04 0.06
7 0.915 0.335 0.07 0.08
7 0.95 0.275 0.065 0.085
7 0.965 0.18 0.07 0.08
7 0.93 0.04 0.08 0.08
7 0.955 0.1 0.06 0.07
7 0.965 0.06 0.07 0.09
7 0.87 0.06 0.085 0.105
7 0.84 0.14 0.075 0.09
7 0.885 0.225 0.08 0.125
7 0.855 0.32 0.065 0.08
7 0.76 0.275 0.06 0.075
7 0.8 0.24 0.07 0.1
7 0.7 0.29 0.045 0.09
7 0.73 0.275 0.055 0.085
7 0.73 0.465 0.06 0.07
7 0.745 0.43 0.055 0.07
7 0.765 0.405 0.065 0.06
7 0.78 0.35 0.07 0.085
7 0.74 0.905 0.075 0.1
7 0.645 0.895 0.06 0.1
7 0.615 0.97 0.04 0.06
7 0.74 0.645 0.075 0.095
7 0.68 0.59 0.06 0.09
7 0.72 0.58 0.055 0.085
7 0.71 0.535 0.065 0.075
7 0.63 0.455 0.055 0.07
7 0.675 0.495 0.07 0.08
7 0.575 0.585 0.065 0.075
7 0.615 0.69 0.06 0.075
7 0.64 0.645 0.085 0.095
7 0.58 0.665 0.05 0.095
7 0.515 0.73 0.065 0.105
7 0.53 0.67 0.075 0.085
7 0.445 0.765 0.07 0.085
7 0.295 0.87 0.055 0.075
7 0.335 0.845 0.06 0.08
7 0.27 0.845 0.05 0.085
7 0.395 0.905 0.065 0.08
7 0.415 0.865 0.055 0.065
7 0.445 0.825 0.065 0.07
7 0.475 0.89 0.055 0.085
7 0.505 0.855 0.075 0.075
7 0.185 0.91 0.055 0.08
7 0.235 0.925 0.06 0.1
7 0.1 0.955 0.06 0.06
7 0.12 0.98 0.05 0.04
7 0.025 0.96 0.05 0.06
7 0.02 0.905 0.04 0.07
7 0.04 0.855 0.045 0.075
7 0.01 0.675 0.02 0.07
7 0.025 0.645 0.05 0.07
7 0.015 0.77 0.03 0.115
7 0.05 0.715 0.045 0.09
7 0.095 0.74 0.055 0.085
7 0.08 0.685 0.035 0.055
7 0.135 0.705 0.045 0.06
7 0.16 0.81 0.065 0.075
7 0.175 0.74 0.06 0.095
7 0.2 0.755 0.055 0.085
7 0.255 0.685 0.095 0.12
7 0.19 0.59 0.06 0.08
7 0.22 0.62 0.065 0.1
7 0.275 0.555 0.055 0.08
7 0.285 0.49 0.055 0.065
7 0.31 0.605 0.065 0.115
7 0.345 0.635 0.055 0.085
7 0.415 0.68 0.075 0.095
7 0.35 0.525 0.05 0.075
7 0.37 0.555 0.065 0.08
7 0.39 0.505 0.055 0.07
7 0.465 0.53 0.08 0.095
7 0.55 0.51 0.065 0.08
7 0.54 0.465 0.055 0.055
7 0.595 0.285 0.065 0.07
7 0.625 0.23 0.05 0.085
7 0.645 0.195 0.055 0.075
7 0.67 0.16 0.055 0.07
7 0.625 0.025 0.07 0.05
7 0.61 0.125 0.065 0.085
7 0.525 0.165 0.055 0.075
7 0.565 0.205 0.07 0.105
7 0.395 0.045 0.07 0.09
7 0.46 0.1 0.075 0.095
7 0.38 0.19 0.075 0.085
7 0.39 0.26 0.085 0.08
7 0.42 0.23 0.065 0.085
7 0.475 0.27 0.055 0.085
7 0.495 0.345 0.07 0.115
7 0.42 0.33 0.06 0.085
7 0.42 0.43 0.055 0.08
7 0.25 0.31 0.065 0.085
7 0.31 0.31 0.07 0.085
7 0.31 0.265 0.06 0.065
7 0.245 0.13 0.05 0.105
7 0.27 0.185 0.045 0.135
7 0.3 0.19 0.06 0.09
7 0.11 0.05 0.07 0.08
7 0.13 0.11 0.06 0.105
7 0.17 0.11 0.06 0.085
7 0.025 0.045 0.05 0.07
7 0.07 0.015 0.055 0.03
7 0.02 0.175 0.04 0.065
7 0.04 0.135 0.055 0.08
7 0.02 0.33 0.04 0.09
7 0.035 0.28 0.055 0.07
7 0.05 0.215 0.055 0.075
7 0.075 0.24 0.05 0.06
7 0.12 0.215 0.06 0.085
7 0.09 0.305 0.06 0.075
7 0.01 0.395 0.02 0.07
7 0.155 0.47 0.065 0.085
7 0.155 0.415 0.07 0.075
7 0.18 0.36 0.065 0.08
7 0.24 0.41 0.06 0.07
7 0.06 0.455 0.04 0.085
7 0.1 0.435 0.065 0.11
7 0.08 0.56 0.065 0.08
7 0.1 0.505 0.07 0.06
7 0.015 0.545 0.03 0.09