7 0.9440999999999999 0.8388 0.08030000000000001 0.075
7 0.9493 0.7934 0.08819999999999993 0.06840000000000003
7 0.9283 0.6776000000000001 0.08030000000000001 0.11050000000000004
7 0.9322 0.5645 0.06710000000000008 0.07629999999999995
7 0.9776 0.5776 0.04469999999999999 0.08159999999999996
7 0.8388 0.5046 0.08819999999999993 0.08820000000000007
7 0.8145 0.45530000000000004 0.07629999999999995 0.08680000000000007
7 0.8934000000000001 0.4454 0.060500000000000116 0.07760000000000006
7 0.925 0.4191 0.05530000000000001 0.06709999999999994
7 0.9512999999999999 0.4487 0.060500000000000116 0.08159999999999996
7 0.975 0.3993 0.05 0.075
7 0.9789 0.3618 0.04210000000000008 0.06049999999999997
7 0.9145 0.3329 0.07110000000000014 0.08159999999999996
7 0.9506999999999999 0.2757 0.06710000000000008 0.08549999999999996
7 0.965 0.18 0.07 0.08
7 0.9309000000000001 0.0388 0.0775999999999999 0.0776
7 0.9559000000000001 0.1013 0.06180000000000007 0.0684
7 0.9638 0.06049999999999999 0.07240000000000009 0.0895
7 0.8684000000000001 0.05860000000000001 0.08419999999999987 0.1066
7 0.8395 0.1408 0.07629999999999995 0.0895
7 0.8862000000000001 0.2237 0.0775999999999999 0.12369999999999998
7 0.8526 0.3178 0.06319999999999994 0.08030000000000001
7 0.7612000000000001 0.2737 0.05919999999999988 0.07630000000000002
7 0.7987000000000001 0.2375 0.07110000000000014 0.10130000000000003
7 0.7012999999999999 0.2888 0.04740000000000009 0.0882
7 0.7276 0.2737 0.05530000000000001 0.0868
7 0.7276 0.46380000000000005 0.057899999999999924 0.06969999999999998
7 0.7467 0.42829999999999996 0.053899999999999865 0.06969999999999998
7 0.7645000000000001 0.40259999999999996 0.06319999999999994 0.05790000000000006
7 0.7776000000000001 0.348 0.07110000000000014 0.08549999999999996
7 0.7408 0.9046 0.07629999999999995 0.10129999999999996
7 0.6428 0.8954000000000001 0.05919999999999995 0.10129999999999996
7 0.6171 0.9697 0.03950000000000003 0.060500000000000116
7 0.7395 0.6434000000000001 0.07370000000000004 0.09740000000000001
7 0.6822 0.5882000000000001 0.05919999999999988 0.09209999999999993
7 0.7184 0.5803 0.05530000000000001 0.08680000000000007
7 0.7118000000000001 0.5336 0.06580000000000012 0.075
7 0.6322 0.4559 0.05659999999999996 0.07239999999999995
7 0.6729999999999999 0.4947 0.07240000000000002 0.07890000000000001
7 0.5763 0.5861999999999999 0.06320000000000008 0.075
7 0.6151 0.6881999999999999 0.059200000000000016 0.07370000000000004
7 0.6388 0.6434000000000001 0.08290000000000006 0.09469999999999999
7 0.5783 0.6645 0.04870000000000005 0.09740000000000001
7 0.5132 0.7289 0.06320000000000008 0.10259999999999991
7 0.5296 0.6717 0.075 0.08289999999999992
7 0.4454 0.7651 0.07239999999999995 0.08289999999999992
7 0.2961 0.8684000000000001 0.052600000000000015 0.07370000000000004
7 0.3362 0.8473999999999999 0.06179999999999996 0.08159999999999996
7 0.2697 0.8434 0.05 0.08680000000000007
7 0.3934 0.9039 0.06579999999999998 0.08159999999999996
7 0.41450000000000004 0.8664000000000001 0.05530000000000001 0.06710000000000008
7 0.44670000000000004 0.8270000000000001 0.06450000000000003 0.06969999999999998
7 0.4743 0.8881999999999999 0.05659999999999996 0.08680000000000007
7 0.5046 0.8539 0.075 0.07629999999999995
7 0.1868 0.9105 0.05259999999999998 0.08159999999999996
7 0.2336 0.9257 0.061799999999999994 0.09870000000000005
7 0.0987 0.9533 0.05789999999999999 0.06180000000000007
7 0.1217 0.9795999999999999 0.04870000000000001 0.04080000000000013
7 0.025 0.96 0.05 0.06
7 0.02 0.905 0.04 0.07
7 0.0421 0.8553000000000001 0.047400000000000005 0.07629999999999995
7 0.01 0.675 0.02 0.07
7 0.0263 0.6467 0.05 0.07240000000000002
7 0.014499999999999999 0.7696999999999999 0.028900000000000002 0.11319999999999993
7 0.0513 0.7171 0.044700000000000004 0.08949999999999989
7 0.0934 0.7408 0.05259999999999999 0.08419999999999987
7 0.0783 0.6855 0.035500000000000004 0.05530000000000001
7 0.1362 0.7059000000000001 0.0434 0.05919999999999988
7 0.1625 0.8079000000000001 0.0671 0.07629999999999995
7 0.17370000000000002 0.7414000000000001 0.06049999999999999 0.09609999999999985
7 0.20199999999999999 0.7565999999999999 0.0539 0.08419999999999987
7 0.2526 0.6849 0.09469999999999999 0.11969999999999999
7 0.19010000000000002 0.5921 0.059200000000000016 0.08159999999999996
7 0.2191 0.6211 0.06450000000000003 0.1
7 0.27699999999999997 0.5572 0.0539 0.07760000000000006
7 0.2829 0.48950000000000005 0.05259999999999998 0.06319999999999994
7 0.3125 0.6059 0.06709999999999998 0.11710000000000008
7 0.34740000000000004 0.6342 0.05530000000000001 0.08419999999999994
7 0.4171 0.6776000000000001 0.07629999999999995 0.09469999999999999
7 0.348 0.5243 0.05129999999999996 0.075
7 0.3724 0.5559000000000001 0.06320000000000008 0.07760000000000006
7 0.3895 0.5046 0.05530000000000001 0.07239999999999995
7 0.4658 0.5296 0.07890000000000001 0.09340000000000004
7 0.552 0.5118 0.06450000000000003 0.08159999999999996
7 0.5421 0.4645 0.05530000000000001 0.05530000000000001
7 0.5961 0.2836 0.06579999999999998 0.07240000000000002
7 0.625 0.2296 0.05 0.08289999999999999
7 0.6461 0.19469999999999998 0.05259999999999998 0.07369999999999999
7 0.6690999999999999 0.1625 0.053899999999999865 0.07240000000000002
7 0.6289 0.027000000000000003 0.07629999999999995 0.05389999999999999
7 0.6086 0.125 0.0671 0.08420000000000001
7 0.527 0.1638 0.05659999999999996 0.075
7 0.5638000000000001 0.2072 0.07239999999999995 0.1039
7 0.395 0.045 0.07 0.09
7 0.4618 0.1 0.07629999999999995 0.09469999999999999
7 0.3776 0.19140000000000001 0.07370000000000004 0.08549999999999999
7 0.3882 0.2618 0.08679999999999993 0.07890000000000001
7 0.4204 0.2289 0.06709999999999994 0.08420000000000001
7 0.473 0.26780000000000004 0.0539 0.08289999999999999
7 0.4947 0.3428 0.0711 0.11450000000000003
7 0.4204 0.3283 0.061799999999999924 0.08289999999999996
7 0.4204 0.42829999999999996 0.05659999999999996 0.08030000000000001
7 0.25 0.3086 0.0632 0.08549999999999996
7 0.3086 0.3086 0.06969999999999998 0.08549999999999996
7 0.3079 0.2658 0.05790000000000003 0.06579999999999998
7 0.24280000000000002 0.1276 0.051300000000000026 0.10260000000000001
7 0.26780000000000004 0.1868 0.046099999999999995 0.1368
7 0.30199999999999994 0.1895 0.05919999999999998 0.09210000000000002
7 0.1092 0.0513 0.0684 0.07889999999999998
7 0.1283 0.1079 0.061799999999999994 0.1053
7 0.1704 0.1099 0.059200000000000016 0.0855
7 0.0263 0.0447 0.0526 0.07110000000000001
7 0.0717 0.014499999999999999 0.056600000000000004 0.028900000000000002
7 0.021099999999999997 0.1743 0.0421 0.0671
7 0.0401 0.13419999999999999 0.0539 0.07889999999999998
7 0.021099999999999997 0.33159999999999995 0.0421 0.08950000000000002
7 0.0329 0.2789 0.0526 0.0711
7 0.0507 0.2158 0.0539 0.07369999999999997
7 0.073 0.2375 0.04869999999999999 0.061799999999999994
7 0.1211 0.2151 0.060500000000000005 0.08289999999999999
7 0.0895 0.3066 0.05789999999999999 0.07630000000000002
7 0.0092 0.39740000000000003 0.0184 0.0711
7 0.1572 0.4717 0.06449999999999999 0.08549999999999996
7 0.1566 0.4164 0.06839999999999997 0.075
7 0.1783 0.3625 0.0671 0.08030000000000001
7 0.23879999999999998 0.4105 0.059200000000000016 0.06840000000000003
7 0.0599 0.4572 0.04080000000000001 0.08289999999999992
7 0.102 0.4368 0.0671 0.11049999999999997
7 0.0796 0.5592 0.06709999999999999 0.07890000000000001
7 0.0993 0.5065999999999999 0.0724 0.06049999999999997
7 0.015 0.545 0.03 0.09