7 0.635 0.355 0.06 0.1
7 0.46 0.35 0.07 0.105
7 0.43 0.24 0.075 0.095
7 0.51 0.145 0.09 0.09
7 0.515 0.04 0.07 0.07
7 0.405 0.015 0.08 0.03
7 0.425 0.125 0.06 0.09
7 0.265 0.1 0.065 0.07
7 0.25 0.055 0.055 0.065
7 0.09 0.03 0.06 0.06
7 0.065 0.09 0.05 0.07
7 0.08 0.2 0.05 0.09
7 0.17 0.19 0.06 0.07
7 0.205 0.125 0.09 0.085
7 0.22 0.185 0.06 0.07
7 0.245 0.27 0.065 0.085
7 0.025 0.305 0.05 0.08
7 0.09 0.315 0.07 0.075
7 0.075 0.38 0.05 0.05
7 0.105 0.415 0.055 0.07
7 0.215 0.4 0.095 0.08
7 0.335 0.425 0.08 0.09
7 0.03 0.565 0.06 0.085
7 0.16 0.495 0.08 0.1
7 0.085 0.635 0.06 0.065
7 0.22 0.595 0.05 0.095
7 0.29 0.605 0.055 0.095
7 0.475 0.705 0.065 0.075
7 0.205 0.74 0.06 0.055
7 0.2 0.795 0.065 0.06
7 0.12 0.735 0.08 0.07
7 0.135 0.8 0.07 0.065
7 0.085 0.82 0.06 0.075
7 0.35 0.875 0.065 0.08
7 0.335 0.97 0.06 0.06
7 0.27 0.975 0.07 0.05
7 0.03 0.95 0.06 0.085
7 0.075 0.97 0.04 0.06
7 0.15 0.975 0.065 0.05
7 0.15 0.91 0.05 0.05
7 0.17 0.88 0.05 0.07