7 0.633 0.353 0.06 0.102
7 0.4575 0.3475 0.071 0.10300000000000001
7 0.4315 0.24100000000000002 0.075 0.094
7 0.5115 0.14400000000000002 0.091 0.09
7 0.514 0.039 0.07200000000000001 0.068
7 0.405 0.016 0.078 0.032
7 0.426 0.1235 0.062 0.091
7 0.266 0.0975 0.064 0.069
7 0.25 0.055999999999999994 0.055999999999999994 0.064
7 0.096 0.032 0.06 0.064
7 0.064 0.08900000000000001 0.05 0.068
7 0.0795 0.2025 0.051 0.08900000000000001
7 0.168 0.18899999999999997 0.062 0.07200000000000001
7 0.20550000000000002 0.1235 0.08900000000000001 0.085
7 0.222 0.185 0.06 0.068
7 0.24350000000000002 0.27 0.063 0.084
7 0.026000000000000002 0.3045 0.05 0.079
7 0.08900000000000001 0.3165 0.068 0.075
7 0.076 0.3785 0.048 0.051
7 0.105 0.41700000000000004 0.054000000000000006 0.068
7 0.21600000000000003 0.39799999999999996 0.096 0.08
7 0.335 0.424 0.08199999999999999 0.09
7 0.0305 0.565 0.061 0.084
7 0.161 0.49700000000000005 0.08 0.102
7 0.084 0.634 0.06 0.066
7 0.218 0.594 0.05 0.096
7 0.2895 0.6035 0.053 0.09300000000000001
7 0.474 0.706 0.066 0.07400000000000001
7 0.2065 0.741 0.059000000000000004 0.054000000000000006
7 0.2025 0.7959999999999999 0.065 0.057999999999999996
7 0.122 0.735 0.08 0.068
7 0.13449999999999998 0.802 0.069 0.066
7 0.083 0.8225 0.062 0.073
7 0.34950000000000003 0.8765000000000001 0.067 0.079
7 0.335 0.971 0.057999999999999996 0.057999999999999996
7 0.272 0.9754999999999999 0.068 0.049
7 0.031 0.9525 0.06 0.083
7 0.0765 0.971 0.039 0.057999999999999996
7 0.1515 0.9745 0.067 0.051
7 0.1495 0.909 0.051 0.052000000000000005
7 0.17 0.879 0.05 0.068