7 0.633 0.353 0.06 0.10200000000000004
7 0.4575 0.3475 0.07099999999999994 0.10299999999999997
7 0.4315 0.24100000000000002 0.075 0.09399999999999999
7 0.5115 0.144 0.09099999999999994 0.08999999999999998
7 0.514 0.039 0.07200000000000002 0.068
7 0.405 0.016 0.07799999999999997 0.032
7 0.426 0.1235 0.06200000000000003 0.09099999999999998
7 0.266 0.0975 0.06399999999999999 0.06899999999999999
7 0.25 0.055999999999999994 0.056000000000000015 0.06400000000000002
7 0.096 0.032 0.06 0.064
7 0.064 0.08900000000000001 0.05 0.068
7 0.0795 0.2025 0.051 0.08899999999999998
7 0.168 0.18899999999999997 0.06200000000000001 0.07200000000000001
7 0.20550000000000002 0.12350000000000001 0.08899999999999998 0.08500000000000002
7 0.222 0.185 0.06 0.06799999999999999
7 0.24350000000000002 0.27 0.06299999999999997 0.08399999999999999
7 0.025999999999999995 0.3045 0.05 0.07899999999999999
7 0.08900000000000001 0.3165 0.068 0.075
7 0.076 0.3785 0.04800000000000001 0.05099999999999994
7 0.105 0.41700000000000004 0.05399999999999999 0.06799999999999998
7 0.21600000000000003 0.39799999999999996 0.09600000000000002 0.08
7 0.335 0.424 0.08200000000000003 0.09
7 0.0305 0.565 0.061 0.08400000000000006
7 0.161 0.49700000000000005 0.08 0.10200000000000004
7 0.084 0.634 0.06 0.06600000000000002
7 0.218 0.5940000000000001 0.05 0.09600000000000002
7 0.2895 0.6035 0.05299999999999997 0.09299999999999997
7 0.474 0.706 0.06599999999999995 0.07400000000000005
7 0.2065 0.741 0.05899999999999998 0.054000000000000055
7 0.2025 0.7959999999999999 0.065 0.058000000000000114
7 0.122 0.735 0.08 0.06800000000000012
7 0.13449999999999998 0.802 0.06899999999999999 0.06599999999999995
7 0.083 0.8225 0.06199999999999999 0.07300000000000012
7 0.34950000000000003 0.8765000000000001 0.06700000000000003 0.07900000000000006
7 0.335 0.971 0.05799999999999997 0.058000000000000114
7 0.272 0.9754999999999999 0.06799999999999998 0.04900000000000006
7 0.030999999999999996 0.9525 0.06 0.08300000000000012
7 0.0765 0.971 0.03899999999999999 0.058000000000000114
7 0.1515 0.9745 0.06699999999999999 0.05099999999999994
7 0.1495 0.909 0.05100000000000002 0.05199999999999989
7 0.17 0.879 0.05 0.06800000000000012