7 0.0265 0.062 0.053 0.094
7 0.09849999999999999 0.018000000000000002 0.063 0.036000000000000004
7 0.1155 0.265 0.10899999999999999 0.08799999999999997
7 0.014499999999999997 0.44299999999999995 0.023 0.09200000000000003
7 0.0495 0.5595 0.05700000000000001 0.09299999999999997
7 0.07050000000000001 0.6395000000000001 0.05500000000000001 0.075
7 0.1175 0.682 0.077 0.09400000000000006
7 0.168 0.5095000000000001 0.056000000000000015 0.07700000000000003
7 0.19699999999999998 0.5535 0.07600000000000001 0.08099999999999995
7 0.295 0.6815000000000001 0.06400000000000002 0.07699999999999989
7 0.34049999999999997 0.607 0.04900000000000002 0.06599999999999995
7 0.382 0.6459999999999999 0.054000000000000055 0.09599999999999995
7 0.46950000000000003 0.6715000000000001 0.05900000000000006 0.08699999999999995
7 0.494 0.76 0.06599999999999995 0.08400000000000006
7 0.4205 0.816 0.05900000000000006 0.07199999999999988
7 0.39 0.515 0.054000000000000055 0.08400000000000006
7 0.3175 0.48700000000000004 0.06099999999999998 0.08
7 0.24600000000000002 0.465 0.03799999999999997 0.05799999999999997
7 0.27649999999999997 0.4225 0.05100000000000002 0.07900000000000006
7 0.2345 0.3795 0.05100000000000002 0.05900000000000006
7 0.298 0.3385 0.043999999999999984 0.03900000000000002
7 0.308 0.27399999999999997 0.04999999999999996 0.06200000000000003
7 0.337 0.34600000000000003 0.05599999999999998 0.11599999999999998
7 0.4275 0.348 0.05099999999999994 0.05799999999999997
7 0.47950000000000004 0.298 0.05099999999999994 0.06399999999999999
7 0.456 0.4125 0.052000000000000025 0.075
7 0.5165 0.4645 0.06900000000000006 0.08900000000000005
7 0.652 0.337 0.04800000000000004 0.06400000000000002
7 0.5885 0.3215 0.07099999999999994 0.059000000000000025
7 0.614 0.287 0.04 0.052000000000000025
7 0.6585 0.484 0.055 0.08
7 0.568 0.622 0.04400000000000006 0.06400000000000006
7 0.597 0.6795 0.04400000000000006 0.085
7 0.6455 0.6485 0.04699999999999996 0.045
7 0.6695 0.7170000000000001 0.04699999999999989 0.08199999999999989
7 0.2645 0.196 0.05700000000000003 0.06200000000000003
7 0.2825 0.132 0.06100000000000001 0.07
7 0.2305 0.083 0.05899999999999998 0.06199999999999999
7 0.223 0.031 0.06600000000000002 0.057999999999999996
7 0.299 0.040999999999999995 0.05599999999999998 0.08199999999999999
7 0.361 0.048 0.08599999999999998 0.05
7 0.36 0.020499999999999997 0.06200000000000003 0.040999999999999995
7 0.405 0.0825 0.05799999999999997 0.07300000000000001
7 0.4515 0.10300000000000001 0.040999999999999946 0.06199999999999999
7 0.3525 0.1255 0.05099999999999994 0.075
7 0.3765 0.17800000000000002 0.037000000000000026 0.04600000000000001
7 0.46049999999999996 0.16899999999999998 0.07299999999999997 0.07799999999999999
7 0.5305 0.1495 0.06099999999999994 0.09300000000000003
7 0.634 0.21850000000000003 0.04799999999999997 0.05700000000000003
7 0.6905 0.22649999999999998 0.03699999999999989 0.04299999999999997
7 0.6114999999999999 0.1605 0.05700000000000003 0.05299999999999999
7 0.602 0.0325 0.07 0.065
7 0.6809999999999999 0.020499999999999997 0.04800000000000011 0.03900000000000001
7 0.623 0.105 0.04 0.07800000000000001
7 0.6555 0.1085 0.039000000000000055 0.085
7 0.71 0.16449999999999998 0.054000000000000055 0.075
7 0.7715000000000001 0.023 0.09900000000000006 0.046
7 0.7555 0.07949999999999999 0.06699999999999989 0.085
7 0.816 0.1335 0.04800000000000011 0.056999999999999995
7 0.807 0.099 0.04 0.05599999999999999
7 0.7340000000000001 0.239 0.04400000000000006 0.06200000000000003
7 0.7815000000000001 0.23550000000000001 0.053000000000000116 0.05700000000000003
7 0.7935 0.1865 0.039000000000000055 0.06100000000000001
7 0.843 0.22149999999999997 0.055999999999999946 0.055
7 0.9175 0.1165 0.026999999999999885 0.055
7 0.9754999999999999 0.032 0.045 0.064
7 0.9655 0.11349999999999999 0.040999999999999946 0.087
7 0.8634999999999999 0.098 0.06300000000000011 0.074
7 0.8775 0.0415 0.05900000000000006 0.053000000000000005
7 0.9125 0.0535 0.05900000000000006 0.063
7 0.9405 0.2475 0.06099999999999994 0.05100000000000002
7 0.927 0.1985 0.04 0.04899999999999999
7 0.9620000000000001 0.1975 0.025999999999999943 0.05100000000000002
7 0.986 0.1705 0.028000000000000115 0.06299999999999999
7 0.8859999999999999 0.19699999999999998 0.045999999999999944 0.05799999999999997
7 0.895 0.25 0.03199999999999989 0.052000000000000025
7 0.8584999999999999 0.315 0.03699999999999989 0.04799999999999997
7 0.9135 0.3475 0.06300000000000011 0.06900000000000002
7 0.9185 0.29600000000000004 0.06699999999999989 0.043999999999999984
7 0.9715 0.325 0.056999999999999884 0.05
7 0.9775 0.389 0.039000000000000055 0.06200000000000003
7 0.9095 0.41850000000000004 0.05900000000000006 0.07099999999999994
7 0.7909999999999999 0.307 0.06 0.06399999999999999
7 0.7559999999999999 0.35350000000000004 0.05199999999999989 0.07099999999999998
7 0.7925 0.379 0.043000000000000115 0.06400000000000006
7 0.828 0.40049999999999997 0.041999999999999885 0.05900000000000006
7 0.8554999999999999 0.42 0.043000000000000115 0.06200000000000003
7 0.7395 0.4415 0.045 0.055
7 0.7475 0.5205 0.053000000000000116 0.04299999999999997
7 0.7615000000000001 0.48200000000000004 0.055 0.05799999999999997
7 0.9295 0.5725 0.04699999999999989 0.06900000000000006
7 0.9795 0.509 0.040999999999999946 0.04799999999999997
7 0.9840000000000001 0.5635 0.03199999999999989 0.05099999999999994
7 0.8504999999999999 0.537 0.053000000000000116 0.055999999999999946
7 0.884 0.5035000000000001 0.041999999999999885 0.055
7 0.815 0.5625 0.045999999999999944 0.04900000000000006
7 0.6990000000000001 0.6315000000000001 0.05 0.07500000000000007
7 0.76 0.629 0.09 0.07200000000000002
7 0.8305 0.6305 0.04900000000000006 0.05900000000000006
7 0.7404999999999999 0.7015 0.08300000000000012 0.053000000000000116
7 0.9079999999999999 0.6579999999999999 0.05 0.07800000000000004
7 0.8865000000000001 0.7165 0.045 0.07099999999999994
7 0.9305 0.7155 0.065 0.085
7 0.9025 0.978 0.085 0.04400000000000006
7 0.8375 0.8665 0.045 0.06300000000000011
7 0.888 0.8290000000000001 0.05 0.07800000000000011
7 0.9345 0.828 0.043000000000000115 0.07199999999999988
7 0.9670000000000001 0.81 0.04400000000000006 0.06400000000000006
7 0.8125 0.8075 0.043000000000000115 0.065
7 0.7555 0.8215 0.053000000000000116 0.06900000000000006
7 0.774 0.769 0.04800000000000011 0.054000000000000055
7 0.721 0.8675 0.04800000000000011 0.05900000000000006
7 0.6255 0.976 0.045 0.04800000000000011
7 0.6595 0.96 0.05099999999999994 0.08
7 0.7384999999999999 0.9225 0.055 0.06300000000000011
7 0.7759999999999999 0.9590000000000001 0.07199999999999988 0.08199999999999989