7 0.45990000000000003 0.6178 0.10129999999999996 0.10129999999999996
7 0.3724 0.6664 0.08950000000000002 0.09609999999999992
7 0.2822 0.7803 0.10129999999999999 0.10789999999999993
7 0.1553 0.8321999999999999 0.1184 0.11710000000000008
7 0.2191 0.9276000000000001 0.1461 0.1447
7 0.295 0.955 0.13 0.09
7 0.4375 0.9178000000000001 0.13819999999999993 0.14610000000000015
7 0.6743000000000001 0.7658 0.15389999999999993 0.12109999999999985
7 0.6836 0.8382 0.09870000000000005 0.08680000000000007
7 0.7461 0.8946999999999999 0.10789999999999993 0.12370000000000005
7 0.9276000000000001 0.9197 0.1053 0.13949999999999987
7 0.955 0.865 0.09 0.19