7 0.45990000000000003 0.6178 0.1013 0.1013
7 0.3724 0.6664 0.0895 0.09609999999999999
7 0.2822 0.7803 0.1013 0.1079
7 0.1553 0.8321999999999999 0.1184 0.11710000000000001
7 0.2191 0.9276000000000001 0.1461 0.1447
7 0.3007 0.9599 0.1276 0.0803
7 0.4375 0.9178000000000001 0.1382 0.1461
7 0.6743000000000001 0.7658 0.1539 0.1211
7 0.6836 0.8382 0.0987 0.0868
7 0.7461 0.8946999999999999 0.1079 0.12369999999999999
7 0.9276000000000001 0.9197 0.10529999999999999 0.13949999999999999
7 0.9586 0.8724 0.08289999999999999 0.19469999999999998