7 0.1539 0.3862 0.1026 0.1013
7 0.2816 0.3072 0.1105 0.061799999999999994
7 0.0928 0.4289 0.1461 0.1184
7 0.09140000000000001 0.5553 0.1776 0.16579999999999998
7 0.2493 0.6592 0.1618 0.13949999999999999
7 0.1421 0.8072 0.1105 0.1329
7 0.22760000000000002 0.8125 0.13419999999999999 0.1724
7 0.0178 0.8533 0.0355 0.1197
7 0.0632 0.8388 0.1 0.1013
7 0.0928 0.9033 0.09609999999999999 0.09609999999999999
7 0.4447 0.7592 0.1026 0.13419999999999999
7 0.4882 0.8105 0.12369999999999999 0.12890000000000001
7 0.5224 0.7631999999999999 0.10529999999999999 0.11320000000000001
7 0.5650999999999999 0.5559000000000001 0.1408 0.1487
7 0.748 0.7026 0.1329 0.17370000000000002
7 0.8316 0.7414000000000001 0.10529999999999999 0.1671