7 0.1539 0.3862 0.10259999999999998 0.10129999999999996
7 0.2816 0.3072 0.11050000000000004 0.061800000000000035
7 0.09280000000000001 0.4289 0.1461 0.11840000000000003
7 0.09140000000000001 0.5553 0.17760000000000006 0.16579999999999998
7 0.2493 0.6592 0.16179999999999997 0.13949999999999996
7 0.1421 0.8072 0.11049999999999999 0.1328999999999999
7 0.22760000000000002 0.8125 0.1342 0.17240000000000008
7 0.017799999999999996 0.8533 0.0355 0.11969999999999999
7 0.0632 0.8388 0.1 0.10129999999999996
7 0.0928 0.9033 0.09609999999999999 0.09609999999999985
7 0.4447 0.7592 0.10260000000000005 0.13419999999999987
7 0.4882 0.8105 0.12370000000000005 0.12890000000000015
7 0.5224 0.7631999999999999 0.1053 0.11319999999999993
7 0.5650999999999999 0.5559000000000001 0.14079999999999998 0.14870000000000005
7 0.748 0.7026 0.1328999999999999 0.17370000000000005
7 0.8316 0.7414000000000001 0.1053 0.16710000000000008