7 0.10460000000000001 0.4632 0.1697 0.15789999999999998
7 0.3671 0.3066 0.1263 0.1184
7 0.4224 0.41119999999999995 0.1316 0.1697
7 0.7553 0.373 0.1211 0.11449999999999999
7 0.7572 0.0664 0.1671 0.1329
7 0.8270000000000001 0.1461 0.1303 0.1553
7 0.9237000000000001 0.2493 0.15259999999999999 0.1618
7 0.9723999999999999 0.327 0.0553 0.1355
7 0.30260000000000004 0.0316 0.1553 0.0632
7 0.6053000000000001 0.5638000000000001 0.1211 0.15130000000000002
7 0.9204000000000001 0.7071999999999999 0.125 0.1276
7 0.9467 0.6645 0.1066 0.1605
7 0.8289 0.9178000000000001 0.1316 0.16449999999999998
7 0.6395000000000001 0.898 0.16579999999999998 0.1855
7 0.40659999999999996 0.7651 0.1421 0.1487
7 0.45 0.6283 0.12890000000000001 0.1355
7 0.3336 0.6191 0.1355 0.1303
7 0.1678 0.7204 0.1539 0.1671
7 0.0467 0.8684000000000001 0.0934 0.2132
7 0.2441 0.9125 0.1461 0.175