7 0.10460000000000001 0.4632 0.1697 0.15790000000000007
7 0.3671 0.3066 0.1263 0.11839999999999996
7 0.4224 0.41119999999999995 0.13159999999999997 0.1697
7 0.7553 0.373 0.12110000000000014 0.11450000000000003
7 0.755 0.065 0.17 0.13
7 0.8270000000000001 0.1461 0.1303 0.15530000000000002
7 0.9237000000000001 0.2493 0.1525999999999999 0.16179999999999997
7 0.97 0.32 0.06 0.14
7 0.3026 0.0316 0.15529999999999997 0.0632
7 0.6053000000000001 0.5638000000000001 0.12110000000000007 0.15129999999999996
7 0.9204000000000001 0.7071999999999999 0.125 0.1275999999999999
7 0.9467 0.6645 0.10659999999999997 0.16050000000000003
7 0.825 0.915 0.13 0.17
7 0.6395000000000001 0.898 0.16580000000000006 0.1855000000000001
7 0.40659999999999996 0.7651 0.1421000000000001 0.14870000000000005
7 0.45 0.6283 0.12890000000000001 0.13550000000000004
7 0.3336 0.6191 0.13549999999999998 0.1303
7 0.1678 0.7204 0.1539 0.16710000000000008
7 0.0467 0.8684000000000001 0.0934 0.21319999999999995
7 0.2441 0.9125 0.1461 0.175