7 0.0533 0.3342 0.1066 0.1526
7 0.1349 0.4053 0.1382 0.15
7 0.25989999999999996 0.3875 0.14339999999999997 0.1539
7 0.11970000000000003 0.0684 0.1368 0.12890000000000001
7 0.1684 0.1368 0.12630000000000002 0.11840000000000002
7 0.2974 0.1408 0.13160000000000005 0.14210000000000003
7 0.3586 0.2441 0.12760000000000002 0.15660000000000004
7 0.4789 0.0632 0.13950000000000004 0.12630000000000002
7 0.6211 0.1059 0.13680000000000006 0.1303
7 0.0737 0.7408 0.1263 0.13680000000000006
7 0.0138 0.6947 0.0276 0.11840000000000003
7 0.2184 0.8388 0.16579999999999998 0.1775999999999999
7 0.4434 0.9467 0.15530000000000002 0.10659999999999997
7 0.5118 0.6862 0.11840000000000003 0.14870000000000005
7 0.5763 0.7947 0.14209999999999995 0.17110000000000014
7 0.7086 0.6717 0.15390000000000006 0.175
7 0.8434 0.8270000000000001 0.13419999999999987 0.15659999999999996
7 0.955 0.76 0.09 0.18