7 0.0533 0.3342 0.1066 0.15259999999999999
7 0.1349 0.4053 0.1382 0.15
7 0.25989999999999996 0.3875 0.1434 0.1539
7 0.1197 0.0684 0.1368 0.12890000000000001
7 0.1684 0.1368 0.1263 0.1184
7 0.2974 0.1408 0.1316 0.1421
7 0.3586 0.2441 0.1276 0.1566
7 0.4789 0.0632 0.13949999999999999 0.1263
7 0.6211 0.1059 0.1368 0.1303
7 0.0737 0.7408 0.1263 0.1368
7 0.0138 0.6947 0.0276 0.1184
7 0.2184 0.8388 0.16579999999999998 0.1776
7 0.4434 0.9467 0.1553 0.1066
7 0.5118 0.6862 0.1184 0.1487
7 0.5763 0.7947 0.1421 0.1711
7 0.7086 0.6717 0.1539 0.175
7 0.8434 0.8270000000000001 0.13419999999999999 0.1566
7 0.9553 0.7625 0.0895 0.1776