7 0.1855 0.0275 0.13699999999999998 0.055
7 0.2275 0.11349999999999999 0.131 0.139
7 0.4525 0.3035 0.145 0.13099999999999998
7 0.6975 0.1705 0.15900000000000006 0.179
7 0.10300000000000001 0.3935 0.13399999999999998 0.13700000000000004
7 0.20600000000000002 0.4575 0.14200000000000002 0.14099999999999993
7 0.17800000000000002 0.6965 0.142 0.145
7 0.0265 0.762 0.053 0.16800000000000012
7 0.525 0.8190000000000001 0.11400000000000006 0.12199999999999989
7 0.28850000000000003 0.9390000000000001 0.139 0.12199999999999989
7 0.5489999999999999 0.63 0.15599999999999994 0.16
7 0.741 0.6195 0.1319999999999999 0.15699999999999995
7 0.8645 0.8504999999999999 0.15900000000000006 0.1669999999999999