7 0.1855 0.0275 0.13699999999999998 0.055
7 0.2275 0.11349999999999999 0.131 0.139
7 0.4525 0.3035 0.145 0.131
7 0.6975 0.1705 0.159 0.179
7 0.10300000000000001 0.3935 0.134 0.13699999999999998
7 0.20600000000000002 0.4575 0.142 0.141
7 0.17800000000000002 0.6965 0.142 0.145
7 0.0265 0.762 0.053 0.168
7 0.525 0.8190000000000001 0.114 0.122
7 0.28850000000000003 0.9390000000000001 0.139 0.122
7 0.5489999999999999 0.63 0.156 0.16
7 0.741 0.6195 0.132 0.157
7 0.8645 0.8504999999999999 0.159 0.16699999999999998