7 0.0724 0.28950000000000004 0.14470000000000002 0.1947
7 0.6065999999999999 0.8789 0.1421000000000001 0.13680000000000006
7 0.6355 0.9526 0.15 0.09469999999999999
7 0.7585999999999999 0.8776 0.09870000000000005 0.12890000000000015
7 0.9434 0.8987 0.11319999999999993 0.1525999999999999
7 0.9795999999999999 0.9704 0.04080000000000013 0.05919999999999988
7 0.9605 0.6881999999999999 0.07889999999999986 0.12370000000000005
7 0.9737 0.6171 0.05259999999999991 0.07369999999999997
7 0.9526 0.27699999999999997 0.09469999999999999 0.11710000000000001
7 0.96 0.325 0.08 0.11
7 0.8276 0.0158 0.1 0.0316