7 0.0315 0.308 0.063 0.17600000000000002
7 0.1775 0.514 0.13699999999999998 0.138
7 0.040999999999999995 0.622 0.08199999999999999 0.10400000000000001
7 0.0355 0.701 0.071 0.09
7 0.14550000000000002 0.9329999999999999 0.131 0.134
7 0.0455 0.975 0.087 0.05
7 0.2655 0.239 0.141 0.15
7 0.419 0.4375 0.146 0.171
7 0.49950000000000006 0.1165 0.10099999999999999 0.11699999999999999
7 0.4575 0.0215 0.11900000000000001 0.043
7 0.835 0.16449999999999998 0.136 0.163
7 0.915 0.36700000000000005 0.11800000000000001 0.15
7 0.981 0.302 0.038 0.126
7 0.7415 0.4435 0.12300000000000001 0.133
7 0.774 0.5155 0.14 0.113
7 0.7375 0.715 0.133 0.146
7 0.7765000000000001 0.857 0.161 0.146
7 0.966 0.6825 0.068 0.203
7 0.9125 0.972 0.14300000000000002 0.055999999999999994