7 0.0315 0.308 0.063 0.17600000000000002
7 0.1775 0.514 0.137 0.13799999999999998
7 0.040999999999999995 0.622 0.08199999999999999 0.10400000000000005
7 0.0355 0.701 0.071 0.09
7 0.14550000000000002 0.9329999999999999 0.131 0.13400000000000006
7 0.04549999999999999 0.975 0.087 0.05
7 0.2655 0.239 0.14100000000000001 0.15
7 0.419 0.4375 0.14599999999999994 0.17099999999999993
7 0.49950000000000006 0.1165 0.10099999999999994 0.11699999999999999
7 0.4575 0.0215 0.11900000000000005 0.043
7 0.835 0.16449999999999998 0.13599999999999995 0.16300000000000003
7 0.915 0.36700000000000005 0.11800000000000012 0.15
7 0.981 0.302 0.03800000000000012 0.126
7 0.7415 0.4435 0.12300000000000011 0.13299999999999998
7 0.774 0.5155 0.14 0.11299999999999998
7 0.7375 0.715 0.13300000000000012 0.14599999999999994
7 0.7765000000000001 0.857 0.16099999999999995 0.14599999999999994
7 0.966 0.6825 0.06800000000000012 0.20300000000000004
7 0.9125 0.972 0.14300000000000013 0.055999999999999946