7 0.0493 0.2875 0.0987 0.1487
7 0.2776 0.3086 0.1026 0.1276
7 0.2289 0.35200000000000004 0.12890000000000001 0.1355
7 0.3987 0.2796 0.09210000000000002 0.1013
7 0.3237 0.12240000000000001 0.1263 0.1316
7 0.41840000000000005 0.1605 0.13949999999999999 0.15
7 0.2868 0.0191 0.1421 0.0382
7 0.8066 0.0697 0.17370000000000002 0.13949999999999999
7 0.9066 0.2842 0.1474 0.1632
7 0.7947 0.3678 0.1605 0.1539
7 0.6158 0.6092 0.1632 0.15259999999999999
7 0.9625 0.6224000000000001 0.075 0.1711
7 0.2539 0.6289 0.17629999999999998 0.1632
7 0.0336 0.6275999999999999 0.06709999999999999 0.1263
7 0.047400000000000005 0.7243 0.0947 0.1539
7 0.21710000000000002 0.9460999999999999 0.1553 0.1079
7 0.6197 0.9362 0.1553 0.1276
7 0.8803 0.9789 0.1 0.0421