7 0.045 0.285 0.09 0.15
7 0.2776 0.3086 0.10259999999999998 0.12760000000000002
7 0.2289 0.35200000000000004 0.12890000000000001 0.13549999999999998
7 0.3987 0.2796 0.09209999999999993 0.10129999999999999
7 0.3237 0.12240000000000001 0.1263 0.1316
7 0.41840000000000005 0.1605 0.13950000000000004 0.15
7 0.2868 0.0191 0.14209999999999998 0.0382
7 0.8 0.065 0.18 0.13
7 0.9066 0.2842 0.1474000000000001 0.16319999999999996
7 0.7947 0.3678 0.16050000000000011 0.1539
7 0.6158 0.6092 0.16319999999999993 0.15259999999999999
7 0.9625 0.6224000000000001 0.075 0.1711
7 0.2539 0.6289 0.17629999999999996 0.16319999999999993
7 0.0336 0.6276 0.06709999999999999 0.12630000000000002
7 0.047400000000000005 0.7243 0.09470000000000002 0.15389999999999987
7 0.21 0.945 0.16 0.11
7 0.6197 0.9362 0.15530000000000002 0.1275999999999999
7 0.8803 0.9789 0.1 0.04210000000000008