7 0.0559 0.1559 0.1118 0.11449999999999999
7 0.5322 0.048 0.1408 0.09609999999999999
7 0.6724 0.18489999999999998 0.1211 0.1382
7 0.7145 0.30329999999999996 0.1079 0.1487
7 0.8467 0.061200000000000004 0.1329 0.12240000000000001
7 0.8974 0.46909999999999996 0.1421 0.1408
7 0.6914 0.498 0.1118 0.1092
7 0.7138 0.6368 0.1066 0.12369999999999999
7 0.7881999999999999 0.6829000000000001 0.09210000000000002 0.10529999999999999
7 0.3151 0.7645000000000001 0.12240000000000001 0.1158
7 0.09609999999999999 0.7217 0.0895 0.0908
7 0.4204 0.95 0.09609999999999999 0.1
7 0.4704 0.9262999999999999 0.09609999999999999 0.09210000000000002
7 0.7961 0.9842 0.0895 0.0316