7 0.0559 0.1559 0.1118 0.11449999999999998
7 0.53 0.045 0.14 0.09
7 0.6724 0.18489999999999998 0.12109999999999993 0.1382
7 0.7145 0.30329999999999996 0.10789999999999993 0.1487
7 0.8467 0.061200000000000004 0.1328999999999999 0.12240000000000001
7 0.8974 0.46909999999999996 0.1421000000000001 0.14079999999999998
7 0.6914 0.498 0.11180000000000007 0.10920000000000002
7 0.7138 0.6367999999999999 0.10659999999999997 0.12369999999999998
7 0.7881999999999999 0.6829000000000001 0.09210000000000008 0.1053
7 0.3151 0.7645000000000001 0.12240000000000002 0.11580000000000013
7 0.09609999999999999 0.7217 0.0895 0.09080000000000013
7 0.4204 0.95 0.09609999999999999 0.1
7 0.4704 0.9262999999999999 0.09609999999999999 0.09210000000000008
7 0.7961 0.9842 0.08949999999999989 0.03159999999999997