7 0.1 0.4671 0.1316 0.12629999999999997
7 0.028300000000000002 0.2618 0.056600000000000004 0.16320000000000004
7 0.3329 0.0908 0.11049999999999997 0.1079
7 0.5454 0.05199999999999999 0.15129999999999996 0.1039
7 0.6065999999999999 0.2132 0.1053 0.1053
7 0.8789 0.17170000000000002 0.13680000000000006 0.1303
7 0.8835999999999999 0.7579 0.11969999999999999 0.1447
7 0.40659999999999996 0.6145 0.1342 0.13680000000000006
7 0.36119999999999997 0.6645 0.11179999999999995 0.1
7 0.4855 0.7454000000000001 0.1 0.10659999999999997
7 0.4329 0.8467 0.13679999999999992 0.13550000000000012
7 0.3243 0.8974 0.12760000000000002 0.13159999999999997
7 0.27 0.95 0.1 0.1
7 0.675 0.9815999999999999 0.13949999999999996 0.03680000000000007