7 0.1 0.4671 0.1316 0.1263
7 0.028300000000000002 0.2618 0.056600000000000004 0.1632
7 0.3329 0.0908 0.1105 0.1079
7 0.5454 0.052000000000000005 0.15130000000000002 0.1039
7 0.6065999999999999 0.2132 0.10529999999999999 0.10529999999999999
7 0.8789 0.17170000000000002 0.1368 0.1303
7 0.8835999999999999 0.7579 0.1197 0.1447
7 0.40659999999999996 0.6145 0.13419999999999999 0.1368
7 0.36119999999999997 0.6645 0.1118 0.1
7 0.4855 0.7454000000000001 0.1 0.1066
7 0.4329 0.8467 0.1368 0.1355
7 0.3243 0.8974 0.1276 0.1316
7 0.2743 0.9506999999999999 0.0987 0.0987
7 0.675 0.9815999999999999 0.13949999999999999 0.0368