7 0.41950000000000004 0.5635 0.11099999999999995 0.11099999999999995
7 0.324 0.6165 0.1 0.09500000000000007
7 0.2275 0.7425 0.12700000000000003 0.12900000000000006
7 0.095 0.785 0.12399999999999999 0.11
7 0.6355 0.7425 0.18300000000000005 0.18099999999999994
7 0.7125 0.8584999999999999 0.15900000000000006 0.12900000000000006
7 0.7155 0.9634999999999999 0.18099999999999994 0.07300000000000012
7 0.9065000000000001 0.871 0.165 0.16599999999999995
7 0.9359999999999999 0.8075 0.1280000000000001 0.17699999999999988
7 0.402 0.8825 0.17400000000000002 0.19099999999999995
7 0.1595 0.8955 0.16699999999999995 0.17900000000000005
7 0.2575 0.9275 0.14700000000000002 0.145
7 0.9840000000000001 0.512 0.03199999999999989 0.13