7 0.04 0.0425 0.08 0.085
7 0.2755 0.0255 0.13899999999999998 0.051
7 0.7105 0.0575 0.18699999999999994 0.11100000000000002
7 0.7955 0.11449999999999999 0.14300000000000013 0.161
7 0.884 0.215 0.1580000000000001 0.16
7 0.9584999999999999 0.297 0.08300000000000012 0.18199999999999997
7 0.7225 0.33399999999999996 0.14099999999999993 0.13799999999999998
7 0.321 0.258 0.16399999999999995 0.166
7 0.369 0.3775 0.17799999999999996 0.16299999999999998
7 0.5575 0.524 0.15299999999999997 0.16799999999999998
7 0.8995000000000001 0.6365000000000001 0.15099999999999994 0.20500000000000007
7 0.9620000000000001 0.6865000000000001 0.07599999999999994 0.17300000000000004
7 0.0755 0.42 0.151 0.20400000000000001
7 0.2645 0.575 0.12899999999999998 0.16599999999999995
7 0.3925 0.581 0.15099999999999997 0.16799999999999998
7 0.34950000000000003 0.7384999999999999 0.18099999999999997 0.175
7 0.10550000000000001 0.6725 0.18100000000000002 0.215
7 0.0245 0.8270000000000001 0.049 0.21599999999999994
7 0.18 0.885 0.196 0.21400000000000005
7 0.575 0.867 0.19199999999999995 0.2219999999999999
7 0.7929999999999999 0.8875 0.1780000000000001 0.225