7 0.04 0.0425 0.08 0.085
7 0.2755 0.0255 0.139 0.051
7 0.7105 0.0575 0.187 0.111
7 0.7955 0.11449999999999999 0.14300000000000002 0.161
7 0.884 0.215 0.158 0.16
7 0.9584999999999999 0.297 0.083 0.182
7 0.7225 0.33399999999999996 0.141 0.138
7 0.321 0.258 0.16399999999999998 0.166
7 0.369 0.3775 0.17800000000000002 0.163
7 0.5575 0.524 0.153 0.168
7 0.8995000000000001 0.6365 0.151 0.205
7 0.9620000000000001 0.6865000000000001 0.076 0.17300000000000001
7 0.0755 0.42 0.151 0.204
7 0.2645 0.575 0.129 0.166
7 0.3925 0.581 0.151 0.168
7 0.34950000000000003 0.7384999999999999 0.18100000000000002 0.175
7 0.10550000000000001 0.6725 0.18100000000000002 0.215
7 0.0245 0.8270000000000001 0.049 0.21600000000000003
7 0.18 0.885 0.196 0.214
7 0.575 0.867 0.192 0.222
7 0.7929999999999999 0.8875 0.17800000000000002 0.225