7 0.17300000000000001 0.017 0.19399999999999998 0.034
7 0.2335 0.0935 0.187 0.187
7 0.7105 0.149 0.22899999999999998 0.23800000000000002
7 0.46950000000000003 0.27649999999999997 0.183 0.209
7 0.098 0.359 0.168 0.188
7 0.23149999999999998 0.439 0.17300000000000001 0.184
7 0.177 0.6675 0.17 0.179
7 0.035 0.7425 0.07 0.195
7 0.5335 0.797 0.157 0.156
7 0.28800000000000003 0.927 0.17800000000000002 0.146
7 0.551 0.607 0.2 0.214
7 0.769 0.5945 0.218 0.22899999999999998
7 0.8885 0.8290000000000001 0.221 0.22
7 0.8315 0.9684999999999999 0.195 0.063