7 0.17300000000000001 0.017 0.19399999999999998 0.034
7 0.2335 0.0935 0.18700000000000003 0.187
7 0.7105 0.149 0.22900000000000006 0.23800000000000002
7 0.46950000000000003 0.27649999999999997 0.18299999999999997 0.20899999999999996
7 0.098 0.359 0.16800000000000004 0.18799999999999997
7 0.23149999999999998 0.439 0.17299999999999996 0.1839999999999999
7 0.177 0.6675 0.17 0.17900000000000005
7 0.035 0.7425 0.07 0.195
7 0.5335 0.797 0.15700000000000003 0.15599999999999994
7 0.28800000000000003 0.927 0.17800000000000005 0.14599999999999994
7 0.5509999999999999 0.607 0.19999999999999993 0.21400000000000005
7 0.769 0.5945 0.2180000000000001 0.22900000000000006
7 0.8885 0.8290000000000001 0.22099999999999995 0.22
7 0.8315 0.9684999999999999 0.195 0.06300000000000011