7 0.05859999999999999 0.2875 0.11710000000000001 0.22760000000000005
7 0.05199999999999999 0.6743000000000001 0.1039 0.28550000000000003
7 0.25260000000000005 0.6275999999999999 0.1947 0.2211
7 0.6289 0.6086 0.19210000000000008 0.21449999999999997
7 0.955 0.62 0.09 0.24
7 0.8118000000000001 0.3579 0.22629999999999995 0.25
7 0.9151 0.2697 0.1697 0.2289
7 0.8349 0.0803 0.23819999999999994 0.1605
7 0.2849 0.0184 0.13550000000000004 0.0368
7 0.32630000000000003 0.10329999999999999 0.17370000000000005 0.175
7 0.4388 0.11779999999999999 0.18549999999999997 0.1566
7 0.4086 0.2711 0.15129999999999996 0.14210000000000003
7 0.4296 0.1941 0.13290000000000007 0.07240000000000002
7 0.23879999999999998 0.3428 0.1592 0.18819999999999998
7 0.27699999999999997 0.28950000000000004 0.15130000000000002 0.15000000000000002
7 0.205 0.93 0.25 0.14
7 0.62 0.92 0.2 0.16
7 0.9079 0.9704 0.18419999999999986 0.05919999999999988