7 0.058600000000000006 0.2875 0.11710000000000001 0.22760000000000002
7 0.052000000000000005 0.6743000000000001 0.1039 0.28550000000000003
7 0.2526 0.6275999999999999 0.19469999999999998 0.2211
7 0.6289 0.6086 0.19210000000000002 0.2145
7 0.9586 0.6257 0.08289999999999999 0.2382
7 0.8118000000000001 0.3579 0.2263 0.25
7 0.9151 0.2697 0.1697 0.2289
7 0.8349 0.0803 0.2382 0.1605
7 0.2849 0.0184 0.1355 0.0368
7 0.32630000000000003 0.1033 0.17370000000000002 0.175
7 0.4388 0.11779999999999999 0.1855 0.1566
7 0.4086 0.2711 0.15130000000000002 0.1421
7 0.4296 0.1941 0.1329 0.0724
7 0.23879999999999998 0.3428 0.1592 0.1882
7 0.27699999999999997 0.2895 0.15130000000000002 0.15
7 0.20920000000000002 0.9349 0.2553 0.1303
7 0.6257 0.9211 0.2039 0.15789999999999998
7 0.9079 0.9704 0.18420000000000003 0.0592