7 0.092 0.1515 0.184 0.29100000000000004
7 0.5535 0.04 0.22699999999999998 0.08
7 0.8015000000000001 0.0955 0.213 0.191
7 0.9545 0.059500000000000004 0.091 0.11900000000000001
7 0.778 0.40149999999999997 0.132 0.149
7 0.306 0.623 0.248 0.27
7 0.4975 0.9155 0.24100000000000002 0.16899999999999998
7 0.044500000000000005 0.9605 0.08900000000000001 0.079
7 0.9384999999999999 0.633 0.12300000000000001 0.20800000000000002
7 0.9684999999999999 0.836 0.063 0.172
7 0.5435 0.41350000000000003 0.18100000000000002 0.193
7 0.654 0.4935 0.182 0.17300000000000001
7 0.6865000000000001 0.6125 0.177 0.165
7 0.5315 0.68 0.151 0.19399999999999998
7 0.66 0.762 0.222 0.18