7 0.092 0.15150000000000002 0.184 0.29100000000000004
7 0.5535 0.04 0.22700000000000004 0.08
7 0.8015000000000001 0.0955 0.2130000000000001 0.191
7 0.9545 0.059500000000000004 0.09099999999999994 0.11900000000000001
7 0.778 0.40149999999999997 0.1319999999999999 0.14900000000000005
7 0.306 0.623 0.24799999999999997 0.27
7 0.4975 0.9155 0.24099999999999994 0.16900000000000007
7 0.044500000000000005 0.9605 0.08900000000000001 0.07900000000000006
7 0.9384999999999999 0.633 0.12300000000000011 0.20800000000000005
7 0.9684999999999999 0.836 0.06300000000000011 0.17199999999999988
7 0.5435 0.41350000000000003 0.18100000000000008 0.19299999999999998
7 0.654 0.4935 0.18199999999999997 0.17299999999999996
7 0.6865000000000001 0.6125 0.17699999999999996 0.165
7 0.5315 0.68 0.15099999999999994 0.19400000000000006
7 0.66 0.762 0.22199999999999995 0.18