7 0.032 0.0555 0.064 0.111
7 0.11199999999999999 0.015 0.10199999999999998 0.03
7 0.4855 0.276 0.195 0.21200000000000002
7 0.8945000000000001 0.0705 0.21099999999999994 0.141
7 0.039 0.633 0.078 0.20400000000000007
7 0.1745 0.6785 0.18300000000000005 0.20900000000000005
7 0.2825 0.588 0.19299999999999998 0.22199999999999995
7 0.6575 0.59 0.20099999999999996 0.14599999999999994
7 0.6855 0.7075 0.21300000000000005 0.1269999999999999
7 0.6165 0.8504999999999999 0.16500000000000006 0.19300000000000012
7 0.7559999999999999 0.847 0.17400000000000004 0.2
7 0.0655 0.8290000000000001 0.131 0.19599999999999995
7 0.1265 0.8885 0.183 0.19300000000000012
7 0.40549999999999997 0.978 0.11299999999999998 0.04400000000000006
7 0.5525 0.9625 0.15099999999999994 0.075