7 0.032 0.0555 0.064 0.111
7 0.11199999999999999 0.015 0.102 0.03
7 0.4855 0.276 0.195 0.212
7 0.8945000000000001 0.0705 0.21100000000000002 0.141
7 0.039 0.633 0.078 0.204
7 0.1745 0.6785 0.183 0.209
7 0.2825 0.588 0.193 0.222
7 0.6575 0.59 0.201 0.146
7 0.6855 0.7075 0.213 0.127
7 0.6164999999999999 0.8504999999999999 0.165 0.193
7 0.7559999999999999 0.847 0.174 0.2
7 0.0655 0.8290000000000001 0.131 0.196
7 0.1265 0.8885 0.183 0.193
7 0.40549999999999997 0.978 0.113 0.044000000000000004
7 0.5525 0.9625 0.151 0.075