7 0.5359999999999999 0.055 0.21999999999999992 0.11
7 0.9665 0.047 0.06699999999999989 0.094
7 0.0795 0.4425 0.159 0.23099999999999996
7 0.267 0.475 0.19399999999999998 0.21799999999999997
7 0.397 0.3175 0.24200000000000002 0.23900000000000002
7 0.35450000000000004 0.7415 0.14700000000000002 0.155
7 0.281 0.8815000000000001 0.21200000000000002 0.17300000000000013
7 0.2755 0.9845 0.191 0.030999999999999944
7 0.581 0.589 0.22999999999999993 0.21799999999999997
7 0.818 0.48700000000000004 0.23400000000000007 0.17200000000000004
7 0.8134999999999999 0.6445000000000001 0.21900000000000006 0.16699999999999995
7 0.9815 0.5485 0.03699999999999989 0.18299999999999997