7 0.023 0.41350000000000003 0.046 0.231
7 0.332 0.474 0.19399999999999998 0.21
7 0.29350000000000004 0.11349999999999999 0.195 0.22699999999999998
7 0.4425 0.1485 0.141 0.213
7 0.5645 0.235 0.14300000000000002 0.21
7 0.6865000000000001 0.23800000000000002 0.133 0.204
7 0.6415000000000001 0.03 0.171 0.06
7 0.8215 0.08199999999999999 0.18899999999999997 0.16399999999999998
7 0.976 0.2555 0.048 0.191
7 0.794 0.632 0.192 0.242
7 0.41600000000000004 0.812 0.218 0.282
7 0.9335 0.6625 0.133 0.231
7 0.9235 0.9555 0.153 0.08900000000000001