7 0.6197 0.2651 0.15 0.19339999999999996
7 0.7651 0.3743 0.15659999999999996 0.21709999999999996
7 0.9355 0.5336 0.12890000000000015 0.20129999999999995
7 0.1993 0.4954 0.1671 0.2303
7 0.3013 0.5553 0.12630000000000002 0.17110000000000006
7 0.5539000000000001 0.48090000000000005 0.11579999999999999 0.16450000000000004
7 0.6046 0.5342 0.09609999999999999 0.15
7 0.6868000000000001 0.6401 0.15 0.16449999999999995
7 0.7842 0.6711 0.12629999999999997 0.17109999999999992
7 0.7012999999999999 0.7776000000000001 0.13680000000000006 0.18419999999999986
7 0.9098999999999999 0.85 0.1775999999999999 0.25259999999999994
7 0.425 0.6309 0.13159999999999997 0.15389999999999993
7 0.3934 0.7151000000000001 0.11049999999999997 0.16710000000000008
7 0.5025999999999999 0.7145 0.13159999999999997 0.1789000000000001
7 0.45659999999999995 0.8822 0.15260000000000004 0.20389999999999986
7 0.1697 0.9420999999999999 0.1711 0.11580000000000013