7 0.6197 0.2651 0.15 0.1934
7 0.7651 0.3743 0.1566 0.21710000000000002
7 0.9355 0.5336 0.12890000000000001 0.20129999999999998
7 0.1993 0.4954 0.1671 0.2303
7 0.3013 0.5553 0.1263 0.1711
7 0.5539000000000001 0.48090000000000005 0.1158 0.16449999999999998
7 0.6046 0.5342 0.09609999999999999 0.15
7 0.6868000000000001 0.6401 0.15 0.16449999999999998
7 0.7842 0.6711 0.1263 0.1711
7 0.7012999999999999 0.7776000000000001 0.1368 0.18420000000000003
7 0.9098999999999999 0.85 0.1776 0.2526
7 0.425 0.6309 0.1316 0.1539
7 0.3934 0.7151000000000001 0.1105 0.1671
7 0.5025999999999999 0.7145 0.1316 0.1789
7 0.45659999999999995 0.8822 0.15259999999999999 0.2039
7 0.1697 0.9420999999999999 0.1711 0.1158