7 0.3803 0.1191 0.11319999999999993 0.14079999999999998
7 0.3789 0.0395 0.1237 0.07889999999999998
7 0.502 0.1461 0.14079999999999998 0.17629999999999996
7 0.6526000000000001 0.0375 0.12370000000000005 0.075
7 0.223 0.2704 0.1118 0.16450000000000004
7 0.2507 0.3921 0.11969999999999999 0.16579999999999998
7 0.16510000000000002 0.5039 0.14079999999999998 0.18680000000000008
7 0.4178 0.31449999999999995 0.1303 0.17889999999999998
7 0.6895 0.3737 0.11580000000000006 0.18950000000000003
7 0.9053 0.4757 0.10259999999999991 0.16450000000000004
7 0.9658 0.3882 0.06840000000000003 0.16840000000000002
7 0.6645 0.7855 0.14740000000000003 0.19469999999999998
7 0.3796 0.9512999999999999 0.18820000000000003 0.0974000000000001