7 0.3803 0.1191 0.11320000000000001 0.1408
7 0.3789 0.0395 0.12369999999999999 0.0789
7 0.502 0.1461 0.1408 0.17629999999999998
7 0.6526000000000001 0.0375 0.12369999999999999 0.075
7 0.223 0.2704 0.1118 0.16449999999999998
7 0.2507 0.3921 0.1197 0.16579999999999998
7 0.16510000000000002 0.5039 0.1408 0.1868
7 0.4178 0.3145 0.1303 0.1789
7 0.6895 0.3737 0.1158 0.1895
7 0.9053 0.4757 0.1026 0.16449999999999998
7 0.9658 0.3882 0.0684 0.1684
7 0.6645 0.7855 0.1474 0.19469999999999998
7 0.3796 0.9512999999999999 0.1882 0.0974