7 0.17550000000000002 0.0625 0.175 0.125
7 0.442 0.228 0.14400000000000004 0.20199999999999996
7 0.102 0.312 0.14600000000000002 0.24600000000000002
7 0.019 0.5715 0.038 0.15100000000000002
7 0.298 0.7325 0.11600000000000002 0.15099999999999994
7 0.6195 0.75 0.16300000000000003 0.21599999999999994
7 0.41850000000000004 0.8715 0.13700000000000004 0.145
7 0.441 0.973 0.14599999999999994 0.054000000000000055
7 0.41100000000000003 0.63 0.15400000000000005 0.20800000000000005
7 0.235 0.6214999999999999 0.15200000000000002 0.1710000000000001
7 0.2735 0.45399999999999996 0.14700000000000002 0.18
7 0.2995 0.29 0.14100000000000001 0.16400000000000003