7 0.17550000000000002 0.0625 0.175 0.125
7 0.442 0.228 0.14400000000000002 0.20199999999999999
7 0.102 0.312 0.146 0.24600000000000002
7 0.019 0.5715 0.038 0.151
7 0.298 0.7325 0.11599999999999999 0.151
7 0.6195 0.75 0.163 0.21600000000000003
7 0.41850000000000004 0.8715 0.13699999999999998 0.145
7 0.441 0.973 0.146 0.054000000000000006
7 0.41100000000000003 0.63 0.154 0.20800000000000002
7 0.235 0.6214999999999999 0.152 0.171
7 0.2735 0.45399999999999996 0.147 0.18
7 0.2995 0.29 0.141 0.16399999999999998